A	-9.724837 -0.084637 1.153261 -0.586207 0.414008 -0.197289 1.311352 0.237970 -0.115954
C	-9.823917 -9.896786 -5.492283 -5.415278 -9.898991 -9.898024 -6.328327 -9.899335 -9.891616
D	-8.332334 -1.194255 -1.629349 0.075965 0.226703 -3.583473 -2.574202 -0.717259 -2.120834
E	-9.015489 1.121427 -0.111461 -0.590810 0.930486 -1.060096 0.531016 0.712150 -0.734846
F	2.862555 -0.854205 -0.058825 -0.929006 -2.284363 -5.642890 -2.349577 -1.868110 0.144668
G	-9.212310 -2.862207 -1.925023 -4.260503 -0.607239 -2.270918 -0.953065 -0.139229 -1.481799
H	-9.520094 -1.093879 -1.427169 -2.998862 -0.575839 -0.448268 -1.521564 -0.334491 -2.598429
I	1.534400 1.148765 1.679631 1.971045 -0.530377 0.292834 -0.096857 -0.141564 -1.154981
K	-9.265574 0.689761 -0.809964 -3.140062 0.824851 2.554756 -1.281372 0.861346 0.192538
L	0.957814 0.759579 1.096248 2.372172 -0.561107 -0.476390 1.696047 1.389875 0.209369
M	-2.936420 -2.755699 -0.670961 0.254693 -1.920997 -3.300409 -1.285755 -1.901990 -0.325048
N	-9.699311 -0.776543 -0.682446 1.616339 0.054637 -1.011710 1.701425 -0.687279 -2.448290
P	-6.174889 -9.504568 0.401600 -9.475389 1.180275 0.265158 -0.012947 0.389639 -6.199259
Q	-6.598931 0.110826 -0.673536 -0.739589 0.354960 -1.330501 0.774528 0.414367 -1.050192
R	-8.640283 0.934412 -1.093491 -6.321125 0.320540 1.873656 -0.321448 1.161707 3.050651
S	-9.732930 -0.267385 0.079194 -0.629416 0.628984 -0.665230 -0.199342 -0.046847 -0.796796
T	-9.270776 -0.001351 -0.124780 -0.857098 0.730076 0.772713 -0.760851 -0.396711 -3.671156
V	-1.039601 1.809554 1.149389 0.467327 0.296851 0.661237 0.406928 0.027378 -0.233227
W	0.202607 -3.731137 -2.430910 -2.669823 -4.808571 -9.890953 -3.685589 -4.117662 -9.887297
Y	2.603459 -0.675411 -0.069912 -3.862622 -1.512917 -9.821469 -2.208908 -0.553646 1.377912
