A	-4.618466 0.529165 1.368791 2.856687 0.525732 1.693899 0.972088 0.414090 0.404083
C	-9.696672 -5.155927 -4.701375 -9.705812 -4.322621 -6.246380 -9.705380 -5.272688 -4.646455
D	-9.625459 -1.301742 -2.407736 -5.098046 -0.620494 -1.474524 -0.719595 -0.825967 0.666048
E	-9.195370 0.660941 0.088747 -5.512952 0.744778 1.297321 0.773769 0.359492 0.279949
F	2.753369 -1.439363 -0.583597 -0.673338 -1.163449 -5.329484 0.057649 -0.929864 -0.118251
G	-8.274241 -1.252714 -0.308927 0.164748 -0.528765 0.897959 0.440655 -0.168314 -0.636607
H	-9.017255 0.486593 -0.678506 -0.478616 -0.430027 -1.791068 0.300969 -0.840371 -2.407212
I	1.075957 -0.266972 0.169494 -1.901289 -0.410923 -1.747962 -0.415261 0.201571 2.001082
K	-9.065684 0.937831 0.381828 -5.746792 0.923806 -2.090471 0.660741 0.588185 -2.754718
L	1.615040 0.528507 0.521734 -2.303166 -0.032678 -2.541072 0.540660 1.209279 1.578233
M	-1.150407 -1.910101 -0.923452 -4.542603 -2.491687 -3.258279 -1.755473 -2.154467 -1.506738
N	-9.515660 -0.073232 -0.613366 -4.754959 -0.696157 -0.194245 -0.092872 -0.577134 -2.147598
P	-9.463057 -9.582690 1.333034 -4.922991 0.501736 0.455096 -0.542151 1.548890 -1.972302
Q	-9.342341 0.455170 0.127084 -2.946836 0.391123 1.029926 0.655562 -0.437713 -0.725608
R	-9.428904 0.891250 0.171599 -9.659557 0.625731 -5.342819 0.139192 0.464821 -2.028369
S	-9.409499 0.904676 0.722265 2.917084 0.807416 1.698379 0.109419 0.181866 -0.651849
T	-9.310257 0.382242 -0.466074 0.034675 0.782739 1.127065 -0.406048 0.034219 -0.728053
V	0.457563 0.721486 -0.124399 -0.175224 0.661144 0.175927 0.042401 0.442333 1.583028
W	0.114999 -2.350008 -3.316304 -5.221677 -3.964320 -9.689938 -2.510089 -5.293280 -4.266466
Y	2.355682 -0.515979 -0.227108 -5.983377 -1.016565 -3.718142 -0.580349 -1.419484 -0.036100
