A	0.274134 1.018606 0.382368 0.314993 0.820250 1.802516 0.331728 0.727776 -0.064736
C	-10.473654 -10.496736 -5.095459 -3.517151 -5.564331 -4.601912 -6.889041 -5.681338 -5.341496
D	-3.547888 0.005498 -0.055372 2.216107 0.608556 0.253607 1.880678 0.118336 0.609725
E	-0.105812 1.160778 -1.574747 1.153170 1.606812 2.454434 2.380026 1.284550 1.269871
F	1.053487 -0.917761 -1.662670 -3.382834 -1.102868 -1.813175 -1.555511 -1.085607 0.686994
G	-2.618244 -0.775362 -1.393584 -1.665258 -0.549278 -1.236327 -0.715652 -0.900567 -1.488900
H	-2.528690 0.115377 -3.016009 -4.755598 -1.419283 -3.961980 -1.279725 -1.106107 -3.379467
I	1.981254 -0.191732 -1.502145 0.820714 -0.365808 -0.394532 -0.258864 0.004471 1.502076
K	-3.916271 0.180543 -3.299871 -10.029691 0.518215 -4.785812 -1.661164 0.454759 -2.308559
L	0.865189 0.065291 -1.488981 1.057540 0.242435 -0.408098 0.446828 0.760861 1.969639
M	-1.039815 -1.964173 -3.013803 -1.683502 -2.020633 -3.372329 -3.224369 -2.188996 0.128734
N	-5.394326 0.035568 -2.092389 -1.398087 -0.395249 -1.532867 0.006587 -0.453407 -2.588857
P	0.617915 -4.057687 -1.868574 -8.386913 0.050063 0.819341 -0.165716 0.997573 -2.693022
Q	-1.448595 -0.044949 -1.872784 -0.388223 -0.075097 -1.832909 0.066642 -0.269397 -0.851777
R	-3.932071 0.694377 -2.658024 -10.225919 -0.245256 -10.183956 -2.121499 0.678613 -1.054392
S	-1.669437 0.744654 2.676863 0.069257 0.654344 0.650597 -0.351925 0.207478 -1.037817
T	-0.526319 0.777500 2.800020 0.965451 0.662762 0.186850 -0.676955 -0.281807 -1.703182
V	1.954613 0.607541 -0.475816 1.590492 0.343485 1.154609 -0.108939 0.392269 0.910383
W	-0.961305 -3.051392 -3.309563 -5.237145 -4.503490 -10.174332 -5.188607 -3.633119 -2.100769
Y	0.724434 -0.946405 -1.012711 -8.415307 -1.239205 -4.319691 -1.620308 -0.953160 -0.490403
