A	0.633946 1.273778 1.988434 2.826713 1.284265 1.730001 1.615021 1.505932 2.614338
C	-6.798632 -5.684562 -3.318467 -2.273162 -7.050348 -9.204857 -8.229396 -4.678637 -4.361019
D	-1.197110 -1.538606 -1.323682 -3.886069 -0.727552 -0.985633 -1.368708 -0.893378 -0.325536
E	0.102236 0.763214 -0.499369 -3.602228 0.515646 -2.297396 0.384348 0.799253 -0.849919
F	-1.616711 -1.385971 -0.247245 -2.028558 -2.272186 -4.171431 -0.932378 -1.733968 -6.573566
G	-1.770840 -0.160556 2.187331 -0.926558 -1.333065 -3.222803 -2.019720 0.225685 1.872080
H	-2.075046 0.304308 -0.990704 -5.597700 -0.713322 -8.796603 0.104578 -1.077071 -3.182191
I	1.266709 -0.421314 -1.394183 0.876068 0.136428 1.761779 -0.605464 -0.568537 -2.104350
K	-4.290787 0.848266 -1.671752 -6.610557 1.331075 -6.185407 0.224463 0.747487 -3.524258
L	1.224917 -0.384670 -0.547535 -0.269453 0.244819 1.864541 0.716917 0.226782 -1.720926
M	-1.404779 -2.168421 -1.872214 -1.899954 -2.101388 -0.693290 -2.300477 -2.613238 -3.439828
N	1.923324 0.049330 -0.893963 -2.275744 -0.642392 -2.525154 -0.470429 -0.633981 -0.595071
P	-2.404910 -10.197204 0.388194 -10.112817 -1.232823 -0.000182 -1.102961 1.250040 -2.377957
Q	0.457993 0.239388 -0.341479 -3.872135 0.566338 -2.083704 1.282511 0.162581 0.703691
R	-7.191113 0.828354 -1.505197 -9.489571 0.446881 -9.838320 1.526510 0.498341 -5.693955
S	1.081094 0.952875 0.555793 1.855432 0.544881 -0.794372 -0.218857 0.549064 2.083751
T	-0.005722 0.802865 0.090799 0.896830 0.541091 0.362253 -1.241407 -0.328888 -0.965615
V	1.068616 -0.020525 -0.981805 1.610237 1.108959 2.283394 0.214990 -0.128721 -0.580906
W	-4.540271 -3.225016 -3.426489 -9.063484 -4.392301 -10.262676 -2.638429 -4.141195 -6.615519
Y	-1.803242 -0.496920 0.201714 -9.994177 -2.011995 -9.703445 -0.692833 -1.230350 -4.423786
