A	-1.273018	-0.635589	0.842459	-0.195016	-0.635589	1.171766	-0.195016	-1.273018	1.311944	-2.442943
C	-2.442943	-2.442943	-2.442943	-2.442943	-2.442943	-2.442943	-1.273018	-2.442943	-2.442943	-2.442943
D	0.142019	-2.442943	-0.195016	1.311944	1.171766	0.842459	-0.195016	-0.635589	-1.273018	-2.442943
E	-1.273018	-0.195016	1.016488	1.665581	1.171766	0.142019	-0.635589	0.644519	0.415037	-2.442943
F	0.142019	-2.442943	1.016488	-1.273018	0.142019	-1.273018	-1.273018	-2.442943	-1.273018	2.325241
G	-2.442943	-2.442943	-2.442943	-1.273018	0.415037	0.842459	0.842459	-0.195016	-0.195016	-2.442943
H	1.949374	-2.442943	-1.273018	-0.195016	0.415037	-2.442943	-0.635589	1.016488	-1.273018	-2.442943
I	0.644519	-2.442943	1.439700	-0.635589	0.142019	-0.195016	0.142019	1.016488	-1.273018	-2.442943
K	-2.442943	-2.442943	-2.442943	0.142019	0.142019	-0.195016	1.016488	0.142019	0.415037	-2.442943
L	1.439700	-2.442943	1.171766	0.142019	0.142019	0.842459	0.415037	0.644519	0.842459	0.142019
M	0.142019	-2.442943	-1.273018	-2.442943	-2.442943	-1.273018	-2.442943	-2.442943	-2.442943	-2.442943
N	-0.635589	-2.442943	-0.635589	-0.195016	-1.273018	-0.635589	-0.195016	-0.195016	-1.273018	-2.442943
P	-2.442943	3.919000	-2.442943	1.557057	1.439700	0.644519	1.171766	-0.635589	-1.273018	-2.442943
Q	-0.195016	-2.442943	-1.273018	-0.195016	-0.195016	-0.635589	0.142019	1.016488	0.415037	-2.442943
R	-2.442943	-2.442943	-1.273018	-1.273018	-2.442943	-0.635589	0.142019	-0.635589	-1.273018	-2.442943
S	0.644519	-2.442943	-0.635589	0.644519	-0.635589	-0.195016	0.415037	-0.195016	0.415037	-2.442943
T	-1.273018	-2.442943	-0.635589	-0.195016	-1.273018	0.142019	0.142019	1.171766	2.186413	-2.442943
V	0.415037	-1.273018	0.842459	-2.442943	0.415037	1.171766	0.415037	0.644519	0.142019	-2.442943
W	-2.442943	-2.442943	-0.635589	-2.442943	-2.442943	-2.442943	-2.442943	-2.442943	-2.442943	-2.442943
Y	0.842459	-2.442943	0.644519	-0.635589	-0.635589	-1.273018	-1.273018	-2.442943	-1.273018	3.427421
