A	0.381090	-1.426265	1.158698	-0.256340	-1.426265	0.381090	1.661198	0.381090	-0.256340	1.431716	-1.426265
C	-1.426265	-1.426265	-1.426265	-1.426265	-1.426265	-1.426265	-1.426265	-1.426265	-1.426265	-1.426265	-1.426265
D	0.821663	-1.426265	-1.426265	1.158698	1.158698	0.381090	0.821663	0.381090	0.821663	-1.426265	-1.426265
E	-1.426265	0.381090	-0.256340	1.158698	1.431716	1.158698	-1.426265	0.821663	0.381090	-1.426265	-1.426265
F	-0.256340	-1.426265	1.431716	-0.256340	-0.256340	-1.426265	-1.426265	-1.426265	-1.426265	-1.426265	1.431716
G	-1.426265	-1.426265	-1.426265	0.381090	-0.256340	1.158698	-0.256340	-0.256340	-1.426265	-0.256340	-1.426265
H	0.381090	-1.426265	-1.426265	-1.426265	-1.426265	-1.426265	-1.426265	-0.256340	0.821663	-1.426265	-1.426265
I	-0.256340	-1.426265	0.821663	-1.426265	-0.256340	-0.256340	1.158698	1.158698	-0.256340	-1.426265	-1.426265
K	-1.426265	-1.426265	-1.426265	-0.256340	0.381090	0.381090	0.821663	-1.426265	-1.426265	0.381090	-1.426265
L	1.661198	-1.426265	1.431716	0.381090	-1.426265	-0.256340	-0.256340	0.381090	1.431716	0.821663	0.381090
M	0.821663	-1.426265	-1.426265	-1.426265	-0.256340	-1.426265	-0.256340	-1.426265	-1.426265	-1.426265	-1.426265
N	-1.426265	-1.426265	-0.256340	-0.256340	0.381090	0.381090	-0.256340	-0.256340	0.381090	-1.426265	-1.426265
P	-1.426265	3.527932	-1.426265	1.431716	1.431716	0.821663	-1.426265	0.381090	-0.256340	-1.426265	-1.426265
Q	-1.426265	-1.426265	-1.426265	0.381090	0.381090	-1.426265	-0.256340	-1.426265	0.381090	0.821663	-1.426265
R	-1.426265	-1.426265	-0.256340	-1.426265	-1.426265	-0.256340	-0.256340	-1.426265	-0.256340	0.821663	-1.426265
S	0.821663	-1.426265	-1.426265	0.381090	0.381090	-0.256340	0.381090	0.821663	-1.426265	-1.426265	-1.426265
T	1.158698	-1.426265	-0.256340	-0.256340	-1.426265	0.821663	0.381090	1.158698	0.381090	1.859137	-1.426265
V	-0.256340	-0.256340	1.431716	-0.256340	-0.256340	-0.256340	-0.256340	0.381090	0.381090	0.821663	-1.426265
W	-1.426265	-1.426265	-1.426265	-1.426265	-1.426265	-1.426265	-1.426265	-1.426265	-0.256340	-1.426265	-1.426265
Y	-0.256340	-1.426265	-0.256340	-1.426265	-1.426265	-1.426265	-1.426265	-1.426265	-0.256340	-1.426265	3.274175
