A	-3.851749	-0.764286	-0.237039	-0.993768	-0.764286	0.623984	1.461134	-3.851749
C	-3.851749	-3.851749	-3.851749	-3.851749	-3.851749	-2.681824	-3.851749	-3.851749
D	3.125531	-2.044394	-3.851749	-3.851749	-2.681824	-0.764286	-2.044394	-3.851749
E	-0.096862	3.860778	-2.044394	0.981141	-2.681824	0.148251	0.623984	-3.851749
F	-1.603822	-1.266787	1.043069	-0.764286	0.030894	-0.566347	-3.851749	0.848691
G	-3.851749	-2.681824	-2.044394	-3.851749	-2.044394	-3.851749	-0.993768	-3.851749
H	0.256775	-3.851749	0.623984	-1.603822	-0.764286	1.632067	-0.566347	-2.044394
I	-0.096862	-3.851749	-0.392317	1.267192	1.214340	-0.993768	-0.392317	-0.993768
K	-3.851749	-3.851749	-0.566347	0.702840	-0.392317	-0.566347	0.848691	-0.764286
L	0.916435	-3.851749	1.267192	2.297998	1.415037	-0.993768	0.540568	3.617893
M	-1.266787	-3.851749	-0.096862	-3.851749	-2.681824	-3.851749	-2.044394	-0.237039
N	0.256775	-3.851749	0.452032	-0.566347	-0.764286	0.030894	-3.851749	-3.851749
P	-2.681824	0.916435	-2.681824	0.030894	-2.681824	1.955606	-2.044394	-3.851749
Q	-2.044394	0.148251	-1.266787	-0.764286	-0.764286	0.777608	0.148251	-3.851749
R	-3.851749	-3.851749	1.923038	0.452032	-1.266787	-0.237039	0.702840	-2.681824
S	-0.764286	-2.681824	-2.044394	-2.044394	0.030894	-0.566347	0.540568	-3.851749
T	0.030894	-3.851749	-0.566347	-0.566347	0.916435	0.030894	0.452032	-3.851749
V	-0.237039	-3.851749	1.102447	1.318176	2.636091	0.357704	1.889718	-0.566347
W	-3.851749	-3.851749	-0.993768	-3.851749	-3.851749	-2.044394	-3.851749	-3.851749
Y	0.148251	-2.681824	-0.237039	-2.044394	-1.603822	-1.603822	-2.044394	1.102447
