A	-0.658693	1.227517	0.882382	0.223126	-0.239609	-0.366242	-0.068337	1.723555	-1.674995
C	-5.134426	-5.134426	-5.134426	-5.134426	-5.134426	-3.327071	-3.964501	-2.549464	-5.134426
D	2.139369	-3.327071	0.389136	1.040499	0.389136	-1.134426	-0.742109	-1.251783	-5.134426
E	-0.015485	2.150976	-1.134426	1.953037	0.223126	-0.658693	0.882382	0.796311	-5.134426
F	-0.366242	-0.924973	1.431628	-2.046963	0.704777	-0.301536	-2.046963	-1.519716	2.725108
G	-3.964501	-3.327071	-1.849024	-0.123199	-0.301536	-1.379539	-3.327071	-1.025902	-5.134426
H	1.353414	-3.964501	0.132360	-1.379539	-0.658693	-0.301536	1.205424	-0.658693	-1.519716
I	0.084742	-3.964501	0.266453	-0.015485	0.825576	1.450536	0.465487	-1.251783	-1.849024
K	-2.046963	-5.134426	-1.674995	-0.015485	-0.068337	0.349389	-1.025902	0.672929	-2.046963
L	1.065246	-2.549464	1.015321	0.349389	1.137037	1.160194	0.882382	-0.301536	2.196491
M	-1.849024	-2.549464	-2.046963	-3.964501	-2.886499	-3.327071	-2.886499	-5.134426	-2.046963
N	0.607041	-3.964501	-0.015485	-0.505070	0.132360	-0.433987	-0.742109	-0.830646	-5.134426
P	-5.134426	3.247117	-2.046963	1.559061	0.178457	1.113501	0.132360	-1.519716	-5.134426
Q	-1.251783	-2.046963	-0.658693	0.223126	-0.180230	0.266453	0.223126	-0.180230	-5.134426
R	-0.830646	-2.046963	-1.379539	-0.924973	-0.123199	-0.433987	0.084742	-0.068337	-3.327071
S	-0.068337	-2.046963	-0.015485	-0.123199	0.178457	-0.239609	-0.433987	1.610408	-5.134426
T	0.766440	-2.549464	-0.180230	-0.924973	-1.025902	0.178457	0.537999	1.205424	-5.134426
V	-0.366242	-0.239609	1.353414	0.132360	1.015321	1.333179	1.659990	0.735938	-1.251783
W	-5.134426	-3.964501	-0.924973	-3.964501	-2.549464	-3.964501	-2.549464	-5.134426	-2.549464
Y	-0.180230	-0.742109	0.389136	-3.964501	-0.579837	-1.849024	-0.742109	-2.046963	2.685753
