A	-0.540514 0.472078 1.088087 -1.074894 0.221154 0.654502 0.664179 0.628486 0.582982
C	-5.851229 -4.957522 -4.772470 -5.488392 -4.463498 -5.651907 -4.508328 -5.004865 -5.036448
D	-1.301806 -0.774128 0.810675 -3.046442 0.366178 3.244083 0.858933 -0.436647 2.454587
E	0.507672 0.696001 0.388908 -2.650714 1.316030 0.407514 1.275329 1.426673 2.352951
F	-1.562244 -0.452080 0.094760 2.722484 -0.891161 -6.614591 -0.822003 -0.578357 -3.453384
G	-1.440412 -0.597260 0.709464 -3.733753 -1.080564 -2.176003 -1.674144 -0.967600 0.133748
H	-1.817267 -0.195979 -0.185540 -1.962846 -1.161860 -6.137179 0.139600 -0.813327 -1.623052
I	2.103148 -0.259264 -0.170228 0.299514 0.283028 0.114500 -0.147998 -0.808296 -0.936994
K	-2.579703 0.918307 -1.591597 -9.124550 0.759251 -9.092025 -0.958191 0.663977 -3.185175
L	1.790422 0.084328 -0.311152 0.236340 0.452349 0.033249 -0.088666 0.639193 0.250222
M	-1.106100 -2.584491 -2.523645 -1.100150 -3.506494 -3.619838 -2.561309 -2.099321 -2.308116
N	0.755300 -0.197137 -0.776701 -3.934380 -0.506283 0.412764 0.199057 -0.252264 -1.573106
P	-1.937724 -4.506163 -0.362295 -8.857173 0.065785 -1.041910 1.458791 0.817219 -3.613142
Q	0.051018 0.129702 0.246325 -3.718164 0.297398 -4.122268 0.231221 -0.152696 -0.288889
R	-1.918017 1.488793 -0.701567 -9.182207 0.311047 -5.870030 -0.632285 0.359148 -1.388303
S	0.049068 0.224179 0.987853 -2.422876 0.219455 -0.300079 0.144858 0.380938 0.074168
T	-0.511464 0.446510 0.085830 -2.765050 0.585853 0.072131 -0.330458 -0.194179 -1.372266
V	1.282499 0.917450 -0.522178 -0.279028 0.635701 0.496904 0.303854 0.432581 0.126936
W	-3.247551 -2.697312 -1.959610 1.736761 -2.886282 -9.170722 -2.231075 -2.661290 -9.265199
Y	-0.821498 -0.380893 0.872313 2.256443 -0.710010 -8.765280 -0.822447 -0.266160 -2.368042
