A	0.374896 0.332778 -3.631195 0.718002 1.461361 0.519165 0.729190 2.410200 1.557846
C	-3.724253 -4.571826 -8.456159 -5.230338 -4.345761 -3.847387 -4.525324 -3.159911 -8.358537
D	0.464311 0.225082 -3.847607 -0.874518 -1.808437 -0.106486 -0.003458 0.711093 -1.682668
E	0.910714 1.192522 -3.498120 0.463957 -1.524367 1.047580 0.768455 -0.281990 0.791487
F	-1.677103 -1.229531 1.335792 -1.068538 0.214354 0.782226 -1.898522 -0.180750 -0.799963
G	1.163924 -0.182452 -5.589883 -2.054944 0.112238 -3.109770 -0.922965 0.306589 -2.277002
H	-0.591062 -1.175273 -4.646477 0.050325 -0.548442 -1.999665 -0.546127 -3.792117 0.367756
I	-1.488390 -0.235637 2.488736 0.316257 0.853844 0.630536 -0.478226 -0.974381 -0.118884
K	1.397945 1.014141 -3.063438 1.100399 -0.877378 -6.067698 1.443161 -2.564930 -0.406434
L	-1.106579 -0.167614 1.344431 -0.014890 -0.058491 1.053000 0.082198 -1.497356 0.684862
M	-2.095247 -2.211993 -1.779125 -4.222743 -1.240929 -1.272967 -2.155123 -3.200791 -2.715850
N	0.360524 -0.328569 -4.590766 -0.271928 -1.090115 1.076094 -0.392436 0.830015 0.471579
P	0.601135 -0.086437 -2.979335 -8.350726 -0.409845 -4.037746 0.921331 0.569617 0.866633
Q	0.048858 0.040741 -4.145284 0.184204 -0.765847 -1.211946 0.254011 -2.018738 0.372928
R	1.029573 0.793621 1.858832 1.542060 -0.332887 -7.929527 0.107559 -3.425841 -0.187474
S	0.093441 0.233770 -4.154380 0.090802 0.984858 -0.392239 0.316347 1.460155 0.363097
T	-0.594613 0.297785 -2.974471 0.431929 0.258362 0.079391 0.619223 -0.151824 -0.918889
V	-0.694938 0.819761 0.768856 0.996512 0.669230 0.077968 0.349488 0.491114 0.574545
W	-6.252858 -2.148353 -0.862208 -6.763639 -1.019533 -0.543127 -3.005662 -4.359881 -3.238084
Y	-2.158416 -0.683975 1.214834 -0.119858 1.029205 1.677522 -1.777532 -3.763410 -0.492436
