A	-5.394751 0.496663 1.049171 1.366610 0.216573 -2.818899 0.829759 0.451674 0.518970
C	-9.203880 -9.203895 -4.694882 -4.161627 -5.663688 -9.191844 -4.579829 -6.581925 -3.532584
D	-9.172544 -0.861343 -1.932460 -0.843697 1.384669 -3.476219 -0.892623 -0.740924 -1.801873
E	-8.912590 0.658777 -0.318549 -1.415807 1.562562 -1.960598 0.927535 0.728203 -1.069627
F	-0.671651 -1.023152 -0.308380 -3.394293 -1.542694 -9.100615 -1.197051 -1.391062 -0.844209
G	-8.113793 -2.075629 -1.447800 -3.639445 -0.549793 -4.288755 0.089205 -0.081028 -2.092402
H	-9.188168 -0.863499 -2.407005 -1.883092 -1.209168 -1.194334 -1.900007 -0.524197 -4.046063
I	3.275588 0.918084 1.524234 0.993983 -0.170374 -2.505083 -0.255928 -0.165981 0.820335
K	-9.135917 0.666624 -0.364054 -3.389410 0.669792 2.858331 -1.128762 0.945665 -9.119976
L	2.549822 0.808420 1.056903 0.910005 -0.528120 -4.093202 1.755101 1.139129 2.488813
M	-0.863761 -2.612433 -0.734400 -3.341452 -2.540970 -9.193666 -1.552283 -1.714340 -1.226409
N	-4.898077 -0.492164 -0.801239 0.686173 -0.530677 -2.542220 1.516227 -0.681807 -1.874434
P	-9.032824 -5.932779 0.657499 -9.157172 0.490728 -1.705919 -0.909938 0.145106 -4.451056
Q	-8.706217 0.192060 -0.297715 -1.873884 0.281823 -3.995764 0.468982 0.557919 -1.618491
R	-9.124798 0.916539 -0.526834 -9.035540 -0.105337 3.271614 -1.522832 0.850265 -1.938243
S	-9.045252 0.105150 0.399237 2.367142 0.515141 -2.608220 0.699418 0.407329 -0.964562
T	-8.945186 0.160567 -0.198355 0.634227 0.178797 -0.539998 -0.300612 0.062774 -0.849061
V	1.649579 1.706924 1.069867 1.718605 0.286493 -1.064085 -0.192167 0.071573 2.684549
W	-9.200336 -5.463123 -2.144737 -9.159734 -2.715456 -9.203109 -3.402440 -4.241985 -9.183419
Y	-3.963271 -0.863635 -0.064721 -4.944358 -1.867310 -9.182359 -1.215412 -0.884189 -0.612536
