A	-0.364214 -0.322040 1.524184 1.921459 -0.307048 0.949326 0.381839 1.166253 1.921543
C	-7.212646 -7.200916 -1.372670 -1.780433 -7.156378 -7.169257 -7.212595 -7.215195 -7.215143
D	-1.591284 -1.432338 -2.192276 -2.408512 0.527827 3.315102 0.910960 -2.028357 0.854931
E	0.193623 1.013927 -1.820392 -2.888434 0.475413 -0.466381 0.810986 1.474431 -0.607907
F	0.685366 -1.304719 0.948598 0.795850 -1.883380 -2.146602 -1.970809 -0.439324 -6.893548
G	-1.546734 -1.951920 -0.072525 -2.060975 -1.236524 -3.593504 -2.462711 -0.358591 1.345510
H	-0.248276 0.513745 -0.763190 -1.206755 -0.211087 -5.653796 0.012612 -0.954630 -2.308630
I	1.396686 0.148643 -1.171888 1.465661 0.622850 -0.611698 -0.304544 -1.112643 -0.766397
K	-2.210069 0.726181 -5.411195 -7.038677 1.303541 -3.171883 -1.034284 -0.293628 -6.007539
L	0.616115 -0.843407 -0.495260 1.542585 0.409203 0.003666 0.677228 -0.286776 -0.447607
M	-1.879627 -3.682274 -0.987686 -7.093058 -7.197583 -2.065219 -3.101888 -2.848120 -2.565649
N	0.708106 0.102201 -2.121800 -2.880553 -1.156794 -6.365695 -0.795484 0.461901 0.001393
P	-2.153812 -7.192450 -1.918595 -7.205346 -0.687358 0.222167 1.337334 1.626748 -6.457741
Q	0.540093 0.002358 -0.839286 -1.055124 -0.066678 -7.100400 0.527819 -0.372584 0.559308
R	-1.667988 1.036820 -1.928787 -7.008810 0.492788 -2.378436 0.246880 0.510855 -1.338871
S	0.455664 0.386354 1.232341 0.494106 0.658059 -0.877288 0.102322 -0.269867 2.234035
T	-0.467003 1.309956 1.711372 -0.516813 0.914261 -0.301678 0.195038 0.357444 -0.896942
V	0.848301 1.019076 -0.532533 1.922898 1.271952 1.198683 0.917183 0.222456 0.428901
W	-0.898436 -0.671141 -2.200435 -2.220076 -3.941939 -6.256957 -1.709009 -7.209359 -7.205227
Y	1.160998 -0.435066 1.693971 -0.409209 -3.712434 -7.004068 -1.142939 -0.977145 -7.081296
