A	-2.291366 0.527000 0.781826 0.243801 0.387949 -0.402592 0.330866 0.309167 0.754911
C	-9.444796 -4.978873 -6.015433 -9.444738 -9.439076 -5.514336 -4.565362 -9.440960 -4.230896
D	-3.073371 -0.101372 -0.612311 0.881549 0.519518 -8.591607 -1.854503 0.128523 0.156583
E	-1.430789 1.458393 -0.647440 2.971446 1.314070 -2.915864 1.768299 1.508216 0.210977
F	-2.945573 -0.373817 0.556670 -3.722153 -0.604871 3.121947 -2.937381 -2.601159 2.053925
G	-3.579839 -1.819628 0.678647 -1.226652 -1.250653 -4.997730 -1.619306 -0.811072 -1.223812
H	-2.863924 -1.849274 -2.017429 -3.115635 -1.120031 -4.449290 -2.868534 -1.296219 -1.988378
I	-2.850897 0.504165 0.412398 0.230183 0.181891 -0.142220 0.194665 -1.139713 0.207503
K	3.825281 -0.024628 -2.121235 -3.688264 0.180026 -7.638620 0.157186 1.693819 -1.824525
L	-1.952959 1.394119 1.267296 -0.775965 1.512874 1.725061 2.705332 0.081192 1.063130
M	-5.166137 -1.011158 -0.246129 -4.355444 -1.082084 -0.416127 -2.143794 -3.044865 -0.515410
N	-2.326268 -1.385021 -0.963054 -0.867547 0.047784 -5.516342 -0.127107 0.493354 -0.525604
P	-4.805300 -3.597278 -1.395337 -1.633416 0.078593 -2.596913 -3.694456 -0.070791 -1.269484
Q	-1.672257 0.241369 -0.583372 -0.029444 0.318015 -2.262407 0.469744 0.133372 -1.234044
R	1.745384 -0.118323 -2.443623 -6.619656 -0.822248 -8.982493 -0.656226 0.626125 -2.582457
S	-3.290163 -0.524612 0.872143 0.689072 -0.070682 -2.948960 -0.746805 0.707378 0.501620
T	-4.006153 0.500496 -0.145519 0.924659 -0.093571 -7.928388 -1.161879 -0.041794 0.341246
V	-2.258508 1.157742 0.990486 0.282048 0.223647 0.100526 0.317631 -0.333476 0.637901
W	-7.628547 -1.781603 -0.414295 -5.887567 -4.130123 -0.113352 -8.955936 -3.291115 -2.514794
Y	-3.762066 -0.343432 0.702335 -5.419359 -0.683085 1.490344 -3.150872 -1.681946 -0.298226
