A	-0.301170	2.000000	-2.108524	-0.301170	0.978938	0.749457	-0.301170	-0.301170	-0.301170	-2.108524
C	-2.108524	-2.108524	-2.108524	-2.108524	-2.108524	-2.108524	-2.108524	-2.108524	-2.108524	-2.108524
D	-2.108524	-0.938599	3.822213	1.350907	-0.301170	0.139403	-2.108524	-0.938599	0.476438	-2.108524
E	-2.108524	-2.108524	-0.301170	0.978938	0.476438	0.476438	0.749457	0.476438	-0.301170	-2.108524
F	2.100929	2.195256	-2.108524	-0.938599	-2.108524	-2.108524	-0.938599	-0.938599	-0.301170	2.845672
G	-2.108524	-2.108524	-2.108524	0.749457	1.176878	0.978938	0.139403	-2.108524	-0.301170	-2.108524
H	-2.108524	-2.108524	-2.108524	-2.108524	-0.938599	0.139403	0.749457	0.139403	-0.301170	-2.108524
I	1.774119	0.978938	-2.108524	-0.938599	-0.938599	0.978938	-0.938599	0.139403	-0.301170	-0.938599
K	-0.301170	-2.108524	-2.108524	-0.938599	-2.108524	-2.108524	-0.301170	0.139403	-0.938599	-2.108524
L	0.139403	-0.938599	-2.108524	-0.301170	0.476438	0.139403	0.476438	0.139403	1.774119	2.786293
M	-2.108524	-2.108524	-2.108524	-0.301170	-2.108524	-2.108524	-2.108524	-0.938599	-0.301170	0.139403
N	-0.301170	-2.108524	-2.108524	-0.938599	-0.301170	-0.301170	-0.938599	0.476438	0.139403	-2.108524
P	-2.108524	-2.108524	-0.301170	2.000000	1.646363	-0.301170	1.646363	-0.938599	-0.938599	-2.108524
Q	-2.108524	-2.108524	-2.108524	-0.938599	-0.938599	-0.301170	-2.108524	-0.938599	-0.938599	-2.108524
R	-2.108524	-2.108524	-2.108524	-2.108524	-0.301170	-2.108524	0.476438	-0.301170	0.476438	-2.108524
S	-0.938599	-0.301170	-0.938599	-0.301170	-0.301170	0.749457	0.749457	-0.301170	0.476438	-2.108524
T	-2.108524	1.646363	-2.108524	0.749457	0.476438	1.176878	-0.301170	0.978938	0.749457	-2.108524
V	2.195256	0.476438	-2.108524	0.139403	0.978938	0.749457	1.176878	2.100929	0.749457	-0.938599
W	-2.108524	-2.108524	-2.108524	-2.108524	-2.108524	-2.108524	-2.108524	-0.938599	-2.108524	-0.938599
Y	0.139403	-0.938599	-2.108524	-2.108524	-0.938599	-2.108524	-0.938599	-0.938599	-2.108524	-2.108524
