A	-0.754888	0.415037	-0.754888	-0.754888	0.415037	-0.754888	-0.754888	0.415037	-0.754888	-0.754888	-0.754888
C	-0.754888	-0.754888	-0.754888	-0.754888	-0.754888	-0.754888	-0.754888	-0.754888	-0.754888	-0.754888	-0.754888
D	-0.754888	-0.754888	3.000000	-0.754888	0.415037	-0.754888	-0.754888	-0.754888	-0.754888	1.052467	-0.754888
E	-0.754888	-0.754888	0.415037	1.052467	1.052467	-0.754888	-0.754888	-0.754888	-0.754888	-0.754888	-0.754888
F	2.103093	1.493040	-0.754888	-0.754888	-0.754888	-0.754888	-0.754888	-0.754888	1.052467	-0.754888	1.493040
G	-0.754888	-0.754888	-0.754888	1.052467	1.052467	-0.754888	0.415037	-0.754888	-0.754888	-0.754888	-0.754888
H	-0.754888	-0.754888	-0.754888	-0.754888	-0.754888	0.415037	-0.754888	0.415037	-0.754888	0.415037	-0.754888
I	1.493040	0.415037	-0.754888	-0.754888	-0.754888	-0.754888	0.415037	1.493040	1.493040	-0.754888	-0.754888
K	-0.754888	-0.754888	-0.754888	-0.754888	-0.754888	0.415037	-0.754888	0.415037	-0.754888	0.415037	-0.754888
L	-0.754888	-0.754888	-0.754888	1.052467	-0.754888	1.052467	0.415037	-0.754888	1.052467	1.830075	2.332575
M	-0.754888	-0.754888	-0.754888	-0.754888	-0.754888	-0.754888	0.415037	-0.754888	-0.754888	-0.754888	-0.754888
N	0.415037	-0.754888	-0.754888	-0.754888	-0.754888	0.415037	-0.754888	-0.754888	1.052467	-0.754888	-0.754888
P	-0.754888	-0.754888	-0.754888	1.493040	0.415037	0.415037	1.052467	1.052467	-0.754888	-0.754888	-0.754888
Q	-0.754888	-0.754888	-0.754888	-0.754888	0.415037	0.415037	-0.754888	-0.754888	-0.754888	-0.754888	-0.754888
R	-0.754888	-0.754888	-0.754888	-0.754888	-0.754888	-0.754888	0.415037	0.415037	-0.754888	0.415037	-0.754888
S	-0.754888	-0.754888	-0.754888	-0.754888	1.493040	0.415037	1.052467	0.415037	0.415037	-0.754888	0.415037
T	0.415037	1.830075	-0.754888	-0.754888	-0.754888	1.052467	0.415037	-0.754888	0.415037	-0.754888	-0.754888
V	-0.754888	-0.754888	-0.754888	1.052467	-0.754888	0.415037	0.415037	0.415037	-0.754888	-0.754888	-0.754888
W	-0.754888	-0.754888	-0.754888	-0.754888	-0.754888	-0.754888	-0.754888	-0.754888	-0.754888	-0.754888	-0.754888
Y	0.415037	1.052467	-0.754888	-0.754888	-0.754888	-0.754888	-0.754888	-0.754888	-0.754888	1.052467	0.415037
