A	0.408085	2.571023	-3.700440	0.299560	0.603341	0.299560	-1.893085	-3.700440
C	-3.700440	-3.700440	-3.700440	-3.700440	-3.700440	-3.700440	-1.893085	-3.700440
D	-3.700440	-3.700440	4.174542	0.299560	-3.700440	-3.700440	-0.612977	-3.700440
E	-3.700440	-3.700440	-1.115477	0.775294	0.691878	-1.115477	0.182203	-3.700440
F	2.138764	-0.085730	-3.700440	0.182203	0.509014	-1.452512	1.132450	1.742504
G	-3.700440	-2.530515	-3.700440	0.854149	-1.893085	-0.612977	-2.530515	-3.700440
H	-1.115477	-3.700440	-3.700440	-1.115477	1.067745	-1.115477	-0.085730	-3.700440
I	0.854149	1.612443	-3.700440	-0.415037	0.182203	1.067745	-0.612977	0.299560
K	-1.893085	-3.700440	-3.700440	0.691878	-2.530515	-3.700440	1.365649	-3.700440
L	0.299560	-1.115477	-3.700440	0.691878	-0.241008	-0.842459	1.418501	3.573356
M	-1.115477	-3.700440	-3.700440	-2.530515	-1.893085	-1.452512	-1.115477	-2.530515
N	-0.415037	-1.452512	-3.700440	-0.415037	-3.700440	-2.530515	-0.842459	-3.700440
P	-3.700440	-3.700440	-2.530515	-1.115477	1.700440	-1.452512	-3.700440	-3.700440
Q	-1.893085	-3.700440	-3.700440	-0.842459	-1.452512	0.603341	-0.842459	-3.700440
R	-1.452512	-3.700440	-3.700440	0.054448	-0.415037	-3.700440	1.194378	-3.700440
S	-0.085730	0.603341	-3.700440	0.182203	-0.415037	0.299560	-0.842459	-3.700440
T	-0.415037	1.823122	-3.700440	0.299560	-0.085730	0.928917	-0.842459	-3.700440
V	2.169925	1.612443	-3.700440	1.067745	1.971986	2.865614	0.054448	1.067745
W	-3.700440	-2.530515	-3.700440	-2.530515	-3.700440	-2.530515	-1.893085	-3.700440
Y	1.000000	-3.700440	-3.700440	-0.415037	-1.452512	-0.241008	1.067745	-2.530515
