A	0.429988	2.525303	-3.362570	0.000000	0.571542	0.000000	0.874469	-1.169925	-5.169925
C	-4.000000	-4.000000	-5.169925	-5.169925	-5.169925	-4.000000	-4.000000	-2.311944	-5.169925
D	-4.000000	-5.169925	4.018664	0.954196	-0.960472	-2.082462	-1.884523	-1.555215	-5.169925
E	-4.000000	-4.000000	0.669279	1.317915	-0.275107	0.230954	-0.615336	0.429988	-5.169925
F	1.608152	1.807355	-5.169925	0.049244	-0.158698	-1.555215	-1.710493	0.818760	2.319923
G	-2.921997	-2.311944	-4.000000	0.230954	0.273018	-0.275107	-1.555215	-1.710493	-5.169925
H	-0.694192	-5.169925	-5.169925	-1.884523	-0.158698	-1.555215	-0.158698	0.669279	-5.169925
I	1.124696	0.313891	-4.000000	0.187627	0.730942	1.376969	0.700440	-1.061401	0.187627
K	-0.401741	-5.169925	-5.169925	-0.866144	0.273018	-0.275107	-1.884523	0.429988	-4.000000
L	0.429988	-0.540568	-4.000000	0.901537	0.818760	0.760812	0.429988	1.574909	3.269906
M	-0.960472	-2.584963	-5.169925	-2.584963	-2.584963	-2.311944	-1.555215	-0.866144	0.429988
N	-0.337035	-4.000000	-5.169925	-0.694192	-0.694192	-1.710493	-0.401741	-0.615336	-5.169925
P	-5.169925	-5.169925	0.571542	1.703519	0.353637	1.863498	-0.777608	-2.921997	-5.169925
Q	-1.710493	-2.921997	-4.000000	-1.415037	-0.337035	-0.866144	-1.061401	-0.694192	-5.169925
R	-0.615336	-5.169925	-5.169925	-1.555215	0.273018	-0.960472	-0.401741	0.669279	-4.000000
S	0.537434	0.187627	-5.169925	0.049244	-0.215729	-0.615336	0.571542	-0.215729	-5.169925
T	0.049244	1.969626	-5.169925	-0.615336	0.353637	0.000000	1.147488	0.313891	-5.169925
V	1.778442	0.760812	-5.169925	0.669279	1.357552	1.917538	2.388496	0.700440	1.078003
W	-4.000000	-1.884523	-5.169925	-4.000000	-2.921997	-5.169925	-3.362570	-1.884523	-2.311944
Y	1.078003	-0.050984	-4.000000	-1.287282	-0.694192	-2.082462	-1.169925	0.730942	-2.921997
