A	-2.576051 0.441721 1.347632 -0.441552 0.068605 1.742843 0.751906 0.565777 1.670559
C	-8.202653 -6.862129 -4.193819 -4.662932 -7.123365 -6.343151 -4.811363 -10.143823 -3.436657
D	-2.987655 -1.026082 -0.452637 -2.830448 0.360654 2.256811 -0.468579 -0.594395 0.158699
E	-1.459155 0.558352 -0.162987 -0.938536 0.572352 -0.532929 1.095965 0.418846 -0.262493
F	0.749452 -1.064242 0.075368 1.740159 -1.465181 -5.515853 -0.423673 -0.963993 -1.388340
G	-3.280848 -1.342810 0.404312 -3.888413 -0.871100 1.079347 -1.137826 -0.146745 0.550587
H	-2.994820 0.070084 -0.472137 -3.017936 -0.442320 -5.359224 0.353448 -0.475515 -2.840873
I	2.932768 0.314444 0.689560 0.962031 -0.183812 -1.558814 -0.062927 -0.471921 0.780785
K	-2.377963 1.016938 -1.199454 -9.058783 1.405883 -4.918054 -0.742217 0.823358 -2.878907
L	1.869682 0.291622 0.029361 2.378112 -0.661250 -2.477195 0.188968 1.138814 1.854714
M	-1.475278 -3.390272 -1.273392 0.053478 -2.659427 -5.345292 -2.445175 -3.326992 -1.602420
N	-1.625008 -0.441145 -0.537483 -3.702108 -0.260491 1.344124 0.830948 -0.181909 -1.603130
P	-3.440624 -5.397728 0.229448 -6.512024 0.850724 0.180240 1.173588 1.189717 -3.270996
Q	-2.190260 0.233341 0.012815 -1.487241 0.396736 -3.582875 0.586937 0.043006 -0.971844
R	-5.009979 1.440963 -0.691033 -7.871974 0.501891 -6.255537 -0.308255 0.630583 -1.467127
S	-2.242130 0.156477 0.807028 -3.517052 0.515208 1.486869 0.162893 0.155210 0.566482
T	-2.692901 0.412407 0.000698 -3.007640 0.663822 0.042586 -1.123377 -0.239914 -0.796385
V	1.586933 1.127977 0.220246 -0.026208 0.341829 -0.266673 0.222426 0.282931 1.732842
W	-2.221516 -2.358470 -1.444938 0.429906 -3.109299 -10.113677 -1.635988 -4.131579 -5.595564
Y	0.418263 -0.548096 0.510018 1.946469 -1.184438 -9.996306 -0.615734 -0.696012 -1.824004
