A	-0.329308	-1.807355	-0.756729	0.493815	0.267933	0.594744	1.339486	0.267933	0.140178	-3.614710
C	-3.614710	-3.614710	-3.614710	-3.614710	-3.614710	-3.614710	-3.614710	-2.444785	-3.614710	-3.614710
D	-3.614710	-3.614710	1.504231	0.594744	-0.329308	-1.029747	-3.614710	-1.807355	-1.807355	-3.614710
E	-2.444785	-2.444785	-1.807355	0.939879	0.385290	-0.527247	-0.756729	-0.527247	0.267933	-3.614710
F	0.267933	2.429684	0.267933	-1.366782	-0.000000	-1.029747	-0.155278	-0.756729	0.140178	1.014647
G	-2.444785	-0.329308	-1.366782	0.493815	0.777608	1.014647	0.777608	-1.366782	-1.366782	-3.614710
H	-0.756729	-1.366782	-2.444785	-1.029747	-0.756729	-1.029747	-0.329308	-0.756729	-0.756729	-3.614710
I	-3.614710	0.267933	-0.329308	-2.444785	-0.155278	-0.329308	0.140178	1.339486	-0.155278	-2.444785
K	2.656753	-3.614710	-1.366782	0.939879	0.140178	0.861024	-0.000000	-3.614710	0.267933	-3.614710
L	-1.366782	2.021915	-1.029747	0.140178	1.504231	0.689071	-0.329308	1.698173	1.985203	3.990770
M	-2.444785	-0.000000	-3.614710	-1.807355	-2.444785	-1.366782	-3.614710	-1.807355	-1.807355	-1.807355
N	-1.807355	-3.614710	-2.444785	-0.527247	-0.527247	-1.807355	-0.329308	-0.756729	-1.029747	-3.614710
P	-2.444785	-1.366782	3.404881	1.985203	1.085730	1.947533	1.908852	0.493815	-3.614710	-3.614710
Q	-1.807355	-0.756729	-1.807355	-0.756729	-0.329308	-0.527247	-0.155278	-0.527247	-0.756729	-3.614710
R	2.560216	-0.155278	-1.807355	-1.029747	-1.029747	0.140178	0.267933	-3.614710	0.385290	-3.614710
S	0.267933	-0.527247	-1.029747	0.493815	0.385290	0.385290	-0.000000	-0.329308	0.689071	-3.614710
T	-0.527247	-1.366782	-3.614710	-0.329308	0.140178	0.140178	-0.155278	0.689071	0.140178	-3.614710
V	-0.000000	-0.527247	-2.444785	-0.155278	-0.000000	-0.527247	-0.155278	1.947533	1.085730	-2.444785
W	-2.444785	-1.807355	-1.366782	-3.614710	-1.366782	-1.366782	-1.807355	-1.366782	-3.614710	-3.614710
Y	-2.444785	1.280108	-2.444785	-1.366782	-1.366782	-2.444785	-0.756729	-1.029747	0.594744	-1.807355
