A	-0.192645	-0.830075	-0.192645	1.087463	0.857981	-0.830075	0.247928	-0.192645	-2.000000	0.584963	-2.000000
C	-2.000000	-2.000000	-2.000000	-2.000000	-2.000000	-2.000000	-2.000000	-2.000000	-2.000000	-2.000000	-2.000000
D	-2.000000	-2.000000	0.247928	-0.192645	-0.830075	1.087463	-0.192645	-2.000000	-2.000000	-0.192645	-2.000000
E	-2.000000	-2.000000	-0.830075	-0.192645	0.584963	1.087463	0.584963	-0.830075	-2.000000	0.247928	-2.000000
F	-2.000000	2.000000	-2.000000	0.584963	-0.830075	-2.000000	0.584963	-0.830075	-0.830075	-0.830075	1.285402
G	-2.000000	-0.192645	-0.192645	-0.192645	1.285402	-0.192645	0.247928	0.857981	-0.830075	-0.830075	-2.000000
H	-0.830075	-0.192645	-0.830075	-0.830075	-0.830075	-0.192645	-0.830075	0.247928	-0.830075	0.247928	-2.000000
I	-0.830075	0.857981	-0.192645	-2.000000	-0.830075	-0.830075	-0.830075	-0.830075	0.857981	-2.000000	-2.000000
K	2.629357	-2.000000	-2.000000	-0.830075	1.087463	0.247928	0.247928	-0.830075	-0.830075	0.247928	-2.000000
L	-0.192645	1.754888	-0.830075	-0.830075	0.584963	0.584963	0.584963	-0.830075	1.882643	2.000000	3.707359
M	-0.830075	-0.192645	-2.000000	-2.000000	-0.830075	-0.192645	-2.000000	-2.000000	-0.830075	-2.000000	-2.000000
N	-2.000000	-2.000000	-2.000000	-0.192645	-0.830075	-0.192645	0.247928	0.247928	0.247928	0.247928	-2.000000
P	-2.000000	0.247928	3.312883	1.459432	1.285402	0.857981	0.857981	1.614710	-0.192645	-2.000000	-2.000000
Q	-0.192645	-2.000000	-2.000000	-0.192645	-0.192645	-2.000000	-0.192645	-0.830075	-0.192645	0.584963	-2.000000
R	2.303781	-0.830075	-2.000000	-0.830075	-0.830075	-0.192645	-2.000000	0.857981	0.247928	0.247928	-2.000000
S	-0.830075	-0.830075	-0.192645	1.882643	0.584963	1.285402	0.857981	0.247928	-2.000000	-0.192645	-2.000000
T	0.247928	-0.192645	-0.830075	-0.192645	-0.192645	-0.830075	-0.830075	0.857981	-0.192645	0.584963	-2.000000
V	-2.000000	0.584963	-0.192645	-0.192645	-2.000000	0.247928	1.087463	0.247928	2.108524	0.247928	-2.000000
W	-2.000000	-2.000000	-2.000000	-2.000000	-2.000000	-2.000000	-2.000000	-2.000000	-2.000000	-2.000000	-2.000000
Y	-0.830075	0.247928	-2.000000	-0.830075	-2.000000	-0.830075	-0.830075	0.584963	-0.192645	-2.000000	-2.000000
