A	-1.135777	-0.296241	-0.098302	-0.296241	1.008613	0.075727	-1.135777	-3.383704
C	-3.383704	-3.383704	-3.383704	-3.383704	-3.383704	-2.213779	-3.383704	-3.383704
D	-3.383704	-3.383704	1.627523	-0.525723	-1.576349	-3.383704	-1.576349	-3.383704
E	-2.213779	-3.383704	-3.383704	1.384480	-1.576349	-3.383704	-0.098302	-3.383704
F	-1.576349	1.835464	-3.383704	-1.576349	-1.135777	-0.296241	0.498939	0.371183
G	-1.135777	-3.383704	-3.383704	-0.098302	1.511113	-1.135777	-1.135777	-3.383704
H	-1.135777	-3.383704	-3.383704	-1.576349	-0.798742	-0.525723	0.498939	-3.383704
I	0.616296	1.316735	-1.576349	-0.525723	-1.135777	1.170885	0.231006	-1.135777
K	2.791221	-3.383704	-3.383704	0.920076	-1.576349	-3.383704	0.371183	-3.383704
L	0.231006	2.423651	-2.213779	-0.098302	-0.525723	2.357763	1.570492	4.023563
M	-0.798742	0.616296	-3.383704	-1.576349	-3.383704	-0.098302	-1.576349	-1.135777
N	-1.576349	-3.383704	-3.383704	-0.798742	-2.213779	-3.383704	-0.098302	-3.383704
P	-2.213779	-2.213779	3.793715	2.178538	2.633104	-0.798742	-3.383704	-3.383704
Q	-1.135777	-0.798742	-3.383704	-0.798742	-2.213779	-0.798742	-0.525723	-3.383704
R	1.511113	-2.213779	-3.383704	-0.798742	-1.576349	-2.213779	0.371183	-3.383704
S	0.371183	0.075727	-2.213779	0.371183	1.245652	-1.135777	0.616296	-3.383704
T	-1.135777	-0.098302	-3.383704	0.075727	-0.296241	-0.098302	1.316735	-3.383704
V	0.616296	0.371183	-3.383704	0.231006	0.231006	2.216209	0.371183	-3.383704
W	-3.383704	-2.213779	-3.383704	-2.213779	-3.383704	-1.576349	-3.383704	-3.383704
Y	-1.135777	0.075727	-3.383704	-1.576349	-1.576349	-1.576349	-0.525723	-3.383704
