A	-0.334103	-0.730246	-0.023631	0.647440	0.350576	0.831287	-0.125751	-0.461858	-6.801708
C	-5.631783	-4.994353	-6.801708	-4.553781	-3.943727	-3.342277	-3.186999	-4.994353	-6.801708
D	-4.553781	-6.801708	1.267070	0.822173	0.040642	-2.693184	-3.342277	-0.962505	-6.801708
E	-3.943727	-4.994353	-2.409391	0.902195	0.562426	-1.735619	-2.033524	1.126070	-6.801708
F	-0.994353	1.490613	-3.186999	-1.582540	-0.530245	-0.040157	-0.125751	-0.179657	0.867177
G	-2.919065	-0.553781	-3.342277	0.102173	0.667933	0.231715	-3.046821	-1.682767	-6.801708
H	-0.507088	-1.165084	-3.943727	-0.730246	-0.143497	0.040642	-1.400829	-0.375444	-6.801708
I	-0.254814	1.823087	1.449774	-0.931344	-0.354625	-0.354625	1.689143	-0.007292	-1.317893
K	2.805159	-2.409391	-4.994353	1.319825	1.042213	1.547020	-2.101269	0.927912	-6.801708
L	-0.313868	1.668951	-1.444156	0.117155	0.298954	-0.007292	1.876892	1.293689	4.046523
M	-1.488825	-0.334103	-3.516306	-3.186999	-1.488825	-2.693184	-1.444156	-1.682767	-0.784900
N	-1.488825	-2.033524	-1.906891	-0.334103	-0.108221	-0.626783	-0.757314	-0.375444	-6.801708
P	-3.714246	-4.994353	3.362256	1.358163	-0.216746	1.010469	0.424704	-3.714246	-6.801708
Q	-1.165084	0.040642	-3.943727	-0.125751	-0.073788	-0.994353	-0.461858	0.483694	-6.801708
R	2.081699	-0.784900	-5.631783	-0.626783	-0.023631	0.412611	-1.444156	0.562426	-5.631783
S	0.540366	0.146659	-1.444156	0.424704	0.678072	0.460386	-0.841706	0.175572	-6.801708
T	-0.730246	0.056273	-1.400829	0.071736	0.350576	0.495208	0.272433	0.562426	-6.801708
V	0.203916	0.910819	0.551438	-0.216746	-0.056875	0.258988	2.077875	0.785131	-1.165084
W	-4.994353	-1.631783	-5.631783	-2.592255	-2.247120	-2.592255	-2.592255	-3.186999	-6.801708
Y	-1.317893	0.540366	-4.216746	-2.409391	-0.375444	-0.007292	-0.900842	-0.396567	-3.516306
