A	0.547345	-1.965105	-3.245213	-0.098372	0.509674	-0.284384	-0.157750	0.547345	-0.157750	-0.944044
C	-5.052568	-5.052568	-5.052568	-5.052568	-5.052568	-5.052568	-3.882643	-3.882643	-3.882643	-3.882643
D	-5.052568	-5.052568	3.612768	2.074136	0.619857	-0.497979	0.964240	-0.944044	-2.194587	-5.052568
E	-5.052568	-1.437858	-1.965105	2.515388	0.754787	-0.748787	0.431248	0.348311	0.066373	-5.052568
F	1.569484	-5.052568	-1.437858	-1.965105	-0.352128	0.722219	0.166600	-1.593136	-0.497979	0.722219
G	-0.944044	-2.804641	-5.052568	-0.576835	0.117357	0.722219	0.509674	-1.965105	1.071553	-3.882643
H	-1.437858	-5.052568	-2.467606	-1.297681	-1.169925	0.260315	-0.219678	-0.098372	-0.098372	-5.052568
I	0.654791	1.097179	-1.052568	-2.804641	0.936117	-0.098372	-0.157750	1.147104	-1.965105	0.390375
K	1.097179	-5.052568	-3.245213	-0.748787	-1.297681	0.013521	0.013521	-2.194587	0.390375	-3.882643
L	1.415037	3.553837	-0.944044	-1.437858	1.071553	0.547345	0.848299	0.964240	1.071553	3.376839
M	-1.437858	0.470994	-2.194587	-3.882643	-1.297681	-1.593136	-1.965105	-0.576835	-0.843115	-0.041341
N	-0.944044	-5.052568	-3.245213	-1.169925	-0.157750	-0.944044	0.390375	-0.219678	-0.157750	-5.052568
P	-5.052568	-3.882643	1.994556	1.623389	1.264845	0.964240	0.509674	0.214218	-2.804641	-5.052568
Q	-1.297681	-3.882643	-2.467606	-1.169925	-0.944044	-0.352128	-0.098372	0.013521	0.348311	-5.052568
R	-0.041341	-5.052568	-3.882643	-2.467606	-1.767166	-0.352128	-0.098372	-0.157750	0.654791	-3.882643
S	0.470994	-5.052568	-3.245213	0.509674	0.013521	0.547345	0.304984	0.013521	0.619857	-3.882643
T	-0.748787	-3.882643	-2.467606	-0.843115	-0.284384	0.688899	-0.423211	0.304984	0.786636	-5.052568
V	0.786636	1.773980	-1.767166	-1.767166	0.964240	0.066373	0.013521	1.551058	-0.098372	2.149556
W	-5.052568	-5.052568	-1.437858	-3.245213	-5.052568	-3.245213	-1.965105	-2.804641	-5.052568	-5.052568
Y	1.122358	-3.882643	-2.467606	-3.882643	-1.965105	0.431248	-0.944044	-0.219678	0.754787	-2.804641
