A	1.149010	-2.344530	-2.344530	-0.837570	1.149010	0.418770	0.891359	-0.200140	0.361739	0.473632	-0.977747
C	-3.422532	-4.592457	-4.592457	-3.422532	-3.422532	-4.592457	-4.592457	-4.592457	-4.592457	-3.422532	-2.344530
D	-4.592457	-4.592457	2.956365	2.201959	0.036900	1.007456	0.526484	-0.483933	-0.592457	-0.709814	-4.592457
E	-3.422532	-3.422532	-2.785102	2.427134	0.765095	0.720426	0.765095	0.765095	0.240433	0.418770	-4.592457
F	1.396228	-3.422532	-1.133025	-3.422532	-3.422532	-0.709814	-2.344530	0.036900	-0.977747	-0.592457	0.361739
G	-0.977747	-3.422532	-3.422532	-0.383004	0.036900	0.891359	-0.200140	0.577468	-0.383004	0.302361	-4.592457
H	-1.504994	-4.592457	-3.422532	-1.504994	-1.734476	-0.200140	-0.977747	-0.977747	0.175727	-0.709814	-4.592457
I	1.182330	0.808422	-0.837570	-2.344530	-0.288676	0.674330	0.674330	1.044168	0.361739	-2.785102	0.765095
K	0.891359	-4.592457	-4.592457	-2.007495	-2.785102	-0.837570	0.765095	0.240433	-1.504994	0.577468	-4.592457
L	0.969785	3.717019	-0.037868	-1.504994	0.175727	0.175727	0.418770	1.149010	1.246747	0.931105	3.076428
M	-1.307055	0.175727	-1.734476	-1.504994	-2.007495	-1.307055	-1.734476	-0.592457	0.036900	-1.734476	0.526484
N	-0.977747	-4.592457	-2.344530	-0.200140	-0.977747	-0.037868	-0.709814	0.175727	-0.977747	0.175727	-4.592457
P	-4.592457	-4.592457	2.946702	1.747393	2.118349	-0.709814	0.626711	-0.709814	0.036900	-2.785102	-3.422532
Q	-1.133025	-2.344530	-2.785102	-0.977747	-1.133025	-1.504994	0.240433	-0.837570	0.969785	0.473632	-4.592457
R	0.577468	-4.592457	-3.422532	-2.785102	-2.007495	-0.709814	-0.288676	-0.200140	-2.344530	0.931105	-4.592457
S	0.361739	-3.422532	-3.422532	-0.037868	0.969785	1.214898	0.850486	0.240433	0.175727	0.969785	-4.592457
T	-0.383004	-2.344530	-4.592457	-0.709814	0.240433	0.626711	-0.288676	0.418770	0.175727	1.149010	-3.422532
V	0.577468	1.396228	-1.734476	-1.504994	1.214898	0.036900	0.175727	0.473632	1.182330	-0.483933	2.534247
W	-4.592457	-4.592457	-0.709814	-3.422532	-4.592457	-3.422532	-2.785102	-3.422532	-2.007495	-4.592457	-4.592457
Y	0.577468	-4.592457	-2.785102	-3.422532	-2.785102	-1.307055	-1.307055	-1.504994	-0.116724	-0.483933	-4.592457
