A	1.093109	-1.491853	-1.491853	-1.491853	0.756074	0.315502	-0.321928	0.756074	0.315502	0.756074	-1.491853	-1.491853
C	-1.491853	-1.491853	-1.491853	-1.491853	-1.491853	-1.491853	-1.491853	-1.491853	-1.491853	-1.491853	-1.491853	-1.491853
D	-1.491853	-1.491853	2.983880	1.967579	0.756074	0.756074	0.756074	0.756074	-1.491853	-0.321928	-1.491853	-1.491853
E	-1.491853	-1.491853	-1.491853	2.717600	-1.491853	0.315502	0.315502	1.093109	0.315502	-1.491853	0.315502	-1.491853
F	1.093109	-1.491853	-1.491853	-1.491853	-0.321928	-0.321928	-1.491853	-1.491853	-0.321928	-1.491853	-0.321928	1.093109
G	-0.321928	-1.491853	-1.491853	-0.321928	-0.321928	-0.321928	1.093109	1.366128	1.093109	0.315502	1.967579	-1.491853
H	-1.491853	-1.491853	-1.491853	-0.321928	-1.491853	-1.491853	-0.321928	-1.491853	0.756074	-0.321928	0.315502	-1.491853
I	1.595610	1.093109	-0.321928	-1.491853	0.756074	0.315502	-0.321928	-0.321928	-0.321928	0.756074	-1.491853	-0.321928
K	-0.321928	-1.491853	-1.491853	-0.321928	-1.491853	-1.491853	-0.321928	0.315502	0.315502	0.315502	-1.491853	-1.491853
L	-0.321928	3.208587	0.315502	-1.491853	1.093109	1.366128	0.756074	-1.491853	1.093109	0.315502	0.315502	2.717600
M	-1.491853	-1.491853	-1.491853	-1.491853	-0.321928	-1.491853	-0.321928	-1.491853	-0.321928	-1.491853	-1.491853	-0.321928
N	-1.491853	-1.491853	-1.491853	-1.491853	0.315502	0.756074	-1.491853	-1.491853	0.315502	-1.491853	-1.491853	-1.491853
P	-1.491853	-1.491853	1.793549	0.315502	1.967579	-1.491853	0.315502	0.315502	-0.321928	-0.321928	-0.321928	-1.491853
Q	-0.321928	-1.491853	-1.491853	-0.321928	-1.491853	-0.321928	-0.321928	-1.491853	-0.321928	1.093109	0.315502	-1.491853
R	-0.321928	-1.491853	-1.491853	-1.491853	-1.491853	-1.491853	-0.321928	-0.321928	-1.491853	-1.491853	1.093109	-1.491853
S	-0.321928	-1.491853	-1.491853	-0.321928	-0.321928	0.756074	0.756074	0.756074	-0.321928	-1.491853	0.315502	-1.491853
T	-1.491853	-1.491853	-1.491853	-1.491853	-1.491853	-1.491853	0.756074	0.315502	0.315502	0.756074	0.756074	-1.491853
V	0.315502	1.366128	-1.491853	-1.491853	0.315502	0.315502	-0.321928	0.315502	0.315502	1.093109	-0.321928	2.122857
W	-1.491853	-1.491853	0.315502	-1.491853	-1.491853	-1.491853	-0.321928	-1.491853	-1.491853	0.315502	-1.491853	-1.491853
Y	1.793549	-1.491853	-1.491853	-1.491853	-1.491853	1.093109	-1.491853	-0.321928	-1.491853	-0.321928	-0.321928	-1.491853
