A	0.466568	-1.781360	-1.781360	-1.781360	0.803603	-0.611435	1.306103	-1.781360
C	-1.781360	-1.781360	-1.781360	-1.781360	-1.781360	-1.781360	-1.781360	-1.781360
D	-1.781360	-0.611435	2.101283	0.803603	-1.781360	-1.781360	-1.781360	-1.781360
E	-1.781360	-1.781360	-0.611435	1.678072	-1.781360	-1.781360	0.025995	-1.781360
F	1.076621	-0.611435	-1.781360	-1.781360	-1.781360	0.803603	-1.781360	-1.781360
G	-1.781360	-1.781360	-1.781360	-0.611435	0.025995	-1.781360	0.466568	-1.781360
H	-0.611435	-1.781360	-1.781360	-0.611435	-1.781360	1.076621	0.466568	-1.781360
I	0.025995	0.803603	-1.781360	-0.611435	0.803603	-0.611435	-1.781360	1.306103
K	1.833350	-1.781360	-1.781360	-0.611435	-0.611435	-0.611435	0.025995	-1.781360
L	1.678072	3.229868	-1.781360	0.025995	0.803603	0.466568	0.025995	3.051530
M	-1.781360	0.025995	-1.781360	-1.781360	-1.781360	-1.781360	-0.611435	-1.781360
N	-1.781360	-1.781360	-1.781360	-0.611435	-1.781360	-0.611435	0.025995	-1.781360
P	-1.781360	-1.781360	3.284729	2.847997	1.833350	-0.611435	-1.781360	-1.781360
Q	-1.781360	-1.781360	-1.781360	-1.781360	-0.611435	0.466568	0.025995	-1.781360
R	-0.611435	-1.781360	-1.781360	-1.781360	-1.781360	-1.781360	0.025995	-1.781360
S	-1.781360	-0.611435	-1.781360	-1.781360	0.025995	-1.781360	1.504043	-1.781360
T	-0.611435	-0.611435	-1.781360	-0.611435	0.025995	0.803603	-1.781360	-1.781360
V	0.466568	0.803603	-1.781360	-1.781360	1.678072	1.833350	0.466568	2.101283
W	-1.781360	-1.781360	-0.611435	-1.781360	-1.781360	0.466568	0.025995	-1.781360
Y	1.306103	-1.781360	-1.781360	-1.781360	0.025995	0.466568	0.025995	-1.781360
