A	0.735500	-0.270723	-1.692706	0.359264	0.325284	-0.507391	0.541968	0.506018	-0.717993
C	-5.902160	-6.539590	-5.461587	-5.461587	-5.461587	-4.622052	-5.461587	-3.709515	-3.600990
D	-6.539590	-6.539590	3.178277	1.634226	-0.964681	-1.778777	-1.016028	-2.147272	-7.709515
E	-4.250083	-3.317197	-0.775824	2.147300	-0.323652	-1.347571	0.536038	0.977861	-7.709515
F	1.222700	-4.094805	-0.689924	-2.351963	0.142234	1.008162	-0.229734	-0.635373	-0.401176
G	-0.931438	-2.876625	-3.080158	0.352531	-0.898943	-1.087463	-2.698287	0.086525	-6.539590
H	-0.964681	-6.539590	-2.266571	-1.162620	-0.595772	-0.947963	0.750941	0.254826	-6.539590
I	0.499939	1.237392	-0.160693	-1.839150	1.241041	1.269911	-0.104035	-2.225699	0.481545
K	1.042029	-7.709515	-3.080158	-0.323652	0.444037	-0.947963	0.070205	1.091385	-5.902160
L	1.185303	3.430037	-0.495196	-1.087463	0.969085	1.701996	0.469150	0.188331	3.282893
M	-0.703890	0.450357	-1.778777	-3.233781	-1.534589	-1.262431	-1.665121	-1.665121	-0.345380
N	-0.180084	-7.709515	-1.162620	-0.180084	-0.790651	-0.915099	-0.151094	0.180750	-7.709515
P	-7.709515	-4.622052	2.170451	1.226387	0.536038	0.254826	0.937944	-2.351963	-5.902160
Q	-0.820771	-1.778777	-1.438052	-0.483102	-0.595772	-0.775824	0.210838	0.571256	-7.709515
R	-0.023014	-6.539590	-3.826872	-0.998708	-0.557230	-1.087463	-0.790651	0.588548	-6.539590
S	0.776315	-1.665121	-1.585393	0.611286	-0.104035	-0.424112	0.338972	0.924389	-6.539590
T	-0.345380	-1.611483	-2.814697	-0.483102	0.045373	0.766219	0.650235	0.864133	-4.622052
V	0.704113	1.623081	-0.964681	-0.898943	1.648037	1.353206	0.882942	-0.519690	2.678233
W	-2.876625	-7.709515	-1.534589	-2.539590	-3.405734	-2.539590	-1.778777	-4.424112	-7.709515
Y	0.864133	-1.934728	-1.509842	-2.351963	-0.931438	0.028578	-0.544608	-0.270723	-3.405734
