A	0.904241	-4.768184	-0.659660	-0.464404	0.243043	-0.067745	0.544699	0.632695	1.719656	-2.960829
C	-4.768184	-4.768184	-3.598259	-4.768184	-4.768184	-3.598259	-4.768184	-4.768184	-4.768184	-4.768184
D	-3.598259	-4.768184	-1.680721	2.433939	-0.067745	0.401741	-1.482782	-1.482782	-1.153474	-4.768184
E	-2.960829	-1.482782	-3.598259	1.593759	-0.067745	0.350757	-1.308753	-0.067745	0.973283	-4.768184
F	1.162553	2.882867	1.455817	-1.910203	0.000000	-1.153474	-0.885541	-2.960829	-1.013297	2.770974
G	-1.153474	-3.598259	-1.910203	0.674759	1.381563	0.450984	1.276210	-0.213595	-1.482782	-4.768184
H	-0.768184	-0.375867	-1.153474	-0.768184	-0.138828	-0.375867	-1.308753	-0.464404	-0.558731	-1.482782
I	0.498602	-4.768184	1.248624	-1.680721	-0.659660	0.126633	0.831729	0.126633	-1.680721	-1.013297
K	-0.292451	-4.768184	-1.308753	-2.520257	0.401741	0.715631	-0.464404	-0.213595	-0.768184	-2.960829
L	-0.213595	-2.960829	-0.067745	-1.153474	0.064706	0.297905	0.000000	0.831729	-0.659660	2.251406
M	-1.482782	-2.960829	0.126633	-2.960829	-2.960829	-2.183222	-2.960829	-1.308753	-2.520257	1.191818
N	-0.558731	-4.768184	-1.910203	0.297905	-0.659660	-0.375867	-0.375867	0.401741	-0.659660	-4.768184
P	-4.768184	-3.598259	1.835442	0.794058	1.006603	1.102180	1.276210	-0.464404	-0.213595	-4.768184
Q	-0.885541	-4.768184	-0.138828	-0.768184	-0.292451	-0.213595	-0.138828	0.755378	-0.213595	-4.768184
R	0.401741	-2.960829	-2.183222	-2.520257	-0.213595	0.297905	0.450984	0.126633	-1.910203	-4.768184
S	1.191818	-4.768184	-1.308753	0.000000	0.297905	0.632695	-0.138828	1.571666	2.042387	-4.768184
T	-0.464404	-4.768184	-1.153474	0.715631	0.350757	0.589368	1.162553	1.039171	1.102180	-4.768184
V	0.868440	-2.960829	-0.768184	-1.153474	0.064706	0.064706	0.794058	0.126633	0.401741	-1.482782
W	-3.598259	-0.659660	-4.768184	-2.960829	-2.183222	-3.598259	-4.768184	-4.768184	-4.768184	-2.183222
Y	1.872061	3.300594	2.058364	-1.482782	0.186012	-1.308753	-1.482782	-1.910203	-0.375867	2.026232
