A	-0.271302	-3.129283	-0.271302	0.156119	0.753360	0.753360	0.485427	-0.544321	-0.271302	1.425306	-3.129283
C	-3.129283	-3.129283	-3.129283	-3.129283	-3.129283	-3.129283	-3.129283	-3.129283	-3.129283	-3.129283	-3.129283
D	-3.129283	-3.129283	-0.544321	2.040642	0.156119	0.870717	-0.271302	-1.321928	-3.129283	-0.544321	-3.129283
E	-3.129283	-3.129283	-3.129283	1.346450	-0.881356	0.330149	0.753360	-0.271302	-0.544321	0.625604	-3.129283
F	1.346450	1.824913	0.625604	-1.321928	-0.544321	-0.544321	-1.959358	-0.271302	-1.321928	-0.881356	2.709921
G	-1.321928	-3.129283	-1.959358	0.870717	1.263034	0.485427	1.425306	1.080170	0.156119	-1.959358	-3.129283
H	-0.041820	-0.881356	-0.881356	-1.321928	-0.881356	-0.544321	0.156119	-0.881356	-0.544321	-1.321928	-1.959358
I	0.625604	-3.129283	0.979241	-1.959358	-1.321928	-0.271302	-0.881356	-0.271302	-0.544321	-1.321928	-1.959358
K	0.156119	-3.129283	-3.129283	-0.881356	-3.129283	-0.881356	0.156119	-0.544321	-0.271302	-1.959358	-3.129283
L	-0.271302	-3.129283	-0.881356	-0.544321	0.330149	-0.544321	-0.544321	1.346450	0.870717	-0.881356	1.936806
M	-1.959358	-3.129283	0.979241	-3.129283	-3.129283	-1.959358	-1.959358	-1.321928	-0.881356	-3.129283	0.979241
N	-1.321928	-3.129283	-0.544321	0.485427	-0.271302	-0.271302	0.485427	-0.041820	0.870717	-0.271302	-3.129283
P	-3.129283	-3.129283	0.979241	1.174498	1.638901	0.156119	0.485427	0.330149	-1.321928	0.485427	-3.129283
Q	-1.321928	-3.129283	0.330149	-0.544321	-0.271302	0.485427	-0.041820	-1.321928	0.330149	-0.041820	-3.129283
R	-0.544321	-3.129283	-1.321928	-3.129283	-0.881356	-1.321928	-1.959358	0.330149	1.080170	-3.129283	-3.129283
S	1.080170	-3.129283	-0.544321	0.485427	0.870717	1.638901	1.346450	1.346450	1.263034	1.881944	-3.129283
T	-0.271302	-3.129283	-0.881356	0.156119	0.753360	0.330149	0.156119	0.330149	1.346450	0.979241	-1.959358
V	1.263034	-3.129283	-0.041820	-1.321928	0.156119	0.330149	0.330149	0.870717	0.156119	0.485427	-3.129283
W	-3.129283	-3.129283	-3.129283	-3.129283	-3.129283	-3.129283	-1.959358	-3.129283	-3.129283	-1.959358	-1.959358
Y	2.040642	3.804408	2.228269	-1.321928	-0.041820	-0.881356	-3.129283	-1.321928	-1.321928	0.870717	2.394279
