A	1.465664	-1.392317	-1.392317	0.415037	-0.222392	-0.222392	0.415037	-0.222392	0.415037	-0.222392	-0.222392	-1.392317
C	-1.392317	-1.392317	-1.392317	-1.392317	-1.392317	-1.392317	-1.392317	-1.392317	-1.392317	-1.392317	-1.392317	-1.392317
D	-1.392317	-1.392317	-1.392317	2.716207	1.192645	1.192645	-0.222392	-1.392317	-1.392317	-1.392317	-0.222392	-1.392317
E	-1.392317	-1.392317	-0.222392	0.855610	-1.392317	0.415037	-0.222392	-0.222392	-1.392317	-0.222392	-0.222392	-1.392317
F	1.695145	1.695145	1.695145	-1.392317	0.415037	-0.222392	-1.392317	-1.392317	-0.222392	-0.222392	0.415037	2.222392
G	-0.222392	-1.392317	-0.222392	0.855610	1.465664	1.465664	0.415037	2.490326	0.415037	-0.222392	-0.222392	-1.392317
H	-1.392317	-1.392317	-0.222392	-1.392317	-1.392317	-1.392317	-1.392317	-0.222392	-0.222392	0.415037	-0.222392	-0.222392
I	-0.222392	-1.392317	-0.222392	-0.222392	-1.392317	-0.222392	0.415037	-1.392317	-1.392317	-0.222392	-1.392317	-1.392317
K	-1.392317	-1.392317	-1.392317	-1.392317	-1.392317	-1.392317	-1.392317	-0.222392	-0.222392	-0.222392	-1.392317	-1.392317
L	-1.392317	-1.392317	-0.222392	-1.392317	-0.222392	0.415037	0.415037	-1.392317	0.415037	-0.222392	-0.222392	0.855610
M	-1.392317	-1.392317	-0.222392	-1.392317	-1.392317	-1.392317	-1.392317	-0.222392	-1.392317	-1.392317	-1.392317	-0.222392
N	-1.392317	-1.392317	-1.392317	0.415037	-1.392317	-0.222392	1.192645	0.855610	1.465664	-0.222392	-1.392317	-1.392317
P	-1.392317	-1.392317	-0.222392	0.415037	1.695145	0.855610	-0.222392	0.855610	1.192645	-1.392317	-1.392317	-1.392317
Q	-1.392317	-1.392317	-0.222392	-1.392317	-0.222392	-0.222392	-0.222392	-1.392317	0.415037	-0.222392	0.415037	-1.392317
R	0.415037	-1.392317	-0.222392	-1.392317	0.415037	-0.222392	-1.392317	-1.392317	-0.222392	0.415037	-0.222392	-1.392317
S	-0.222392	-1.392317	-1.392317	-1.392317	0.415037	-0.222392	-0.222392	-0.222392	0.415037	1.465664	2.067114	-1.392317
T	0.415037	-1.392317	-0.222392	-1.392317	-1.392317	-0.222392	0.855610	0.415037	-0.222392	0.415037	0.415037	-1.392317
V	0.415037	-1.392317	-1.392317	-1.392317	0.415037	-0.222392	1.192645	-0.222392	-0.222392	1.192645	0.855610	-1.392317
W	-1.392317	-1.392317	-1.392317	-1.392317	-1.392317	-1.392317	-1.392317	-1.392317	-0.222392	-1.392317	-1.392317	-0.222392
Y	1.695145	3.308122	2.362570	-1.392317	-1.392317	-0.222392	0.415037	-1.392317	-1.392317	0.415037	0.415037	2.490326
