A	0.764683	-1.764570	-0.523562	-0.391112	1.223082	0.088881	1.554075	-5.224002
C	-5.224002	-5.224002	-5.224002	-4.054077	-4.054077	-5.224002	-5.224002	-5.224002
D	-4.054077	-4.054077	-1.469114	-1.224002	-4.054077	-1.014548	-0.831684	-5.224002
E	-5.224002	-5.224002	-1.014548	0.176878	-5.224002	-0.212774	1.781623	-5.224002
F	1.618349	2.658641	0.820392	-0.669413	-1.609292	-1.938599	-1.609292	1.965823
G	-2.366021	-5.224002	0.483357	-0.831684	2.453718	-1.469114	-1.938599	-5.224002
H	0.615202	-0.157912	-0.212774	-1.469114	0.925745	0.448424	-0.105061	-2.366021
I	0.736000	-2.976074	-0.157912	0.517465	-0.329184	-0.054077	-1.224002	-1.224002
K	-0.455817	-5.224002	-0.748268	-0.212774	-1.341359	0.820392	-0.523562	-5.224002
L	0.550785	-2.976074	1.503919	0.412623	-3.416647	0.483357	-0.920221	2.851477
M	-1.764570	-3.416647	0.088881	-2.366021	-3.416647	-1.115477	-1.938599	1.047461
N	-0.329184	-5.224002	0.736000	1.398050	-1.609292	-0.004833	-0.669413	-5.224002
P	-4.054077	-2.366021	-0.669413	-0.105061	-2.366021	0.133550	-1.341359	-5.224002
Q	-2.366021	-1.938599	1.379625	-0.748268	-1.115477	0.259814	0.517465	-5.224002
R	-1.115477	-3.416647	-1.341359	-1.469114	1.263838	1.379625	-1.609292	-5.224002
S	0.375911	-1.938599	-0.105061	0.176878	0.874030	1.416243	1.520832	-5.224002
T	0.042785	-2.639039	-0.391112	1.486805	-0.004833	-0.004833	0.338241	-4.054077
V	1.379625	-2.976074	-0.054077	1.694862	1.070619	-0.105061	0.950924	0.299560
W	-4.054077	-2.366021	-3.416647	-2.136539	-5.224002	-2.366021	-2.976074	-2.136539
Y	1.451955	3.414434	-0.054077	-1.609292	-3.416647	-1.764570	-0.669413	2.129145
