A	0.955141	-0.091623	0.446613	0.627336	0.610250	1.156893	0.575456	1.576043	-2.468645
C	-7.687813	-7.687813	-7.687813	-7.687813	-5.102851	-4.073103	-4.829832	-4.600350	-7.687813
D	-2.330261	-7.687813	-2.125571	1.176373	-0.845463	-2.015388	-1.616351	-1.261548	-7.687813
E	-1.304109	-4.600350	-1.727811	1.357947	-0.768950	-1.416350	0.276528	1.218326	-7.687813
F	0.655373	2.359992	-0.073103	-0.926262	-0.696291	-0.437515	-2.164251	-1.463811	2.199788
G	-1.563692	-3.687813	-1.180018	0.446613	0.731094	0.808042	-1.589781	-1.011856	-7.687813
H	-0.291208	1.398323	-0.291208	-1.065761	-0.091623	-0.710533	0.124364	-0.390897	-1.240730
I	0.360674	-2.203997	1.046897	-0.627117	-0.269961	0.472058	0.041808	-1.980454	-0.110384
K	0.239965	-6.517888	-0.158383	-0.018928	0.852315	-0.148654	-0.187967	-0.178038	-4.600350
L	-0.178038	-1.786946	0.881093	-0.269961	-0.259453	0.187168	0.787920	-0.510394	2.729248
M	-1.393192	-2.421027	-0.082334	-2.421027	-0.877241	-1.439886	-1.439886	-2.854923	0.752018
N	0.202451	-5.439886	0.091906	-0.082334	-0.259453	-0.814369	0.414163	-0.522906	-7.687813
P	-4.073103	-2.164251	1.418095	1.109038	0.276528	-0.036761	-0.829832	-0.845463	-7.687813
Q	-0.654390	-1.029602	0.964136	-0.249021	0.217574	-0.600350	0.621663	-0.063932	-7.687813
R	0.016091	-2.621724	-1.261548	-1.439886	0.333167	0.283730	0.575456	-0.926262	-2.015388
S	1.302291	-2.125571	0.083676	0.736353	0.871564	0.587147	1.236999	1.902774	-7.687813
T	0.767514	-3.212080	-0.640689	0.305125	0.604509	1.042657	1.016955	1.129171	-6.517888
V	1.225824	-1.980454	0.083676	-0.218171	0.551785	1.494581	0.693730	0.563669	-0.485689
W	-4.402411	-2.244870	-3.212080	-2.792995	-3.478360	-3.932926	-4.228381	-4.600350	-2.244870
Y	0.660915	3.130769	0.225076	-1.347963	-0.522906	-1.616351	-1.671005	-1.140919	2.103350
