A	-1.458212 1.047245 1.861431 1.042448 1.125228 1.641500 1.404369 0.957864 0.007569
C	-8.463464 -8.828858 -3.246428 -4.105914 -8.415593 -3.511056 -8.536795 -5.393270 -5.189428
D	-2.222337 -0.813114 -0.850168 1.816616 0.515365 1.448605 1.430510 -0.731168 2.176865
E	-1.111789 0.929087 -0.332448 1.114154 1.353064 1.182069 1.707931 1.095155 1.731044
F	1.944641 -2.220076 -0.586137 -2.074973 -1.504272 -3.859872 -2.567396 -1.335626 -0.390366
G	-5.224296 -1.071082 0.547543 -0.927392 -0.345000 -2.041482 -0.487480 -0.456912 -0.330200
H	-5.503025 -0.238963 -1.935448 -4.470722 -1.482581 -3.647160 -1.650671 -1.255639 -3.124591
I	2.066385 0.025168 0.265910 1.329170 -0.399346 -0.412746 -0.443156 -0.867510 0.652118
K	-4.689481 0.497993 -2.259033 -7.115821 0.660102 -1.375624 -2.958409 0.646800 -6.427328
L	0.484421 -0.073108 -0.411188 1.074259 -0.286315 -1.431053 0.863786 1.122500 0.901165
M	-2.832548 -2.632538 -1.567254 -1.193971 -2.227827 -5.697814 -2.383111 -2.691114 -0.867705
N	-8.116690 -0.121574 -1.376807 -1.069046 -0.869111 -0.327656 0.569827 -0.741619 -0.865196
P	-0.087460 -8.480017 -0.254857 -8.708834 0.088663 0.705656 0.795559 1.145795 -4.905140
Q	-4.164408 -0.121568 -0.951898 0.159335 -0.150843 -1.820056 -0.055145 0.081048 -0.134708
R	-0.901343 1.308023 -0.731235 -8.625199 -0.064248 -4.151019 -2.287107 0.668321 -1.602797
S	-4.019746 0.387757 1.478309 -0.277247 0.881658 1.054307 -0.055261 0.186191 0.118540
T	-2.370618 0.479069 0.969846 0.291677 0.677442 1.298893 -1.162693 -0.023088 -1.532491
V	0.807675 1.207980 0.879328 1.369148 0.748769 1.355343 0.357496 0.187228 0.874034
W	-0.155097 -2.634751 -2.268149 -4.019428 -8.847823 -8.776130 -3.769775 -5.357306 -4.119000
Y	2.278591 -0.171658 -0.171914 -4.973587 -1.434652 -6.585199 -2.637501 -0.828885 -1.688897
