A	0.708611	-1.242747	0.981860	0.018994	0.229321	0.508113	-0.227317	0.345658	0.708611	-7.366869
C	-7.366869	-4.508888	-2.812280	-5.118941	-4.081466	-2.891135	-4.081466	-3.907437	-3.366869	-7.366869
D	-7.366869	-2.355641	-1.191943	1.393020	0.538518	-0.572453	-1.167196	-1.659509	-3.157415	-7.366869
E	-3.063088	0.201087	-3.157415	1.225588	0.735107	-0.128464	-1.118941	0.229321	0.266127	-7.366869
F	-2.737512	-3.611981	1.616125	-0.781906	-0.069952	-0.763242	-0.093073	0.008171	-1.730244	2.921997
G	-0.899263	-4.081466	-1.191943	0.688414	1.421850	0.919689	0.728528	-1.406867	-0.116570	-7.366869
H	-1.322474	-5.118941	-1.694443	-1.295406	-0.656062	-0.462987	-0.433178	0.345658	-0.744817	-6.196944
I	-1.118941	0.568296	0.721920	-1.466002	-0.164745	0.508113	0.661037	0.210560	-1.883053	-0.403973
K	2.632427	-5.118941	-0.058530	0.201087	-0.013722	0.568296	0.082280	-0.919785	0.238611	-2.666429
L	-2.053986	2.178579	1.442096	-0.347278	0.310851	0.735107	1.197281	1.009257	0.050984	1.346518
M	-2.533979	0.229321	-0.081466	-2.196944	-3.484226	-1.659509	-1.191943	-0.899263	-2.300779	-2.472051
N	-5.118941	-6.196944	-0.403973	-0.116570	-0.069952	-0.638948	0.229321	-0.164745	-0.708657	-7.366869
P	-7.366869	-1.843307	-1.659509	1.417766	1.158652	0.754665	0.461268	-0.152549	-1.843307	-7.366869
Q	-1.406867	1.481754	-0.819974	0.219971	-0.266206	-0.047196	-0.347278	0.695178	0.229321	-7.366869
R	2.818936	-0.726624	-0.266206	-0.572453	-0.919785	-0.266206	0.575646	-0.462987	0.362752	-2.533979
S	0.210560	-0.240164	-0.253126	0.805559	0.181953	0.523396	0.266127	0.429171	1.926028	-7.366869
T	-1.625402	1.477837	-0.879029	-0.819974	-0.478125	0.302016	0.102773	0.721920	1.748825	-7.366869
V	-0.347278	1.623235	0.142906	-0.919785	0.201087	0.412851	0.786683	1.025449	0.515774	-1.694443
W	-7.366869	-4.279406	-0.839392	-2.737512	-2.147700	-1.730244	-2.355641	-1.527665	-4.081466	2.028666
Y	-1.592082	-1.496504	0.793003	-1.142867	-1.322474	-1.592082	-1.142867	-0.375347	-1.167196	2.052565
