A	0.303357	-0.951158	0.677565	0.414023	0.775578	0.516802	0.867355	0.367630	-0.048455	0.690187	-5.304795
C	-5.304795	-5.304795	-4.226792	-4.667365	-4.667365	-4.226792	-2.474720	-4.226792	-3.889757	-3.189318	-6.474720
D	-6.474720	-2.082403	-2.170939	1.482382	-0.203257	0.639022	0.128906	-0.767361	-1.706536	-2.860010	-6.474720
E	-6.474720	-1.161837	-3.015288	1.329411	0.677565	0.516802	0.690187	-0.376688	-0.112776	-0.091016	-6.474720
F	-4.226792	-4.226792	2.050801	-2.082403	-0.514718	-1.304795	-0.874807	-0.838095	0.303357	-2.265267	2.666749
G	-1.117168	-3.889757	-1.161837	0.530905	0.878427	1.237807	0.932548	0.530905	-1.408631	-0.007114	-6.474720
H	-2.082403	-6.474720	-1.161837	-1.304795	-0.250718	-0.951158	-0.226792	-0.874807	0.110243	-0.324973	-6.474720
I	-1.641830	0.921885	0.303357	-1.774280	-0.403258	-0.091016	-0.350599	0.878427	0.013120	-0.767361	-0.430326
K	2.871794	-6.474720	0.128906	-0.226792	0.253201	0.091334	0.128906	0.052757	-0.699933	0.488176	-3.189318
L	-2.719832	2.377810	1.653274	-0.324973	0.165525	-0.699933	0.414023	1.415544	2.036044	0.414023	1.566939
M	-3.189318	0.033075	-0.203257	-2.265267	-1.774280	-1.845363	-1.998987	-2.265267	-0.203257	-2.265267	-2.265267
N	-5.304795	-5.304795	-0.802295	-0.112776	-0.203257	-0.376688	-0.324973	-0.203257	-0.733253	-1.031776	-6.474720
P	-6.474720	-3.387257	-1.920131	1.361330	0.921885	1.211781	-0.403258	-0.275048	-1.117168	-2.265267	-6.474720
Q	-1.463493	1.237807	-0.912478	0.033075	-0.048455	-0.767361	0.033075	-0.157307	0.994922	0.414023	-6.474720
R	2.936791	-1.463493	-0.275048	-1.207933	-0.350599	-0.733253	-0.350599	1.194165	-0.457912	0.270114	-3.616739
S	-0.157307	-0.180099	-0.457912	1.158275	0.787375	1.246379	1.158275	0.335852	0.201237	1.653274	-5.304795
T	-1.845363	1.633805	-2.474720	-0.007114	-0.275048	0.383261	0.110243	0.013120	-0.027637	1.475107	-6.474720
V	-0.802295	1.817602	-0.157307	-0.635516	0.072175	-0.027637	0.458971	0.599422	0.585976	0.984712	-1.920131
W	-5.304795	-6.474720	-0.027637	-4.667365	-1.920131	-2.719832	-3.189318	-4.667365	-1.408631	-3.189318	2.438917
Y	-2.082403	-2.719832	0.715105	-2.170939	-0.604355	-1.920131	-1.463493	-1.774280	-0.604355	-1.255551	1.890509
