A	0.249451	-1.375039	0.343779	0.039998	0.594587	0.343779	0.343779	1.051225	0.669355	-0.345292	0.934816	-3.960002
C	-3.960002	-3.960002	-3.960002	-2.790077	-2.790077	-2.790077	-3.960002	-3.960002	-3.960002	-2.790077	-3.960002	-3.960002
D	-3.960002	-3.960002	-1.712074	1.879202	-0.205114	1.209923	0.594587	0.594587	0.039998	-0.674600	-2.790077	-3.960002
E	-3.960002	-1.712074	-2.790077	1.306785	0.994194	0.432315	0.934816	0.515731	-0.872539	-0.345292	-0.345292	-3.960002
F	-2.790077	-3.960002	2.138030	-1.712074	-0.205114	-0.345292	-2.152647	-1.712074	-1.102021	0.515731	-1.712074	2.850570
G	-2.152647	-3.960002	-2.790077	0.249451	0.432315	0.808182	1.397550	1.781465	0.934816	-1.102021	-0.345292	-3.960002
H	-2.152647	-3.960002	-1.375039	-3.960002	-0.077359	-1.375039	-0.674600	-0.500570	-1.102021	-0.077359	-1.712074	-3.960002
I	-2.152647	-0.077359	0.432315	-3.960002	0.343779	-0.872539	-0.872539	-1.375039	0.432315	0.039998	-2.152647	-1.712074
K	2.973689	-3.960002	0.343779	-0.077359	-2.790077	0.669355	0.148523	0.515731	-0.077359	-2.152647	0.343779	-3.960002
L	-2.790077	2.527838	1.563560	-0.674600	0.808182	-0.077359	-0.500570	0.432315	0.148523	1.747357	0.432315	0.249451
M	-2.790077	0.594587	-0.077359	-2.790077	-0.872539	-2.790077	-3.960002	-3.960002	-1.712074	0.039998	-2.152647	-2.790077
N	-3.960002	-2.790077	-1.375039	0.039998	-1.375039	0.039998	-0.500570	0.039998	0.148523	0.343779	-0.872539	-3.960002
P	-3.960002	-2.790077	-1.712074	1.051225	1.259167	0.039998	1.051225	-1.102021	-0.077359	-1.102021	-2.790077	-3.960002
Q	-3.960002	0.515731	-0.205114	0.148523	-0.077359	0.740438	-0.345292	0.039998	-0.205114	0.669355	0.249451	-3.960002
R	3.031520	-2.790077	0.594587	-0.205114	-1.102021	-1.102021	-1.375039	-0.674600	0.039998	0.594587	0.249451	-3.960002
S	-0.345292	0.148523	-1.712074	1.158939	0.249451	0.934816	1.158939	0.515731	0.872888	-0.500570	2.084392	-3.960002
T	-2.790077	1.747357	-2.152647	-0.345292	-0.205114	-0.345292	0.432315	0.148523	0.872888	-0.345292	1.747357	-3.960002
V	-2.152647	2.084392	-0.500570	-0.345292	0.515731	0.039998	0.249451	0.148523	1.051225	0.740438	0.669355	-2.790077
W	-3.960002	-3.960002	-0.872539	-2.152647	-1.712074	-2.152647	-2.790077	-1.375039	-1.712074	-0.674600	-2.790077	2.866547
Y	-3.960002	-3.960002	0.934816	-2.152647	-0.674600	-0.674600	-1.102021	-3.960002	-2.152647	-0.872539	-2.152647	1.523814
