A	0.258068	-1.429988	0.859519	-0.792558	0.487550	-0.014950	-1.429988	1.014797	0.487550	0.859519	0.487550	0.685489	-2.599913
C	-2.599913	-2.599913	-2.599913	-2.599913	-2.599913	-2.599913	-2.599913	-2.599913	-2.599913	-2.599913	-2.599913	-1.429988	-2.599913
D	-2.599913	-2.599913	-2.599913	1.609541	-0.014950	1.154975	0.685489	-0.014950	-0.014950	-1.429988	-2.599913	-2.599913	-2.599913
E	-2.599913	-1.429988	-1.429988	1.875821	1.154975	0.685489	0.258068	-0.351985	0.685489	-0.014950	-0.014950	-1.429988	-2.599913
F	-2.599913	-2.599913	2.029444	-2.599913	-2.599913	-0.792558	-0.014950	-2.599913	-0.792558	0.859519	1.014797	-1.429988	2.712970
G	-1.429988	-1.429988	-2.599913	1.154975	1.014797	0.685489	0.487550	1.400087	0.685489	0.685489	-0.792558	-0.014950	-2.599913
H	-1.429988	-2.599913	-1.429988	-0.792558	-0.014950	-0.792558	-0.792558	-2.599913	-0.351985	-2.599913	-0.792558	-0.014950	-2.599913
I	-2.599913	1.154975	1.154975	-2.599913	-0.014950	-1.429988	0.258068	0.487550	-0.792558	0.487550	1.014797	-0.792558	-2.599913
K	3.000000	-2.599913	0.258068	-0.351985	-0.792558	-0.792558	0.487550	-0.351985	1.282730	0.487550	-2.599913	0.487550	-2.599913
L	-2.599913	2.232977	1.875821	-1.429988	0.859519	0.258068	1.154975	0.859519	-0.792558	0.859519	1.014797	0.258068	-1.429988
M	-2.599913	-0.792558	-1.429988	-2.599913	-2.599913	-1.429988	-2.599913	-2.599913	-1.429988	-0.792558	0.487550	-0.792558	-2.599913
N	-2.599913	-2.599913	-2.599913	-0.014950	-2.599913	-1.429988	-0.014950	-0.792558	0.487550	0.258068	-0.014950	-0.014950	-2.599913
P	-2.599913	-2.599913	-2.599913	1.154975	1.400087	0.685489	-0.792558	0.685489	-1.429988	0.487550	-0.792558	-2.599913	-2.599913
Q	-2.599913	0.487550	-1.429988	-0.351985	-0.351985	1.014797	0.487550	-1.429988	0.258068	-0.792558	1.703868	0.258068	-2.599913
R	2.800967	-1.429988	-0.351985	-2.599913	-0.792558	-0.792558	-0.792558	-0.014950	0.258068	-2.599913	-0.792558	-0.351985	-2.599913
S	-0.792558	-0.014950	-1.429988	1.400087	-0.014950	1.282730	-0.014950	1.282730	0.859519	0.487550	-0.792558	1.792405	-2.599913
T	-2.599913	2.168271	-1.429988	-0.792558	-1.429988	-0.014950	0.258068	-0.351985	-0.014950	-0.351985	-0.792558	1.508612	-2.599913
V	-1.429988	1.400087	-0.014950	-1.429988	0.859519	0.258068	1.014797	0.859519	-0.792558	0.487550	-1.429988	0.487550	-2.599913
W	-2.599913	-2.599913	-0.351985	-2.599913	-0.792558	-2.599913	-1.429988	-2.599913	-0.792558	-2.599913	-0.014950	-2.599913	3.174874
Y	-2.599913	-2.599913	0.487550	-2.599913	-0.792558	-1.429988	-0.792558	-2.599913	-0.351985	-0.351985	-0.792558	-1.429988	0.487550
