A	-0.954196	-0.954196	-0.954196	0.215729	0.215729	0.215729	0.215729	-0.954196	-0.954196	0.215729	-0.954196	0.215729	0.215729	-0.954196
C	-0.954196	-0.954196	-0.954196	-0.954196	-0.954196	-0.954196	-0.954196	-0.954196	-0.954196	-0.954196	-0.954196	-0.954196	-0.954196	-0.954196
D	-0.954196	-0.954196	-0.954196	1.630766	-0.954196	0.215729	-0.954196	0.853159	0.215729	-0.954196	0.215729	-0.954196	-0.954196	-0.954196
E	-0.954196	-0.954196	-0.954196	1.293731	0.853159	0.215729	0.853159	0.853159	-0.954196	0.853159	-0.954196	-0.954196	0.215729	-0.954196
F	-0.954196	-0.954196	2.331206	-0.954196	-0.954196	-0.954196	-0.954196	0.215729	-0.954196	-0.954196	-0.954196	0.853159	-0.954196	2.505235
G	-0.954196	-0.954196	-0.954196	0.853159	-0.954196	-0.954196	0.853159	1.293731	1.293731	1.293731	0.853159	0.215729	-0.954196	-0.954196
H	-0.954196	-0.954196	-0.954196	-0.954196	0.853159	-0.954196	0.215729	-0.954196	-0.954196	-0.954196	-0.954196	0.215729	-0.954196	-0.954196
I	-0.954196	0.215729	-0.954196	-0.954196	1.293731	-0.954196	0.215729	0.215729	-0.954196	-0.954196	0.215729	0.215729	-0.954196	-0.954196
K	2.133267	-0.954196	-0.954196	-0.954196	-0.954196	0.215729	0.215729	-0.954196	0.215729	0.215729	0.215729	-0.954196	-0.954196	-0.954196
L	-0.954196	2.660514	0.215729	-0.954196	0.853159	-0.954196	-0.954196	-0.954196	0.215729	-0.954196	0.853159	1.630766	1.293731	-0.954196
M	-0.954196	-0.954196	0.215729	-0.954196	0.215729	-0.954196	-0.954196	-0.954196	-0.954196	-0.954196	-0.954196	0.215729	-0.954196	-0.954196
N	-0.954196	-0.954196	-0.954196	-0.954196	-0.954196	0.215729	0.215729	-0.954196	-0.954196	-0.954196	0.853159	-0.954196	-0.954196	-0.954196
P	-0.954196	-0.954196	-0.954196	0.215729	0.215729	1.293731	0.215729	-0.954196	0.215729	0.215729	-0.954196	-0.954196	-0.954196	-0.954196
Q	-0.954196	-0.954196	-0.954196	0.215729	-0.954196	0.215729	0.853159	-0.954196	0.853159	0.215729	-0.954196	-0.954196	-0.954196	-0.954196
R	2.660514	-0.954196	0.215729	-0.954196	-0.954196	0.215729	-0.954196	-0.954196	-0.954196	-0.954196	-0.954196	0.853159	0.215729	-0.954196
S	-0.954196	0.215729	-0.954196	0.853159	-0.954196	1.293731	0.853159	1.293731	0.215729	0.853159	-0.954196	0.215729	0.853159	-0.954196
T	-0.954196	-0.954196	-0.954196	0.215729	0.215729	0.215729	0.215729	-0.954196	1.293731	0.853159	1.293731	0.215729	1.630766	-0.954196
V	-0.954196	1.630766	-0.954196	-0.954196	0.215729	0.215729	-0.954196	0.853159	0.853159	-0.954196	0.853159	-0.954196	0.853159	-0.954196
W	-0.954196	-0.954196	0.215729	-0.954196	0.215729	-0.954196	-0.954196	-0.954196	-0.954196	-0.954196	-0.954196	-0.954196	-0.954196	2.133267
Y	-0.954196	-0.954196	1.630766	-0.954196	-0.954196	-0.954196	-0.954196	0.215729	-0.954196	0.853159	0.215729	-0.954196	0.215729	0.215729
