A	0.144948	-1.135160	0.940129	-0.357552	0.342888	-0.694587	0.672195	-2.942515
C	-2.942515	-2.942515	-2.942515	-2.942515	-2.942515	-2.942515	-1.772590	-2.942515
D	-2.942515	-2.942515	-1.772590	0.144948	-2.942515	-1.772590	-2.942515	-2.942515
E	-2.942515	-2.942515	-2.942515	-1.135160	-1.772590	0.516917	-0.357552	-2.942515
F	-2.942515	-2.942515	2.458365	-0.694587	-0.084534	1.612074	-2.942515	2.011682
G	-0.694587	-2.942515	1.449803	-0.694587	-0.084534	-1.772590	-1.135160	-2.942515
H	-2.942515	-2.942515	-0.694587	-0.084534	-1.135160	0.812373	-0.357552	-2.942515
I	-0.694587	0.940129	-0.694587	-0.084534	-0.357552	0.516917	-0.357552	-0.694587
K	2.657398	-2.942515	-0.357552	1.612074	-0.084534	-0.694587	0.144948	-2.942515
L	-1.135160	2.324272	-0.084534	0.516917	-0.357552	-0.084534	1.057485	0.342888
M	-2.942515	0.342888	-1.772590	-1.135160	-2.942515	-2.942515	-0.694587	-2.942515
N	-2.942515	-2.942515	-0.357552	-1.772590	-0.084534	-1.135160	-0.694587	-2.942515
P	-2.942515	-2.942515	-1.772590	1.361266	0.672195	-0.694587	-1.772590	-2.942515
Q	-1.135160	0.672195	-1.772590	-0.694587	-0.694587	-0.357552	-0.084534	-2.942515
R	2.694110	-2.942515	-2.942515	0.516917	2.729911	-0.694587	0.812373	-2.942515
S	0.516917	-0.084534	-1.135160	0.516917	-0.694587	-0.084534	1.686842	-2.942515
T	-1.772590	1.952303	-0.357552	-0.357552	-0.357552	0.342888	1.057485	-2.942515
V	-0.694587	1.686842	-2.942515	0.516917	0.516917	0.342888	0.940129	-1.772590
W	-2.942515	-2.942515	0.516917	-1.772590	-2.942515	-0.084534	-2.942515	3.207233
Y	-1.135160	-1.772590	0.812373	-0.694587	-1.135160	1.266939	-1.772590	1.449803
