A	0.949944	0.546726	0.810548	0.166117	-0.091706	0.026089	0.232044	0.886386	-4.655089
C	-7.010569	-5.622299	-3.209289	-5.989508	-4.740480	-4.081224	-4.138030	-3.610192	-10.098032
D	-4.167295	-3.513070	-0.081224	1.089475	-0.998684	-1.777232	-1.668625	-3.120752	-10.098032
E	-1.689702	-1.668625	-2.680180	1.395573	-0.112902	-0.790831	0.257044	0.686194	-10.098032
F	-0.872825	-2.429147	1.299241	-1.602177	0.127477	0.054886	-0.009906	-1.496261	2.300645
G	-0.491164	-3.336481	-1.500911	0.732483	0.476325	-0.219981	-2.628390	-0.379927	-10.098032
H	-0.765436	-4.574470	-0.214243	-1.115039	0.086223	-0.470498	0.475142	-0.354460	-2.997370
I	-0.062202	0.752155	0.569079	-1.388948	0.581228	1.130636	0.316389	-1.805710	0.404800
K	2.221358	-7.513070	0.630951	0.535417	0.783082	-0.292691	-0.599183	0.499788	-0.790831
L	-0.694487	2.182014	0.851247	-0.208528	0.663519	0.907592	1.205321	0.183608	2.218886
M	-2.002635	-0.141656	-0.430034	-2.895908	-1.931869	-1.777232	-1.218449	-1.996056	-1.828905
N	-2.701427	-5.794251	0.233445	-0.174705	-0.519188	-0.604177	-0.434474	-0.493479	-10.098032
P	-7.850105	-3.078441	-1.782883	1.473484	0.386036	0.313744	-0.256861	-2.326543	-10.098032
Q	-0.773852	1.555261	-0.199053	0.016361	-0.356565	-0.229595	0.572403	0.567970	-10.098032
R	2.088005	-1.233846	0.037357	-0.477354	0.086223	0.718552	-0.308906	-0.091706	-0.268706
S	0.877458	0.282970	0.239032	0.850335	0.241818	0.543342	0.675931	1.827430	-10.098032
T	-0.484243	1.136636	-1.257254	-0.348163	-0.069090	0.609543	0.437972	1.412979	-8.928107
V	0.167583	1.551336	-0.505108	-0.959760	0.865767	1.231484	1.006730	0.430666	0.341279
W	-5.468675	-5.622299	-1.042072	-3.370112	-0.928107	-3.106510	-1.663404	-5.888579	1.021395
Y	-0.581840	-0.341893	0.704484	-2.133691	-0.599183	-1.273073	-0.112902	-1.162130	1.975775
