A	-0.969626	2.807355	1.145851	-0.696608	0.837729	0.328054	-0.969626	0.445411	1.511500	-3.554589
C	-3.554589	-2.384664	-3.554589	-2.384664	-2.384664	-2.384664	-1.747234	-0.696608	-1.747234	-3.554589
D	-3.554589	-3.554589	0.553936	2.117836	0.445411	0.060121	-0.467126	-1.747234	-3.554589	-3.554589
E	-2.384664	-3.554589	-2.384664	1.213595	1.000000	0.328054	-1.306661	-0.969626	1.074768	-3.554589
F	2.489805	-1.747234	1.615336	-3.554589	-1.747234	-1.306661	-2.384664	-3.554589	-3.554589	2.152770
G	-1.747234	-3.554589	-2.384664	0.445411	1.712198	1.074768	1.664580	-0.969626	-0.969626	-3.554589
H	0.837729	-3.554589	-0.696608	-1.747234	0.553936	0.060121	0.749192	0.837729	-0.696608	-3.554589
I	-0.095157	-0.467126	1.399607	-2.384664	-1.306661	-2.384664	0.060121	-0.696608	-2.384664	-3.554589
K	-0.467126	-2.384664	-0.969626	-0.467126	-0.269187	0.445411	0.749192	-1.747234	-0.969626	-3.554589
L	0.328054	1.802963	-0.095157	-1.306661	-1.747234	-0.969626	1.000000	0.749192	-0.696608	3.546073
M	-0.969626	-1.306661	-0.696608	-1.747234	-3.554589	-3.554589	-0.969626	-0.696608	-1.747234	0.328054
N	-2.384664	-3.554589	-0.696608	0.060121	0.060121	-0.269187	-0.696608	0.060121	-1.747234	-3.554589
P	-3.554589	1.615336	-1.306661	2.405413	1.340229	1.399607	1.074768	-0.095157	-1.306661	-3.554589
Q	-3.554589	-1.747234	-1.306661	-0.969626	-0.696608	-1.306661	-0.467126	0.060121	-0.269187	-3.554589
R	-0.095157	-3.554589	-3.554589	-1.747234	-1.306661	-0.095157	-0.269187	0.553936	-0.095157	-3.554589
S	-0.969626	0.328054	-0.269187	0.200299	0.445411	1.758294	-0.269187	0.445411	1.929227	-3.554589
T	-1.306661	-1.306661	-0.969626	-1.306661	-0.467126	0.654865	0.200299	1.000000	1.564352	-2.384664
V	-0.467126	1.000000	0.328054	-1.747234	-0.696608	-0.969626	0.328054	1.664580	0.553936	-1.306661
W	-3.554589	-3.554589	-1.747234	-3.554589	-3.554589	-3.554589	-3.554589	-3.554589	-2.384664	-3.554589
Y	2.315776	-3.554589	1.615336	-3.554589	-0.696608	-2.384664	-2.384664	-0.969626	-0.095157	-0.269187
