A	0.375509	3.191426	0.375509	-1.039528	0.375509	0.375509	-1.039528	1.249978	-2.209453	1.405256	-2.209453
C	-2.209453	-2.209453	-2.209453	-2.209453	-2.209453	-0.402098	-2.209453	-2.209453	-2.209453	-2.209453	-2.209453
D	-2.209453	-2.209453	0.648528	2.345135	-1.039528	0.375509	1.249978	-0.402098	-0.402098	-2.209453	-2.209453
E	-2.209453	-2.209453	-2.209453	-0.402098	-1.039528	0.038474	-1.039528	-0.402098	-1.039528	0.038474	-2.209453
F	2.182864	-2.209453	1.405256	0.038474	-2.209453	-2.209453	-2.209453	-2.209453	-2.209453	-1.039528	0.648528
G	-1.039528	-2.209453	-2.209453	-0.402098	1.405256	1.545434	0.648528	1.405256	-0.402098	-1.039528	-2.209453
H	0.648528	-2.209453	0.038474	-2.209453	-1.039528	-2.209453	0.878009	0.038474	0.648528	-2.209453	-2.209453
I	-2.209453	0.038474	1.075949	-2.209453	-1.039528	-1.039528	-0.402098	0.038474	1.249978	-2.209453	-2.209453
K	-2.209453	-2.209453	-2.209453	-0.402098	0.038474	0.648528	0.038474	-1.039528	-0.402098	-0.402098	-2.209453
L	0.038474	0.648528	0.648528	-1.039528	-1.039528	-0.402098	0.375509	-2.209453	1.249978	-1.039528	3.629750
M	-0.402098	-1.039528	-2.209453	-2.209453	-2.209453	-2.209453	-2.209453	-1.039528	-1.039528	-2.209453	1.075949
N	-2.209453	-2.209453	-2.209453	-0.402098	-0.402098	-1.039528	-0.402098	-0.402098	-1.039528	-2.209453	-2.209453
P	-2.209453	1.075949	-1.039528	2.266280	2.419903	0.038474	1.075949	0.375509	-0.402098	-1.039528	-2.209453
Q	-2.209453	-1.039528	-2.209453	-2.209453	-1.039528	-0.402098	0.648528	-1.039528	0.648528	-1.039528	-2.209453
R	0.038474	-2.209453	-2.209453	-1.039528	-1.039528	0.878009	-1.039528	0.038474	0.375509	-1.039528	-2.209453
S	0.375509	-0.402098	-0.402098	0.038474	1.545434	1.249978	1.075949	1.075949	1.790547	2.490986	-2.209453
T	-1.039528	0.038474	-2.209453	0.038474	-0.402098	0.648528	0.375509	0.375509	-2.209453	1.545434	-2.209453
V	1.405256	0.038474	1.075949	-1.039528	-2.209453	-0.402098	-1.039528	0.038474	0.375509	-1.039528	-2.209453
W	-2.209453	-2.209453	-1.039528	-2.209453	-2.209453	-2.209453	-2.209453	-2.209453	-2.209453	-2.209453	-2.209453
Y	1.545434	-2.209453	2.000000	-0.402098	-0.402098	-2.209453	-1.039528	0.648528	-1.039528	1.075949	-1.039528
