A	0.636188	3.302680	1.464164	-1.517058	1.432315	-0.165586	1.669355	-4.375039
C	-1.287577	-3.205114	-3.205114	-2.567685	-4.375039	-4.375039	-1.287577	-4.375039
D	-4.375039	-4.375039	0.017278	-0.620152	-2.567685	-2.567685	-1.089637	-4.375039
E	-4.375039	-4.375039	-2.567685	0.325400	-3.205114	-2.567685	1.641769	-4.375039
F	2.386512	-4.375039	0.325400	-3.205114	-2.567685	-1.287577	-2.127112	-0.760330
G	-2.127112	-1.089637	1.148523	0.017278	3.302680	-2.567685	-2.127112	-4.375039
H	-0.492396	-4.375039	1.696423	0.254317	-0.492396	0.519778	-1.287577	-4.375039
I	0.100694	-0.620152	0.457851	-0.492396	-1.089637	0.017278	-0.620152	-2.127112
K	-1.517058	-4.375039	-0.165586	0.393145	-3.205114	0.743902	-0.492396	-4.375039
L	1.067904	-0.760330	-0.071259	0.982513	-3.205114	1.872888	0.254317	4.080288
M	-1.287577	-4.375039	-2.567685	-3.205114	-4.375039	-1.517058	-1.517058	-0.375039
N	-3.205114	-2.127112	-0.071259	-1.089637	-2.127112	-0.760330	-4.375039	-4.375039
P	-4.375039	-1.517058	-2.127112	1.464164	0.636188	0.891747	-1.089637	-4.375039
Q	-2.127112	-1.517058	-0.915608	-0.760330	-2.567685	-0.165586	-0.492396	-4.375039
R	-0.760330	-4.375039	-0.620152	0.457851	-1.517058	1.495325	-0.492396	-4.375039
S	-0.266515	2.072044	0.017278	0.100694	0.743902	0.691050	1.187203	-4.375039
T	-0.492396	0.691050	-0.915608	0.844129	-1.517058	-0.266515	0.794886	-4.375039
V	0.579157	0.179549	-0.375039	1.495325	0.017278	0.254317	1.495325	-1.790077
W	-2.567685	-4.375039	-2.127112	-3.205114	-4.375039	-2.567685	-4.375039	-4.375039
Y	1.872888	-4.375039	-0.071259	-2.567685	-3.205114	-4.375039	-2.127112	-0.915608
