A	0.874738	2.541642	1.214819	0.113763	0.479856	0.380266	0.498975	1.562511	-2.432047
C	-2.242302	-2.991170	-3.222124	-3.916316	-2.432047	-2.030105	-2.267928	-1.807087	-5.534068
D	-3.380822	-6.584694	0.605130	1.652345	-0.833628	-1.265345	-2.719624	-2.617262	-8.392049
E	-3.380822	-8.392049	-1.458358	1.833460	0.172100	-0.563913	-0.456884	1.226336	-8.392049
F	1.707628	-5.807087	0.412889	-2.719624	-0.963689	-0.420505	-1.344925	-1.414769	0.920834
G	-1.027914	-0.942900	-2.491182	0.929315	0.650294	0.877662	-2.168047	-1.503306	-8.392049
H	-0.032299	-8.392049	0.123651	-0.872413	0.755792	-0.264055	0.892197	-0.213384	-7.222124
I	0.250905	0.404802	1.278165	-2.168047	-0.140567	0.707299	0.346888	-1.965784	-0.852890
K	0.995430	-8.392049	-0.343562	0.000268	0.612171	-0.434947	0.000268	0.304049	-8.392049
L	0.325627	2.508063	0.674040	-1.189925	-0.099727	0.842170	1.032642	-0.494204	3.686769
M	-0.953257	-0.399111	-0.213384	-3.273108	-2.755424	-1.597633	-1.239764	-2.908233	-0.244844
N	-1.443682	-4.932617	-0.071248	-0.494204	0.123651	-0.420505	-0.984781	-1.202224	-8.392049
P	-8.392049	0.684098	-1.825995	1.664250	0.799627	0.138357	0.811911	-2.074636	-8.392049
Q	-2.217123	-1.038902	-0.705549	-0.420505	-0.555999	-0.479160	0.088741	0.209722	-8.392049
R	0.026858	-8.392049	-1.372458	-1.106647	0.329905	-0.219622	0.209722	-0.054427	-8.392049
S	0.805782	0.255409	0.250905	0.612171	0.704007	1.155809	0.710583	1.730455	-8.392049
T	-0.037800	-0.357250	-0.494204	-0.571870	0.186324	0.646870	0.674040	1.086721	-7.222124
V	0.536469	0.687436	0.723645	-1.581477	0.543853	0.871807	1.066358	0.506552	0.968249
W	-3.325960	-8.392049	-2.168047	-5.304586	-3.916316	-4.637162	-3.437853	-6.584694	-5.807087
Y	1.136405	-7.222124	0.495172	-2.991170	-1.372458	-1.473186	-1.372458	-0.579872	0.687436
