A	-2.903980 0.257363 0.811219 -1.093288 0.044002 -2.229504 -1.015386 0.116333 -0.318311
C	-7.192733 -7.192771 -7.192771 -7.192771 -7.192771 -7.192771 -7.192771 -7.192771 -7.192771
D	-6.915645 0.403850 -0.289704 -7.133336 0.180784 -7.137027 -3.387682 -0.327605 -6.929597
E	-3.369258 1.060822 -1.192981 0.350273 1.091544 -4.450595 1.146538 1.395337 -3.528177
F	2.083983 -0.369624 -0.435538 0.874618 -5.391223 0.648788 -1.754120 -3.619799 2.092255
G	-2.384856 -1.576458 1.375557 -3.643813 -2.179737 -7.114545 -0.665075 -1.002079 -2.189259
H	-7.076930 -1.473971 -0.563062 0.783844 -1.233196 1.541842 0.058898 -1.498317 -7.019899
I	1.424385 0.281077 0.051330 -1.809661 -0.131266 1.657064 -0.416866 0.073390 1.615492
K	-0.063976 -0.510124 -4.838465 2.591756 0.519385 0.647156 0.532401 1.198695 -1.037147
L	2.408076 1.407744 -0.678686 1.221741 1.442662 2.668945 1.596506 0.759505 2.100446
M	0.717521 -2.540224 -1.764082 -6.857166 -1.459743 0.706438 -3.688860 -1.987028 -1.042802
N	-2.732389 0.133008 -0.948118 -1.181712 -0.198014 -2.615685 0.841154 0.406045 -0.467170
P	-6.943008 -7.091475 0.300887 -3.397178 0.011418 -1.632826 -0.412024 -0.731623 -6.637180
Q	-3.479881 0.094652 0.000857 -0.696648 0.534522 -7.085040 1.793138 0.787095 -2.851288
R	-3.478919 -0.901052 -3.515668 0.252815 0.011206 -6.762636 0.596735 0.244042 -2.874842
S	-5.791033 0.254434 1.062329 0.219535 0.896642 -7.173075 -6.771369 0.126495 -1.116861
T	-3.442865 0.064309 0.027882 0.241628 0.458745 -2.495682 -1.104735 0.401338 -0.175729
V	0.104651 1.473392 0.687731 -1.198580 0.328627 0.486659 -0.051378 0.757312 1.862043
W	-2.127059 -1.984400 0.010559 -2.660173 -3.653163 -7.184689 -2.319982 -3.525550 -7.186365
Y	1.571007 0.265353 1.273564 -0.582158 -0.530593 -1.202027 -0.390525 -2.133882 -1.820739
