A	-0.176137 0.748425 0.442488 1.922030 0.774895 0.228157 0.675901 0.978037 2.255380
C	-5.995234 -5.450627 -5.146903 -2.320731 -6.443299 -10.432660 -6.895179 -6.012024 -4.371254
D	-1.164477 -0.649856 -1.041126 -2.302425 -0.206888 3.513104 -0.161879 -0.331057 -0.328540
E	0.275076 0.676177 -1.620690 -1.878300 0.951947 -0.525829 0.532867 1.023341 -0.279175
F	-1.368074 -1.005359 -1.106958 -1.418651 -1.155444 -7.745207 -0.410229 -0.545921 -4.336055
G	-2.137000 -0.400694 -0.383390 -2.519708 -0.860735 -3.412909 -2.031221 -0.383082 1.827567
H	-2.354901 0.072452 -2.335044 -5.987655 -1.148040 -9.755672 0.035708 -1.211832 -2.644224
I	2.007440 0.331620 -1.126770 1.715164 0.021201 -0.029405 -0.048329 -0.256859 -1.078637
K	-4.657533 0.735798 -3.433421 -8.873590 0.991863 -9.982174 -0.990618 0.189593 -3.667038
L	1.706544 -0.036076 -1.509701 0.462722 0.427029 -0.420302 0.415603 1.008171 -1.027022
M	-0.907549 -2.543748 -2.452703 -0.878512 -2.102849 -3.097611 -2.640560 -1.747468 -2.716971
N	0.928746 0.022631 -1.231109 -1.721972 -0.567152 -0.547139 0.340879 -0.367795 -0.982169
P	-2.011227 -4.169581 -1.370855 -10.226434 -0.396589 -1.250426 1.427799 0.973698 -2.701657
Q	0.148083 0.178351 -1.319982 -3.267505 0.300227 -4.634294 0.302568 -0.322873 0.557325
R	-5.583657 0.721210 -2.588834 -8.545889 0.314014 -10.241780 0.224779 0.289225 -3.050063
S	0.549594 0.633671 1.972957 1.071955 0.961165 -0.672566 0.311215 0.387647 2.196978
T	-0.214006 0.990265 3.157739 0.909345 0.586700 0.241108 -0.070551 -0.001591 -0.103897
V	1.535535 0.713397 -0.950447 2.413210 0.731498 0.860246 0.620288 0.299646 -0.362132
W	-3.364632 -3.048467 -5.432159 -6.124570 -3.052368 -10.499231 -1.534395 -2.543067 -10.077635
Y	-2.529749 -0.904748 -0.948458 -4.968917 -1.707407 -10.452819 -0.661250 -0.869718 -4.159347
