A	0.173767 1.170886 1.717605 1.046309 0.594703 1.434871 0.264505 1.004221 1.538230
C	-6.539171 -7.006211 -1.953383 -3.948023 -10.042767 -2.690706 -9.510251 -6.344797 -4.383228
D	-0.179956 -1.020475 -0.348240 -1.825067 -0.647332 -0.886028 -0.421805 -0.424715 0.489942
E	0.348534 0.241425 -0.369158 -1.878428 0.308247 1.126272 0.215413 0.843458 0.586189
F	0.998422 -1.075678 0.036699 2.411654 -1.817023 -8.798529 -2.216049 -1.557157 -2.619865
G	-2.107380 0.354448 1.364348 -0.894891 -0.834570 -2.142213 -2.207748 0.218337 1.400822
H	-2.429637 -0.027337 -0.428150 -1.118451 -0.210646 -2.285024 1.703296 -0.265990 -2.198050
I	1.531020 -0.441485 -0.568623 0.110852 -0.115635 1.011281 -2.172318 -0.247820 -0.001585
K	-3.204281 0.946298 -1.521523 -0.388926 1.474773 -1.818742 1.214025 0.693263 -1.484348
L	0.085022 -0.595943 -0.326585 -0.332066 0.090737 0.066986 -0.637778 0.179766 0.015298
M	-2.804415 -2.537799 -2.815777 -1.380709 -2.340780 -1.930193 -3.939701 -2.689822 -2.342093
N	-2.390160 0.050004 -0.994091 -3.606421 -0.706036 -1.646943 0.258369 -0.098357 -0.662574
P	1.364180 -3.335478 -1.115729 -10.061969 -0.794252 1.033441 -1.436135 0.903160 -0.698024
Q	-1.977679 0.051806 -1.635575 -1.207994 0.061527 -0.194830 0.665349 -0.545146 -0.088552
R	-3.126754 0.797544 -0.090533 -2.182852 0.652282 -3.787014 2.350378 0.443804 -1.054692
S	-1.885916 0.853058 1.251955 -0.679994 0.418892 0.319246 -0.672777 0.456295 1.581563
T	-0.519681 0.651105 0.583093 -1.505763 0.584183 0.944703 -1.485463 0.031686 -0.054743
V	1.416797 0.489693 -0.170767 0.321164 1.478547 1.945465 -1.211592 0.461793 0.809586
W	-0.830881 -2.603981 -2.466646 0.621438 -3.563765 -5.424716 -5.163457 -3.518394 -6.498627
Y	1.461455 -0.029208 0.499772 1.796747 -1.228976 -6.085144 -1.961024 -0.616224 -2.580472
