A	-3.719494 0.448599 1.461560 0.778666 0.541475 2.594697 1.216635 0.388417 1.510648
C	-9.078626 -3.860823 -3.393371 -5.630816 -5.632361 -4.125160 -4.630230 -4.696818 -3.462156
D	-5.285426 -1.249809 -1.212768 2.070396 0.087224 -0.387366 0.041801 -1.065207 -1.571424
E	-4.364361 0.626333 -0.761526 0.567296 0.298532 -0.599856 1.193166 0.038594 -1.497608
F	2.460208 -1.339586 0.006857 -1.551733 -2.623027 -2.304576 -1.053434 -1.544334 -0.532040
G	-5.604872 -2.095124 -0.203236 -2.841041 -0.901801 1.297802 -0.346137 -0.371463 -0.760079
H	-5.304308 0.044926 -0.705599 -3.880755 -0.764734 -4.119406 -0.543934 -0.543198 -8.131939
I	1.829598 0.854628 0.616454 0.448584 -0.341376 -1.906429 -0.359409 -0.709448 1.424514
K	-2.712050 1.093263 -0.187556 -8.734376 1.292900 -0.640061 -0.841291 0.978042 -2.988443
L	0.893404 0.502485 0.387828 2.414850 -0.609332 -2.637251 1.051233 1.041369 2.258959
M	-2.502824 -2.628707 -0.548995 -0.034045 -2.585235 -9.072357 -3.096705 -2.214173 -0.558245
N	-6.362335 -0.418886 -1.345799 -2.061011 -0.110794 -0.057638 0.715941 -0.628372 -2.858561
P	-7.628815 -8.616544 0.191355 -7.425365 1.173191 0.915489 -0.277579 1.244424 -7.273473
Q	-3.634459 0.256781 0.050576 -0.420082 0.263138 -3.498756 0.811571 0.078287 -1.735312
R	-0.552893 1.382202 0.031638 -8.487465 0.802215 -2.255956 -0.593581 1.292582 -0.148040
S	-4.688283 -0.475507 1.042770 -0.285446 0.681368 1.477843 -0.092786 0.320043 -0.938204
T	-8.274947 0.022540 -0.573398 -0.021339 0.714306 0.526371 -0.959099 -0.303949 -1.063759
V	0.266493 1.202800 0.693971 0.423017 0.159177 0.362498 0.915964 0.332984 1.964768
W	0.121400 -1.738582 -1.928084 -2.430556 -2.928975 -8.882768 -1.881305 -4.602697 -5.238256
Y	2.445250 -0.908296 0.048175 -5.062013 -1.904656 -5.061213 -1.544973 -0.714079 -0.914864
