A	-1.459432	-1.459432	1.125531	0.347923	0.788496	-1.459432	-0.289507	-0.289507	1.825971	3.435386
C	-1.459432	-1.459432	-1.459432	-1.459432	-1.459432	-1.459432	-1.459432	-1.459432	-1.459432	-1.459432
D	-1.459432	-1.459432	-0.289507	0.347923	-0.289507	0.347923	-1.459432	-1.459432	-1.459432	-1.459432
E	-1.459432	-1.459432	-1.459432	0.347923	-1.459432	-0.289507	-0.289507	-1.459432	-1.459432	-1.459432
F	-0.289507	-1.459432	0.347923	-0.289507	-1.459432	-1.459432	-1.459432	-1.459432	-1.459432	-0.289507
G	-1.459432	-1.459432	-0.289507	1.125531	1.398549	1.125531	0.788496	-0.289507	-0.289507	-1.459432
H	1.398549	-1.459432	0.347923	-1.459432	0.347923	-0.289507	-0.289507	0.788496	-1.459432	-1.459432
I	0.347923	-1.459432	-1.459432	-1.459432	0.788496	-1.459432	-0.289507	0.347923	-1.459432	-0.289507
K	-0.289507	-1.459432	0.788496	-0.289507	0.347923	1.125531	0.347923	-0.289507	0.788496	-1.459432
L	0.788496	-1.459432	0.347923	0.347923	-0.289507	-1.459432	0.788496	-1.459432	-1.459432	-0.289507
M	2.155278	-1.459432	-0.289507	-1.459432	-1.459432	-1.459432	0.347923	0.347923	-0.289507	-1.459432
N	-1.459432	-1.459432	0.347923	-0.289507	-1.459432	-1.459432	-1.459432	-0.289507	-1.459432	-1.459432
P	-1.459432	3.659509	0.347923	-0.289507	-0.289507	0.788496	1.628031	1.125531	-0.289507	-1.459432
Q	-1.459432	-1.459432	0.347923	1.398549	-1.459432	1.398549	-1.459432	-0.289507	0.347923	-1.459432
R	-1.459432	-1.459432	-1.459432	-1.459432	-0.289507	-1.459432	0.347923	-1.459432	-1.459432	-1.459432
S	-1.459432	-1.459432	-1.459432	1.398549	1.628031	1.628031	0.347923	-0.289507	2.000000	-1.459432
T	0.347923	-1.459432	-1.459432	-0.289507	-0.289507	-0.289507	0.347923	1.125531	0.788496	-1.459432
V	0.788496	-1.459432	1.125531	-1.459432	-0.289507	-0.289507	0.347923	1.398549	0.347923	0.347923
W	-1.459432	-1.459432	-1.459432	-1.459432	-1.459432	-1.459432	-1.459432	-0.289507	-1.459432	-1.459432
Y	0.347923	-0.289507	0.347923	-0.289507	-0.289507	-1.459432	-1.459432	-0.289507	-1.459432	-1.459432
