A	-1.523562	1.935870	1.334419	-0.353637	0.283793	0.724366	1.563901	2.685891
C	-1.523562	-1.523562	-1.523562	-1.523562	-1.523562	-1.523562	-1.523562	-1.523562
D	2.359081	-1.523562	-1.523562	-1.523562	-1.523562	-1.523562	-1.523562	-1.523562
E	-1.523562	-1.523562	-1.523562	-0.353637	-1.523562	0.283793	0.283793	-1.523562
F	0.283793	-1.523562	0.724366	-1.523562	-0.353637	-0.353637	-1.523562	-1.523562
G	-1.523562	-1.523562	-1.523562	-0.353637	-0.353637	-1.523562	-0.353637	-1.523562
H	0.283793	-1.523562	-1.523562	-0.353637	-0.353637	1.334419	0.283793	-1.523562
I	-1.523562	-1.523562	-1.523562	0.724366	-0.353637	-1.523562	-1.523562	1.563901
K	-1.523562	-1.523562	-1.523562	1.334419	-1.523562	0.283793	1.563901	-1.523562
L	1.061401	-0.353637	-0.353637	0.283793	1.935870	-1.523562	-1.523562	0.724366
M	0.283793	-0.353637	-1.523562	-1.523562	-0.353637	-1.523562	-1.523562	-1.523562
N	-0.353637	-1.523562	-1.523562	-1.523562	-1.523562	0.724366	-1.523562	-1.523562
P	-1.523562	3.105795	2.231326	0.283793	0.283793	1.061401	-0.353637	-1.523562
Q	-0.353637	-0.353637	0.724366	-0.353637	-0.353637	-0.353637	-1.523562	-1.523562
R	-1.523562	-1.523562	-1.523562	0.283793	-1.523562	0.283793	1.061401	-1.523562
S	0.283793	-1.523562	-1.523562	0.724366	-0.353637	-1.523562	0.283793	-1.523562
T	-0.353637	-1.523562	-0.353637	1.563901	-1.523562	-0.353637	1.061401	-1.523562
V	0.724366	-1.523562	1.334419	0.283793	2.359081	1.334419	0.283793	1.761840
W	-1.523562	-1.523562	-1.523562	-1.523562	-1.523562	-1.523562	-1.523562	-1.523562
Y	-0.353637	-1.523562	0.283793	-1.523562	-1.523562	-0.353637	-1.523562	-1.523562
