A	0.415037	2.335420	1.663475	0.970656	0.415037	1.035073	-0.500350	1.184554	2.991909
C	-4.804131	-4.804131	-2.556204	-4.804131	-3.634206	-4.804131	-3.634206	-3.634206	-2.996776
D	-0.921488	-4.804131	-1.946150	0.832494	-1.049244	-0.695607	-2.219169	-2.219169	-4.804131
E	1.126606	-3.634206	-2.996776	1.319990	-0.249542	-1.189421	0.028759	0.553421	-4.804131
F	-1.344699	-4.804131	0.508752	-1.716668	-0.695607	-1.189421	-2.556204	-3.634206	-4.804131
G	-3.634206	-3.634206	-1.946150	0.553421	0.207096	0.508752	-3.634206	-1.344699	-4.804131
H	0.903228	-4.804131	-0.594678	-0.804131	-0.695607	0.028759	1.345616	-0.249542	-4.804131
I	-0.804131	-3.634206	-0.249542	-2.996776	0.365794	0.832494	-0.103691	-2.556204	1.889356
K	-0.500350	-4.804131	0.090687	0.758111	0.462656	0.868294	0.719431	1.066234	-4.804131
L	0.937336	-1.344699	0.937336	-0.328398	0.207096	0.638812	1.663475	-0.695607	-0.035947
M	0.903228	-2.219169	-0.103691	-3.634206	-2.556204	-2.219169	-0.804131	-2.996776	-4.804131
N	0.314810	-4.804131	0.508752	0.090687	-0.594678	-1.344699	-0.328398	-1.049244	-4.804131
P	-4.804131	3.630497	-0.174774	0.903228	1.293901	-0.174774	0.596748	-1.946150	-2.996776
Q	-0.249542	-0.695607	-0.249542	-0.174774	-0.249542	0.090687	0.679685	0.553421	-4.804131
R	-1.049244	-4.804131	-1.716668	-0.695607	-0.921488	0.028759	-0.174774	0.903228	-4.804131
S	1.126606	-3.634206	1.035073	1.066234	0.365794	-0.035947	-0.411814	1.683709	-4.804131
T	0.719431	-3.634206	0.261958	0.028759	0.795782	0.937336	-0.328398	1.535719	-2.996776
V	0.314810	-1.344699	0.365794	-0.328398	1.601010	1.003224	0.970656	0.365794	2.705644
W	-4.804131	-4.804131	-4.804131	-2.996776	-4.804131	-4.804131	-3.634206	-4.804131	-4.804131
Y	-0.328398	-1.946150	0.207096	-2.219169	-1.716668	-1.716668	-1.049244	-2.996776	-4.804131
