A	0.894205	-2.381429	1.796908	0.728195	1.112110	1.007268	0.589812	0.381871	1.732587	-0.419903
C	-2.822002	-4.629357	-4.629357	-4.629357	-4.629357	-4.629357	-4.629357	-4.629357	-2.044394	-1.014647
D	-3.459432	-4.629357	1.754348	1.177998	0.771523	0.324840	0.381871	-0.419903	-2.044394	-4.629357
E	-2.044394	-4.629357	0.683526	1.387452	0.203533	0.071083	0.000000	0.932886	0.932886	-4.629357
F	-2.381429	-4.629357	-1.014647	-2.044394	-1.771376	-2.822002	-1.169925	-2.822002	-2.822002	0.436733
G	-1.343954	-4.629357	-2.044394	1.043069	0.970556	1.241008	1.043069	-2.822002	-1.771376	-4.629357
H	-1.343954	-4.629357	-1.343954	-1.541894	-2.381429	-1.169925	-2.044394	0.071083	-2.044394	-3.459432
I	-0.746714	-4.629357	0.854459	-1.541894	-0.746714	0.138828	0.071083	0.436733	-1.771376	-0.325576
K	0.540568	-4.629357	-3.459432	-0.520832	-1.541894	-0.325576	0.381871	-2.822002	-0.153623	-4.629357
L	1.271510	-4.629357	0.138828	-0.746714	0.071083	0.489584	-0.237039	0.436733	-0.419903	3.708265
M	0.436733	-4.629357	-0.629357	-2.822002	-1.169925	-2.044394	-0.629357	-1.541894	-1.771376	0.970556
N	-1.771376	-4.629357	-2.044394	-0.746714	-0.074768	-0.419903	-0.520832	-0.419903	-3.459432	-4.629357
P	-4.629357	4.250227	-2.044394	1.494765	0.932886	0.265461	1.145430	0.637430	-1.343954	-4.629357
Q	0.683526	-4.629357	-0.874469	0.489584	-0.074768	0.138828	0.489584	0.489584	0.265461	-4.629357
R	0.932886	-4.629357	-4.629357	-1.343954	-2.822002	-1.343954	-0.237039	-2.044394	-1.343954	-4.629357
S	1.594645	-3.459432	0.683526	1.145430	1.043069	1.007268	0.489584	0.489584	2.165059	-4.629357
T	0.813587	-4.629357	0.203533	-0.419903	0.489584	1.078003	0.381871	1.301381	1.494765	-3.459432
V	1.007268	-4.629357	0.970556	-0.874469	1.241008	0.489584	0.540568	1.618571	0.894205	-0.074768
W	-4.629357	-4.629357	-4.629357	-4.629357	-4.629357	-4.629357	-3.459432	-3.459432	-4.629357	-4.629357
Y	-2.381429	-4.629357	-0.153623	-2.044394	-2.044394	-2.822002	-2.822002	-1.014647	-3.459432	-4.629357
