A	1.341974	-3.924813	1.711812	0.629776	0.843372	0.284641	0.550921	0.704544	0.550921	2.146650	-1.339850
C	-3.924813	-3.924813	-3.924813	-3.924813	-3.924813	-3.924813	-3.924813	-3.924813	-2.754888	-2.754888	-2.754888
D	-3.924813	-3.924813	1.432740	0.704544	0.183712	0.284641	0.183712	0.183712	0.378968	-2.117458	-3.924813
E	-3.924813	-2.754888	0.704544	1.141277	0.775627	0.704544	0.183712	0.075187	0.970005	0.970005	-3.924813
F	-2.754888	-3.924813	-0.310103	-2.754888	-3.924813	-2.117458	-2.754888	-1.676885	-3.924813	-3.924813	0.378968
G	-1.676885	-2.754888	-2.754888	0.970005	0.704544	1.675100	0.970005	1.432740	-1.066832	-1.339850	-2.754888
H	-0.837350	-3.924813	-2.117458	-1.339850	-2.117458	-2.754888	-1.676885	-1.676885	-0.310103	-1.339850	-3.924813
I	0.378968	-3.924813	0.704544	-1.676885	-0.042169	-0.042169	-0.639410	-0.310103	0.284641	-0.837350	-0.837350
K	0.629776	-3.924813	-3.924813	-2.117458	-3.924813	-1.339850	0.284641	-1.066832	-1.676885	-0.465381	-3.924813
L	1.245112	-3.924813	0.629776	-0.310103	-0.169925	-0.042169	-0.042169	1.194129	0.075187	-2.754888	3.821702
M	-0.639410	-3.924813	-0.042169	-3.924813	-3.924813	-1.676885	-2.117458	-1.339850	-1.339850	-1.339850	0.183712
N	-1.066832	-3.924813	-1.339850	-1.339850	-0.639410	-1.339850	-0.042169	-0.169925	-0.169925	-1.676885	-3.924813
P	-3.924813	4.203182	-2.117458	1.747613	0.908078	0.908078	1.341974	-0.310103	-0.310103	-2.117458	-2.754888
Q	-0.639410	-2.117458	-1.066832	0.629776	0.183712	-0.639410	0.075187	0.284641	0.629776	0.550921	-3.924813
R	1.194129	-3.924813	-3.924813	-2.754888	-2.754888	-1.339850	-1.676885	-0.169925	-0.639410	-1.676885	-3.924813
S	1.816654	-3.924813	0.467505	1.559003	1.388070	1.518131	1.245112	1.141277	1.086415	1.976054	-3.924813
T	0.378968	-3.924813	-0.837350	0.378968	0.629776	1.194129	0.467505	0.467505	0.970005	1.245112	-2.754888
V	0.775627	-3.924813	1.432740	-0.639410	1.598749	0.075187	0.908078	-0.310103	1.294356	0.843372	0.183712
W	-3.924813	-3.924813	-3.924813	-3.924813	-3.924813	-3.924813	-3.924813	-3.924813	-3.924813	-3.924813	-3.924813
Y	-1.676885	-3.924813	0.075187	-2.117458	-1.676885	-3.924813	-2.754888	-0.837350	-1.676885	-3.924813	-2.754888
