A	0.958180	-2.129283	2.080170	0.118644	0.958180	1.156119	0.455679	1.330149	0.958180	0.118644	1.753360	-0.959358
C	-0.959358	-2.129283	-2.129283	-2.129283	-2.129283	-2.129283	-2.129283	-2.129283	-2.129283	-2.129283	-2.129283	-2.129283
D	-2.129283	-2.129283	0.455679	1.156119	0.118644	0.728698	0.455679	-2.129283	0.118644	0.958180	-0.959358	-2.129283
E	-2.129283	-2.129283	0.728698	0.728698	0.455679	0.118644	-0.959358	0.455679	1.330149	0.728698	0.118644	-2.129283
F	-2.129283	-2.129283	-0.321928	-2.129283	-2.129283	-0.959358	-0.959358	-2.129283	-2.129283	-2.129283	-2.129283	-0.321928
G	-0.959358	-2.129283	-2.129283	2.174498	1.156119	1.485427	1.753360	0.455679	0.455679	1.330149	-0.959358	-2.129283
H	-0.959358	-2.129283	-0.959358	-2.129283	-2.129283	-0.959358	-2.129283	-2.129283	-0.959358	-0.321928	-2.129283	-2.129283
I	-0.321928	-2.129283	0.958180	-0.959358	-0.959358	-0.959358	0.728698	-0.321928	0.118644	0.118644	-0.321928	-0.959358
K	0.455679	-2.129283	-2.129283	-0.959358	-0.959358	-0.959358	-0.321928	-0.321928	-0.321928	-2.129283	-2.129283	-2.129283
L	-0.321928	-2.129283	0.728698	-0.959358	-2.129283	-0.959358	-0.321928	0.958180	0.455679	-0.321928	-2.129283	3.771584
M	-0.959358	-2.129283	0.118644	-2.129283	-0.321928	-2.129283	-2.129283	-0.959358	-0.959358	-2.129283	-2.129283	-0.959358
N	-2.129283	-2.129283	-0.959358	-0.321928	-0.959358	-2.129283	-2.129283	0.118644	0.455679	-0.959358	-2.129283	-2.129283
P	-2.129283	3.968749	-2.129283	1.485427	1.330149	0.118644	0.118644	0.118644	0.118644	-0.321928	-0.959358	-2.129283
Q	0.118644	-2.129283	-0.321928	-0.959358	0.118644	0.455679	0.728698	-0.321928	0.728698	0.958180	0.728698	-2.129283
R	0.728698	-2.129283	-2.129283	-0.959358	-0.959358	0.118644	-0.959358	0.118644	-2.129283	-2.129283	-0.959358	-2.129283
S	2.080170	-2.129283	-0.959358	0.455679	0.958180	0.728698	1.156119	0.728698	0.118644	0.455679	1.753360	-2.129283
T	0.728698	-2.129283	-0.959358	0.118644	0.455679	1.330149	0.455679	1.330149	0.728698	-0.959358	1.870717	-2.129283
V	1.330149	-2.129283	1.156119	-0.959358	1.156119	-0.321928	0.118644	0.118644	-0.959358	1.753360	0.958180	-0.959358
W	-2.129283	-2.129283	-2.129283	-2.129283	-2.129283	-2.129283	-2.129283	-2.129283	-2.129283	-2.129283	-2.129283	-2.129283
Y	-0.959358	-2.129283	-0.321928	-2.129283	-2.129283	-2.129283	-0.959358	-2.129283	-0.959358	-2.129283	-2.129283	-0.959358
