A	1.163499	-0.643856	0.526069	1.604071	0.526069	-0.643856	0.526069	0.526069	0.526069	-0.643856	1.604071	1.604071	-0.643856
C	-0.643856	-0.643856	-0.643856	-0.643856	-0.643856	-0.643856	-0.643856	-0.643856	-0.643856	-0.643856	-0.643856	-0.643856	-0.643856
D	-0.643856	-0.643856	-0.643856	1.604071	1.163499	-0.643856	0.526069	-0.643856	-0.643856	-0.643856	-0.643856	-0.643856	-0.643856
E	-0.643856	-0.643856	0.526069	-0.643856	-0.643856	-0.643856	0.526069	-0.643856	0.526069	0.526069	-0.643856	-0.643856	-0.643856
F	-0.643856	-0.643856	-0.643856	-0.643856	-0.643856	-0.643856	-0.643856	-0.643856	-0.643856	-0.643856	-0.643856	-0.643856	-0.643856
G	-0.643856	-0.643856	-0.643856	0.526069	1.163499	0.526069	1.163499	1.941106	0.526069	0.526069	-0.643856	-0.643856	-0.643856
H	-0.643856	-0.643856	-0.643856	-0.643856	-0.643856	-0.643856	-0.643856	-0.643856	-0.643856	-0.643856	-0.643856	-0.643856	-0.643856
I	0.526069	-0.643856	1.163499	-0.643856	0.526069	-0.643856	-0.643856	-0.643856	-0.643856	-0.643856	0.526069	0.526069	-0.643856
K	0.526069	-0.643856	-0.643856	-0.643856	-0.643856	-0.643856	-0.643856	-0.643856	-0.643856	-0.643856	-0.643856	-0.643856	-0.643856
L	0.526069	-0.643856	-0.643856	-0.643856	-0.643856	0.526069	-0.643856	-0.643856	-0.643856	0.526069	0.526069	-0.643856	2.641546
M	-0.643856	-0.643856	-0.643856	-0.643856	-0.643856	-0.643856	-0.643856	-0.643856	-0.643856	-0.643856	-0.643856	-0.643856	1.163499
N	-0.643856	-0.643856	-0.643856	-0.643856	-0.643856	0.526069	0.526069	1.163499	-0.643856	-0.643856	-0.643856	-0.643856	-0.643856
P	-0.643856	2.970854	-0.643856	-0.643856	-0.643856	0.526069	0.526069	-0.643856	1.163499	-0.643856	-0.643856	-0.643856	-0.643856
Q	-0.643856	-0.643856	1.604071	0.526069	-0.643856	-0.643856	-0.643856	-0.643856	-0.643856	-0.643856	-0.643856	-0.643856	-0.643856
R	1.163499	-0.643856	-0.643856	0.526069	0.526069	-0.643856	-0.643856	-0.643856	-0.643856	0.526069	-0.643856	-0.643856	-0.643856
S	1.163499	-0.643856	1.163499	-0.643856	0.526069	0.526069	-0.643856	0.526069	1.604071	1.163499	0.526069	1.604071	-0.643856
T	-0.643856	-0.643856	-0.643856	-0.643856	-0.643856	1.604071	0.526069	-0.643856	0.526069	0.526069	0.526069	0.526069	-0.643856
V	-0.643856	-0.643856	-0.643856	-0.643856	0.526069	0.526069	0.526069	0.526069	-0.643856	0.526069	1.163499	0.526069	-0.643856
W	-0.643856	-0.643856	-0.643856	-0.643856	-0.643856	-0.643856	-0.643856	-0.643856	-0.643856	-0.643856	-0.643856	-0.643856	-0.643856
Y	-0.643856	-0.643856	-0.643856	-0.643856	-0.643856	-0.643856	-0.643856	-0.643856	-0.643856	0.526069	-0.643856	-0.643856	-0.643856
