A	0.518873	-0.258734	0.791892	0.518873	-2.066089	-0.258734	2.237692	-2.066089
C	-2.066089	-2.066089	-2.066089	-2.066089	-2.066089	-2.066089	-2.066089	-2.066089
D	-2.066089	-2.066089	1.548621	-0.258734	-2.066089	-2.066089	-0.896164	-2.066089
E	-2.066089	-2.066089	0.518873	0.518873	-2.066089	0.181838	1.021374	-2.066089
F	0.791892	-2.066089	-2.066089	-0.896164	-2.066089	-2.066089	-2.066089	-0.896164
G	-2.066089	-2.066089	0.518873	1.021374	0.518873	-0.896164	-0.258734	-2.066089
H	0.518873	-2.066089	0.518873	0.791892	1.021374	-0.258734	-2.066089	-2.066089
I	0.181838	-2.066089	-0.258734	-2.066089	1.021374	-0.258734	-0.896164	-0.258734
K	0.518873	-2.066089	-2.066089	-0.896164	-2.066089	-2.066089	-2.066089	-2.066089
L	0.518873	-2.066089	-0.258734	1.219313	0.181838	1.933911	-0.896164	3.773115
M	-0.896164	-2.066089	-2.066089	-2.066089	-0.258734	-0.896164	-2.066089	-0.258734
N	-2.066089	-2.066089	0.518873	-0.896164	-0.896164	-0.896164	-2.066089	-2.066089
P	-2.066089	3.804276	-2.066089	-0.258734	1.816554	1.933911	-2.066089	-2.066089
Q	0.181838	-0.896164	0.518873	0.518873	-0.896164	0.518873	-0.258734	-2.066089
R	0.181838	-2.066089	-2.066089	-0.896164	-2.066089	-0.896164	-0.258734	-2.066089
S	1.548621	-2.066089	1.393342	-0.896164	1.393342	0.181838	1.933911	-2.066089
T	1.021374	-2.066089	0.181838	0.791892	1.021374	-0.258734	0.518873	-2.066089
V	0.518873	-0.258734	-0.258734	1.021374	0.181838	0.518873	0.791892	-0.896164
W	-2.066089	-2.066089	-2.066089	-2.066089	-2.066089	-2.066089	-2.066089	-2.066089
Y	-0.896164	-2.066089	-2.066089	-0.896164	-2.066089	-0.896164	-2.066089	-2.066089
