A	1.485925	1.019629	1.687053	0.823375	0.533284	0.580694	0.500790	1.510615	-0.964404
C	-5.107362	-6.277287	-5.107362	-5.107362	-6.277287	-6.277287	-3.189825	-2.394644	-2.522400
D	-4.469932	-6.277287	1.798192	1.008115	0.344764	-1.058119	-0.640663	-1.973507	-6.277287
E	-1.973507	-2.522400	0.062563	1.232488	-0.153166	-0.640663	0.362958	0.996508	-6.277287
F	-1.382470	-6.277287	-1.010501	-2.817856	-1.647931	-1.211198	-2.067834	-5.107362	0.326339
G	-1.576848	-3.419306	-1.010501	0.949125	0.699993	0.484264	-1.801554	-0.876408	-4.029360
H	-1.211198	-6.277287	-1.266060	-1.444397	-1.010501	-0.569928	-0.535820	-1.884970	-6.277287
I	0.344764	-1.722699	0.127854	-1.509103	0.326339	0.912537	0.307675	-1.158346	-0.005824
K	0.017333	-6.277287	-2.522400	-0.205825	-0.469932	-0.715045	-1.266060	0.344764	-6.277287
L	0.912537	-3.189825	-0.346550	0.040125	0.517128	0.728337	0.549261	-0.376421	3.614117
M	-0.677375	-3.692325	-1.107362	-2.817856	-1.801554	-0.964404	-1.444397	-2.168763	0.823375
N	-0.029360	-6.277287	-0.317285	-0.834344	-0.288603	-0.469932	-0.406923	-0.834344	-6.277287
P	-6.277287	3.969156	-4.029360	1.701423	1.151073	0.796854	1.108575	-3.189825	-5.107362
Q	-0.376421	-4.029360	-0.153166	-0.179255	-0.077615	-0.077615	0.380924	0.565063	-6.277287
R	0.230507	-6.277287	-6.277287	-1.509103	-1.058119	-0.964404	-1.801554	-0.677375	-6.277287
S	1.764372	-2.168763	1.417941	1.108575	0.862264	0.874997	0.849417	1.824688	-5.107362
T	0.823375	-2.067834	0.269607	-0.179255	0.596157	0.912537	0.756136	1.222558	-1.722699
V	1.212561	-0.127540	1.075859	-0.640663	1.161504	1.192354	1.831237	1.252143	1.129980
W	-6.277287	-6.277287	-4.469932	-5.107362	-6.277287	-6.277287	-6.277287	-6.277287	-6.277287
Y	-1.010501	-6.277287	-1.010501	-1.973507	-2.394644	-1.884970	-1.801554	-3.189825	-1.576848
