A	1.294384	-2.639728	0.182273	-0.692196	-0.237630	0.447735	-0.447083	0.028650	-3.277158
C	-4.447083	-4.447083	-3.277158	-4.447083	-4.447083	-4.447083	-4.447083	-4.447083	-4.447083
D	-4.447083	-4.447083	0.507113	1.776918	-1.161681	-1.359620	-4.447083	-2.639728	-4.447083
E	-4.447083	1.360272	-4.447083	1.936621	-0.447083	-0.338559	-0.237630	0.819703	-4.447083
F	-2.199156	-0.237630	1.483654	-1.862121	-0.447083	0.619006	0.321101	-1.862121	2.981277
G	1.569725	-4.447083	-2.639728	1.225342	0.182273	-1.359620	-4.447083	-0.143302	-4.447083
H	-0.987652	-1.862121	-1.161681	-2.639728	-0.447083	-1.161681	0.619006	-1.359620	-3.277158
I	-0.564440	-4.447083	1.360272	-1.862121	1.294384	1.360272	0.722842	-2.639728	-0.447083
K	1.914861	-4.447083	-1.589102	-0.143302	0.321101	-0.987652	-0.564440	1.189541	-0.338559
L	-2.639728	-0.832373	1.958058	-0.832373	1.453784	0.671858	1.189541	0.385807	2.456799
M	-2.639728	-1.589102	-0.143302	-3.277158	-1.862121	-1.589102	-0.692196	-1.862121	0.321101
N	-1.359620	-4.447083	-0.237630	-0.832373	-0.987652	-1.589102	-0.564440	0.385807	-4.447083
P	-4.447083	-4.447083	-4.447083	1.569725	-0.447083	1.076479	0.028650	-4.447083	-4.447083
Q	-0.143302	-0.447083	-1.359620	0.107506	-0.143302	0.253356	0.385807	0.671858	-4.447083
R	1.392121	2.572508	-4.447083	-2.639728	-0.832373	-0.832373	-1.589102	-0.338559	0.507113
S	1.423281	-4.447083	0.447735	0.722842	0.385807	-0.054766	-0.237630	1.327704	-4.447083
T	-0.564440	-3.277158	-0.143302	-0.447083	-0.237630	0.619006	0.865800	1.800844	-4.447083
V	-0.987652	-2.639728	0.564144	-2.199156	1.702664	1.541601	1.453784	0.321101	-1.862121
W	-4.447083	-4.447083	-3.277158	-4.447083	-4.447083	-4.447083	-3.277158	-4.447083	-4.447083
Y	0.107506	2.981277	0.028650	-4.447083	-1.161681	-1.359620	0.507113	-1.359620	0.564144
