A	1.086582	-0.300528	0.275556	0.039577	0.255629	0.096698	0.118928	0.821064	0.151644	-6.064294
C	-6.064294	-2.841901	-3.774787	-4.376238	-3.479331	-3.774787	-3.351576	-2.222991	-3.619509	-7.234219
D	-7.234219	-4.649256	-2.604862	1.417730	-0.044394	-0.829077	-1.597594	-3.479331	-2.930438	-7.234219
E	-4.376238	-4.376238	-2.679630	1.266623	-0.094667	0.129916	-0.456142	-0.668165	0.324202	-7.234219
F	-3.479331	-0.345475	1.092211	-1.363854	-0.107514	-0.687324	0.520669	-0.407670	0.204573	-3.125694
G	-0.187095	-1.189825	-1.034546	0.553684	1.029051	0.854570	1.023169	-1.833339	0.545501	-6.064294
H	-0.894369	-6.064294	-1.274217	-1.459432	-0.456142	-0.939598	-0.558262	-0.376238	-0.345475	-4.146756
I	-1.492752	-0.214628	0.173049	-1.010217	0.461010	0.528994	0.129916	1.092211	-2.401329	-5.426864
K	2.126080	-3.774787	1.487735	0.140821	-0.019900	0.495402	0.194141	-0.472667	0.265627	1.271593
L	-1.750403	0.861178	1.097818	-0.345475	0.577959	0.744492	1.131010	0.027876	0.999401	-2.280022
M	-2.841901	-0.706742	-0.668165	-3.125694	-2.115278	-2.064294	-1.363854	-1.671976	-1.967432	-6.064294
N	-4.376238	-3.234219	0.140821	0.380491	-0.540732	-0.872275	-0.330337	-0.829077	0.545501	-7.234219
P	-6.064294	-5.426864	-2.280022	1.236440	1.040742	1.005380	0.333737	-0.986291	0.151644	-7.234219
Q	-1.110097	0.486881	0.700946	-0.228594	-0.407670	-0.094667	-0.187095	-0.069312	0.700946	-5.426864
R	2.852249	0.715608	0.854570	-0.558262	0.398777	0.295212	0.834560	0.925653	0.333737	4.071985
S	0.993397	0.867757	-0.173523	0.834560	0.214930	0.671168	0.074120	0.434666	0.617530	-7.234219
T	-0.829077	1.811541	-1.426864	-0.069312	-0.489385	0.129916	-0.187095	0.950657	0.275556	-6.064294
V	-0.593974	2.002991	-0.766613	-0.630592	0.553684	0.577959	0.352621	1.694300	-0.300528	-7.234219
W	-7.234219	-3.351576	-1.084472	-3.774787	-1.876667	-2.841901	-1.876667	-1.876667	-3.619509	-6.064294
Y	-2.533779	0.800580	0.678671	-1.059293	-0.746379	-1.162756	-0.746379	-0.746379	0.361971	-2.168129
