A	1.384372	-0.045741	-0.076372	0.212571	0.839708	0.529762	0.834229	0.543257	0.522966	0.576455	-7.525521
C	-4.667540	-3.316067	-3.770633	-4.940558	-5.277593	-3.910811	-2.825081	-3.133203	-2.630703	-2.692631	-7.525521
D	-5.718166	-6.355596	-3.770633	1.187866	-0.464825	0.823207	0.089189	-0.921894	-2.041705	-3.642878	-7.525521
E	-4.667540	-5.277593	-2.459432	1.414058	0.677827	1.033856	0.960308	0.326228	-0.621639	0.549958	-7.525521
F	-5.277593	-0.492098	0.438820	-1.594783	-0.348101	-1.427489	-1.230900	-0.172374	0.116531	-0.714949	-4.240119
G	-0.548241	-0.577154	-2.459432	0.536525	0.481506	0.783956	0.646907	0.509278	-1.818162	-0.097161	-7.525521
H	-0.959467	-6.355596	-2.970932	-1.078438	-1.454058	-1.254058	-1.350595	-0.562625	0.098361	-0.194604	-5.277593
I	-1.325848	-0.335696	0.583004	-1.208108	-0.323397	-0.533999	0.143364	0.583004	0.402257	-1.427489	-4.940558
K	2.104291	-5.718166	2.034334	-0.360614	0.364743	0.079959	0.409644	0.143364	-0.035673	0.294658	0.653144
L	-1.718166	1.135366	1.619137	-0.464825	0.379866	0.589523	0.850605	1.399292	0.834229	1.376854	-3.221740
M	-2.355596	-0.438058	0.003910	-2.167969	-1.718166	-2.459432	-1.963278	-1.301519	-0.606658	-1.427489	-7.525521
N	-2.825081	-2.896164	-1.037681	-0.398816	-0.998044	-0.066089	-0.533999	-0.652077	-0.519896	0.125531	-7.525521
P	-6.355596	-5.718166	-2.571324	1.478700	0.924659	0.169707	-0.097161	-0.978626	-2.970932	-0.172374	-7.525521
Q	-0.978626	0.856022	0.488500	0.294658	-0.150481	-0.015746	0.098361	-0.263426	0.294658	0.985243	-7.525521
R	2.674152	-0.591830	1.121938	-0.959467	1.019444	-0.424858	-0.519896	0.980291	1.170577	0.318400	4.171338
S	1.200697	1.170577	-0.763970	1.085504	0.516138	1.066936	1.004886	0.364743	0.621684	0.708099	-7.525521
T	-0.849564	1.723593	-2.825081	0.125531	-0.335696	0.438820	0.318400	-0.373236	0.438820	0.070669	-7.525521
V	-0.118253	2.002933	-0.228605	-0.940558	0.364743	-0.076372	0.125531	0.460321	1.135366	0.098361	-7.525521
W	-6.355596	-5.718166	-1.401399	-4.066089	-2.001959	-2.459432	-2.825081	-2.692631	-1.624654	-3.525521	-5.277593
Y	-4.667540	0.628031	0.254199	-1.427489	-0.903469	-1.594783	-1.686317	-1.078438	-0.698972	-0.360614	-3.316067
