A	1.056806	-0.851477	-0.005806	0.209923	0.781465	0.523814	0.602240	0.259167	0.970735	-0.127112	0.814785	-4.960002
C	-3.790077	-4.960002	-3.152647	-4.960002	-3.790077	-4.960002	-3.152647	-2.712074	-3.790077	-3.152647	-2.102021	-4.960002
D	-4.960002	-3.790077	-3.790077	2.073421	-0.259562	0.602240	0.482942	-0.484269	-1.674600	-3.152647	-2.712074	-4.960002
E	-4.960002	-4.960002	-4.960002	1.287926	-0.484269	0.879202	0.847353	0.352881	0.106087	-1.674600	0.051225	-4.960002
F	-3.790077	-0.851477	1.487081	-1.205114	0.563560	-0.750549	-1.077359	-0.567685	-0.259562	0.158939	-0.005806	-3.790077
G	-1.345292	-0.750549	-1.500570	0.814785	0.563560	0.639911	0.814785	1.401942	0.814785	-0.851477	1.084392	-4.960002
H	-1.345292	-2.712074	-3.152647	-2.712074	-2.712074	-1.077359	-1.205114	-1.077359	-1.500570	-0.405413	-0.484269	-3.790077
I	-1.077359	-0.259562	1.000000	-1.872539	0.106087	-0.191818	-0.191818	-0.005806	0.352881	0.523814	-1.872539	-4.960002
K	2.166703	-3.790077	1.624961	-1.345292	-0.567685	0.106087	0.259167	0.639911	0.306785	-0.656221	-0.127112	-0.330645
L	-3.152647	0.639911	1.466263	-0.567685	0.712423	0.781465	0.523814	-0.191818	0.781465	0.940865	1.214924	-4.960002
M	-3.790077	-0.259562	-0.405413	-3.152647	-0.960002	-2.102021	-2.102021	-1.872539	-1.500570	-0.960002	-2.375039	-4.960002
N	-4.960002	-4.960002	-0.656221	-0.484269	-1.500570	-0.259562	-0.405413	-1.077359	-0.960002	-0.191818	-0.191818	-4.960002
P	-4.960002	-4.960002	-1.872539	1.527838	0.639911	-0.191818	-0.005806	-0.005806	0.259167	-1.872539	-0.065184	-4.960002
Q	-0.750549	1.000000	0.602240	-0.330645	-0.330645	-0.005806	0.106087	0.440878	-0.330645	-0.405413	1.084392	-4.960002
R	2.967776	-1.674600	0.781465	-1.674600	0.970735	-0.960002	-0.567685	0.106087	0.440878	1.567475	-0.405413	4.209923
S	0.910363	0.747357	-1.205114	0.879202	0.563560	1.264000	0.970735	1.214924	0.940865	0.440878	0.397550	-4.960002
T	-0.656221	1.507604	-3.152647	0.306785	0.440878	-0.259562	0.602240	-0.005806	0.259167	0.259167	0.051225	-4.960002
V	-0.656221	2.382073	-0.851477	-2.375039	0.306785	0.482942	0.397550	0.209923	0.523814	1.466263	0.051225	-4.960002
W	-4.960002	-2.375039	-0.656221	-2.375039	-1.500570	-1.674600	-2.102021	-2.375039	-3.152647	-0.567685	-3.152647	-4.960002
Y	-3.152647	1.264000	0.051225	-2.375039	-0.851477	-1.077359	-2.102021	-0.750549	-0.960002	-0.405413	0.106087	-3.790077
