A	1.062736	-0.404390	-0.404390	-0.404390	1.865699	0.811928	0.263034	0.900464	0.811928	1.462343	0.263034	1.137504	-3.491853
C	-3.491853	-3.491853	-3.491853	-3.491853	-3.491853	-3.491853	-3.491853	-3.491853	-3.491853	-2.321928	-3.491853	-1.684498	-3.491853
D	-3.491853	-3.491853	-3.491853	2.315502	-0.404390	0.390790	0.811928	0.122857	-0.906891	-0.206451	-3.491853	-1.243926	-3.491853
E	-3.491853	-2.321928	-2.321928	1.341037	-0.633872	1.341037	0.616671	-0.633872	1.137504	0.263034	-1.684498	-0.404390	-3.491853
F	-3.491853	-0.404390	0.616671	-0.906891	-0.633872	-0.404390	-0.906891	-0.633872	-1.243926	-0.032421	-0.633872	-0.633872	-3.491853
G	-0.206451	-1.684498	-2.321928	0.900464	0.390790	0.983880	0.811928	0.717600	1.137504	0.983880	-1.243926	0.390790	-3.491853
H	-0.206451	-3.491853	-2.321928	-2.321928	-2.321928	-0.906891	-0.906891	-2.321928	-0.633872	-1.684498	-0.404390	-0.633872	-3.491853
I	-2.321928	-0.206451	1.276331	-3.491853	0.717600	0.122857	0.616671	0.616671	-0.404390	0.390790	0.717600	-0.633872	-3.491853
K	2.315502	-2.321928	1.678072	-1.684498	-0.404390	-0.404390	-0.404390	-0.206451	0.983880	-0.404390	-0.906891	0.390790	-1.243926
L	-2.321928	0.390790	1.951090	-3.491853	0.811928	-0.032421	1.574236	-0.404390	-0.206451	1.062736	1.678072	0.811928	-3.491853
M	-2.321928	-0.206451	0.263034	-3.491853	-2.321928	-3.491853	-1.684498	-1.684498	-2.321928	-1.243926	-0.206451	-0.906891	-3.491853
N	-3.491853	-3.491853	-0.404390	-0.206451	-1.684498	-0.032421	-1.243926	-1.243926	-0.032421	-0.206451	-0.906891	-0.206451	-3.491853
P	-3.491853	-3.491853	-1.684498	1.678072	-0.032421	-0.906891	-1.243926	0.122857	0.122857	0.263034	-2.321928	-0.404390	-3.491853
Q	-3.491853	-0.206451	0.122857	-0.206451	-0.032421	-0.206451	-0.633872	0.263034	-0.404390	-0.404390	-0.206451	0.900464	-3.491853
R	3.015942	-1.243926	0.122857	-3.491853	0.263034	-0.906891	-0.032421	0.717600	-0.206451	-0.906891	1.462343	-0.206451	4.168143
S	0.122857	1.208587	-0.633872	0.616671	0.508147	0.616671	0.508147	1.402965	1.341037	0.263034	-0.032421	0.616671	-3.491853
T	-1.243926	1.821030	-2.321928	-0.404390	0.122857	0.983880	-0.032421	-0.032421	-0.404390	-0.404390	0.811928	0.717600	-3.491853
V	-2.321928	2.468149	-0.206451	-0.633872	0.616671	-0.206451	0.811928	0.717600	0.122857	0.122857	0.900464	-0.032421	-3.491853
W	-3.491853	-3.491853	-1.684498	-3.491853	-2.321928	-1.243926	-3.491853	-3.491853	-3.491853	-3.491853	-0.404390	-1.684498	-3.491853
Y	-3.491853	0.616671	-0.032421	-1.243926	-0.633872	-1.243926	-1.684498	-0.633872	-2.321928	-0.633872	-0.906891	-0.633872	-3.491853
