A	-1.459432	0.347923	-1.459432	-0.289507	0.788496	-0.289507	1.125531	0.347923	-0.289507	-1.459432	0.347923	0.347923	-0.289507	-1.459432
C	-1.459432	-1.459432	-1.459432	-1.459432	-1.459432	-1.459432	-1.459432	-1.459432	-1.459432	-1.459432	-1.459432	-1.459432	-1.459432	-1.459432
D	-1.459432	-1.459432	-1.459432	1.398549	-0.289507	-0.289507	-0.289507	-0.289507	-0.289507	0.347923	0.347923	-1.459432	-1.459432	-1.459432
E	-1.459432	-1.459432	-0.289507	0.788496	-0.289507	0.347923	-0.289507	-1.459432	-1.459432	-0.289507	-0.289507	-0.289507	-0.289507	-1.459432
F	-1.459432	0.788496	0.788496	-1.459432	-1.459432	-0.289507	-1.459432	-1.459432	-0.289507	-1.459432	-0.289507	0.347923	-0.289507	-1.459432
G	-1.459432	-1.459432	-1.459432	1.125531	-1.459432	1.398549	0.347923	1.125531	0.788496	1.398549	-0.289507	-1.459432	1.628031	-1.459432
H	-1.459432	-1.459432	-1.459432	-1.459432	-0.289507	-1.459432	-0.289507	0.347923	-1.459432	-1.459432	-1.459432	-1.459432	0.788496	-1.459432
I	-1.459432	-1.459432	0.788496	0.347923	0.788496	-0.289507	-1.459432	-0.289507	-0.289507	-1.459432	1.398549	0.347923	-1.459432	-1.459432
K	2.295456	-1.459432	1.398549	-1.459432	-1.459432	-1.459432	-0.289507	0.347923	-0.289507	1.398549	-1.459432	-0.289507	0.347923	-1.459432
L	-1.459432	0.347923	0.347923	0.347923	1.398549	0.347923	1.125531	-0.289507	-0.289507	-0.289507	-0.289507	0.347923	0.788496	-1.459432
M	-1.459432	-0.289507	-1.459432	-1.459432	-0.289507	-1.459432	-0.289507	-1.459432	-0.289507	-1.459432	-1.459432	0.788496	-1.459432	-1.459432
N	-1.459432	-0.289507	0.347923	-0.289507	-0.289507	0.347923	-1.459432	0.347923	-1.459432	-0.289507	-1.459432	-0.289507	-0.289507	-1.459432
P	-1.459432	-1.459432	-1.459432	0.347923	1.398549	0.347923	-0.289507	-0.289507	1.125531	0.788496	0.347923	-1.459432	-0.289507	-1.459432
Q	-1.459432	0.347923	-1.459432	0.347923	-1.459432	0.347923	-0.289507	0.347923	1.398549	0.788496	-0.289507	-1.459432	-0.289507	-1.459432
R	2.295456	-1.459432	0.788496	-1.459432	-1.459432	-1.459432	-1.459432	0.347923	-0.289507	-0.289507	0.788496	-1.459432	-0.289507	3.710493
S	1.628031	0.788496	1.125531	0.347923	-0.289507	0.788496	1.398549	1.125531	1.125531	0.347923	1.398549	0.347923	-0.289507	-1.459432
T	-0.289507	0.347923	-1.459432	0.788496	-1.459432	0.347923	0.788496	0.347923	0.347923	0.347923	-0.289507	0.788496	1.125531	-1.459432
V	-0.289507	1.628031	-1.459432	-1.459432	0.347923	-0.289507	0.347923	-1.459432	-0.289507	-1.459432	0.347923	1.628031	-1.459432	-1.459432
W	-1.459432	-1.459432	0.347923	-1.459432	-1.459432	0.347923	-1.459432	-0.289507	-0.289507	-1.459432	-0.289507	0.347923	-1.459432	-1.459432
Y	-1.459432	1.628031	0.788496	-0.289507	1.125531	-0.289507	-0.289507	-0.289507	-1.459432	0.347923	-1.459432	-0.289507	0.347923	-1.459432
