A	0.865203	-0.034270	-0.258976	-1.275278	-1.120000	-0.258976	0.532077	-4.734710
C	-4.734710	-4.734710	-4.734710	-4.734710	-4.734710	-4.734710	-2.927355	-4.734710
D	-4.734710	-4.734710	-2.149747	-2.149747	-4.734710	-2.927355	-4.734710	-4.734710
E	-4.734710	-4.734710	-2.149747	-0.979822	-3.564785	-2.149747	-0.258976	-4.734710
F	-4.734710	-0.342392	0.532077	-1.120000	-0.180121	1.040077	-0.034270	-4.734710
G	-1.120000	-2.927355	-0.342392	-1.449307	-0.852067	-3.564785	-0.626185	-4.734710
H	-0.258976	-3.564785	-0.525256	-1.120000	-0.525256	1.006757	0.827533	-4.734710
I	-1.449307	-0.626185	-0.852067	1.363322	1.489292	0.666170	-3.564785	-4.734710
K	1.976097	-1.275278	1.415037	1.166157	-0.430929	-0.430929	0.384231	-2.149747
L	-2.149747	0.532077	1.309684	1.166157	0.219487	-0.180121	1.006757	-4.734710
M	-1.275278	-0.430929	-0.734710	-2.486782	-1.647247	-2.149747	-3.564785	-4.734710
N	-4.734710	-0.342392	1.363322	-2.486782	-1.647247	-0.626185	1.309684	-4.734710
P	-4.734710	-4.734710	-0.626185	0.578173	2.916342	-2.927355	-0.034270	-4.734710
Q	-1.275278	0.276518	0.033475	-1.275278	-2.149747	-0.626185	0.484459	-4.734710
R	2.661895	-0.979822	0.276518	0.937716	-0.258976	-0.342392	-0.626185	4.255394
S	1.440216	1.648995	-0.180121	-0.105353	-0.979822	0.276518	1.040077	-4.734710
T	-0.034270	1.887342	-1.275278	0.484459	-0.258976	0.749106	0.331380	-4.734710
V	0.098180	1.850253	-1.647247	1.792767	0.622842	2.123271	-0.979822	-4.734710
W	-4.734710	-2.927355	0.219487	-1.647247	-3.564785	-0.734710	-4.734710	-4.734710
Y	-2.486782	0.622842	0.276518	-2.486782	-1.647247	0.160108	0.384231	-4.734710
