A	1.430948	0.204186	0.185901	0.356760	-0.253170	0.154005	0.651438	0.458194	-9.236164
C	-5.026710	-3.191770	-2.964701	-4.843846	-3.563738	-3.563738	-2.393813	-3.138132	-9.236164
D	-8.066239	-8.066239	-2.273268	0.664703	-1.243225	-2.474612	-3.191770	-3.219355	-9.236164
E	-3.969377	-4.606807	-2.896314	1.017684	-0.488810	-0.801535	-0.611368	0.606972	-9.236164
F	-3.752348	-0.791149	0.813345	-1.400113	0.033547	0.782384	0.328462	-0.629759	-1.293649
G	-0.123724	-0.509946	-1.236164	0.655240	0.172697	-0.271101	-2.632537	0.188527	-9.236164
H	-0.849223	-6.651201	-0.476276	-1.279062	-0.271101	-0.311351	0.655240	-0.056877	-2.614112
I	-0.775708	0.073881	-0.029149	-0.860038	0.711108	1.112011	0.731063	-2.347420	-4.932383
K	2.116983	-6.378183	1.590385	0.373015	0.771915	0.001046	-0.246060	0.517889	1.399554
L	-1.540935	1.261688	1.045477	0.647625	0.725648	1.398420	0.488350	0.789322	-0.990611
M	-2.632537	-0.497227	-0.705757	-2.941543	-2.258884	-1.330777	-1.464674	-2.122422	-5.621454
N	-3.138132	-2.347420	0.603040	-0.207567	-0.806757	-1.222143	-0.620534	0.716578	-9.236164
P	-7.428809	-7.428809	-2.748324	1.136701	0.960438	0.082379	-1.208258	-0.318792	-9.236164
Q	-0.501454	0.784122	0.660925	-0.078817	-0.553169	-0.285608	0.079552	1.016206	-9.236164
R	2.318065	-0.838489	0.462541	-0.231943	0.846983	0.252681	-0.056877	-0.150027	3.953005
S	1.383598	1.415337	0.088017	0.916755	0.267662	-0.056877	0.434050	0.969630	-9.236164
T	-0.540066	1.742904	-1.154015	0.132343	-0.303949	0.164716	0.563118	0.400461	-9.236164
V	-0.023059	1.830430	-0.822536	-0.253170	0.780645	0.940321	1.512868	-0.153349	-4.224936
W	-6.378183	-4.341346	-0.938101	-3.219355	-1.368885	-2.273268	-1.215184	-4.170075	-4.224936
Y	-2.988236	0.175347	0.675977	-1.423986	-0.648386	-0.337562	0.001046	-0.078817	-0.681575
