A	-7.272068 0.571005 1.041467 0.062357 0.427686 0.329525 0.721611 0.291547 -0.313972
C	-7.321291 -7.321296 -7.321296 -7.321296 -7.321296 -7.321296 -7.321296 -7.321296 -7.321296
D	-7.244189 -0.156309 -1.884125 2.326796 0.482008 -1.966980 -0.475351 -0.806019 -7.234106
E	-7.287618 0.494602 -0.012848 0.410749 0.126349 -0.612293 1.170515 0.530322 -1.272353
F	2.778764 -0.207934 -1.357574 -4.497840 -1.927919 -1.884253 -4.647967 -2.348725 -0.603218
G	-7.105529 -0.926136 -0.625017 -2.063699 0.584678 -1.494751 -0.368149 0.701476 -0.110084
H	-3.889790 -0.730861 -2.978118 -3.722587 -1.315738 0.501483 -3.875968 -1.223576 -2.321077
I	1.476371 0.711560 1.139063 -7.277461 -0.824719 0.219597 0.129214 -0.887612 -0.567378
K	-7.187180 0.766188 -0.164965 -7.263583 0.977749 1.528411 -1.409309 0.989703 1.098002
L	1.842198 1.013384 1.239606 -2.467840 0.258483 0.399626 1.140805 1.151053 0.125469
M	-0.666837 -1.642775 -0.929418 -7.242103 -2.931844 -2.773525 -2.094766 -1.554172 -1.094199
N	-7.219175 -0.788773 -0.211635 3.024337 -0.040028 0.482400 1.648585 0.476894 -2.826319
P	-7.287298 -7.314101 0.205660 -7.286302 1.531698 1.118546 0.269191 0.486661 -7.105258
Q	-3.947600 -0.383736 -0.719894 -0.336202 0.215594 0.136065 0.932448 -0.260553 -0.774779
R	-7.136779 1.066330 0.301955 -7.203618 0.051829 1.097975 -0.828066 0.540571 3.086305
S	-7.279804 -0.320756 0.843255 1.129415 0.839463 -0.408681 0.107985 1.029969 -0.838837
T	-6.944614 0.412875 -0.397684 -1.665999 0.514422 0.002652 0.182067 -0.103367 -2.126858
V	0.599798 1.050105 1.216374 -0.768804 -1.318268 0.648600 0.420389 0.020510 0.305798
W	-0.063732 -2.371266 -1.902324 -7.315626 -7.319875 -7.301857 -3.724386 -7.300232 -7.319304
Y	1.790880 -0.538430 -0.926723 -7.302285 -1.157631 -2.895472 -2.795451 -1.558347 0.435904
