A	-0.091922	-1.169925	-0.091922	-1.169925	-1.169925	0.747613	1.274860	-0.091922	-1.169925	-2.339850
C	-2.339850	-2.339850	-2.339850	-2.339850	-2.339850	-2.339850	-2.339850	-2.339850	-2.339850	-2.339850
D	-2.339850	-2.339850	0.945552	0.945552	0.945552	0.245112	-2.339850	0.245112	-1.169925	-2.339850
E	0.245112	-1.169925	-0.091922	1.869603	0.245112	-0.091922	0.747613	0.945552	0.518131	-2.339850
F	-0.091922	-0.532495	0.747613	-0.091922	-2.339850	-0.091922	-1.169925	-0.532495	-0.532495	2.614346
G	-2.339850	-1.169925	-1.169925	-0.091922	0.245112	0.945552	1.274860	0.245112	0.245112	-2.339850
H	0.747613	-2.339850	0.518131	-0.532495	-1.169925	-0.091922	0.518131	-2.339850	-0.091922	-2.339850
I	0.747613	-2.339850	-0.532495	-2.339850	0.518131	-1.169925	1.119582	-0.091922	-2.339850	-2.339850
K	0.518131	-2.339850	-1.169925	-0.532495	0.747613	-0.532495	-0.091922	-0.091922	0.747613	-2.339850
L	0.518131	-1.169925	1.119582	-1.169925	-0.532495	0.945552	-1.169925	0.245112	0.245112	-2.339850
M	-1.169925	-2.339850	-0.532495	-1.169925	-2.339850	-0.532495	-1.169925	-2.339850	-1.169925	-1.169925
N	-1.169925	-2.339850	-1.169925	-0.532495	-0.532495	-1.169925	0.245112	-0.091922	-0.091922	-2.339850
P	-2.339850	2.360590	0.518131	0.747613	2.135883	0.518131	0.245112	-1.169925	-0.532495	-2.339850
Q	-0.532495	-1.169925	-0.091922	-0.532495	-2.339850	0.245112	-2.339850	0.945552	0.945552	-2.339850
R	0.747613	-0.091922	-0.091922	-1.169925	-0.091922	-1.169925	0.245112	-0.091922	-0.532495	-2.339850
S	0.245112	-0.091922	0.518131	0.518131	0.245112	0.747613	0.945552	-0.091922	1.119582	-2.339850
T	0.245112	-1.169925	-0.091922	0.945552	-1.169925	0.245112	-2.339850	1.415037	1.768674	-2.339850
V	0.945552	0.945552	0.747613	-0.532495	0.945552	0.245112	-2.339850	0.945552	-0.532495	-2.339850
W	-2.339850	-1.169925	-2.339850	-2.339850	-2.339850	-2.339850	-2.339850	-2.339850	-2.339850	-2.339850
Y	1.119582	2.554968	-1.169925	0.747613	-1.169925	-0.532495	-0.091922	-1.169925	-1.169925	3.332575
