A	-1.209453	-1.209453	-0.039528	-1.209453	-1.209453	-0.039528	1.878009	0.597902	-1.209453	-0.039528	-1.209453
C	-1.209453	-1.209453	-1.209453	-1.209453	-1.209453	-1.209453	-1.209453	-1.209453	-1.209453	-1.209453	-1.209453
D	-1.209453	-0.039528	-0.039528	1.648528	-1.209453	1.038474	-0.039528	-0.039528	1.375509	-1.209453	-1.209453
E	-0.039528	0.597902	-0.039528	0.597902	-1.209453	-1.209453	-0.039528	0.597902	-0.039528	1.038474	-1.209453
F	-1.209453	-1.209453	1.038474	-1.209453	-1.209453	-1.209453	-1.209453	1.375509	-1.209453	-0.039528	1.878009
G	-0.039528	-1.209453	-1.209453	0.597902	-0.039528	1.648528	0.597902	-1.209453	0.597902	-1.209453	-1.209453
H	-0.039528	-1.209453	-1.209453	-1.209453	-0.039528	-0.039528	-1.209453	-1.209453	1.038474	-1.209453	-1.209453
I	1.375509	-1.209453	1.375509	-0.039528	1.038474	-0.039528	-0.039528	0.597902	-0.039528	-1.209453	-1.209453
K	-0.039528	-1.209453	-1.209453	-0.039528	1.375509	0.597902	-1.209453	-1.209453	-1.209453	-1.209453	-1.209453
L	-0.039528	0.597902	0.597902	0.597902	-0.039528	-0.039528	-1.209453	0.597902	1.375509	1.038474	-1.209453
M	0.597902	-1.209453	-0.039528	-1.209453	-1.209453	-1.209453	-0.039528	-1.209453	-1.209453	-1.209453	-1.209453
N	-1.209453	-1.209453	-1.209453	-0.039528	0.597902	0.597902	-1.209453	-1.209453	-1.209453	-1.209453	-1.209453
P	-1.209453	1.878009	-1.209453	1.375509	1.038474	-1.209453	-0.039528	0.597902	-1.209453	-1.209453	-1.209453
Q	-1.209453	-0.039528	-1.209453	-1.209453	0.597902	-0.039528	-0.039528	-1.209453	-0.039528	1.648528	-1.209453
R	1.038474	-1.209453	-0.039528	-1.209453	-1.209453	-1.209453	-0.039528	1.038474	-1.209453	0.597902	-1.209453
S	-1.209453	-1.209453	-0.039528	-1.209453	-0.039528	-0.039528	1.038474	0.597902	-0.039528	-0.039528	-1.209453
T	0.597902	-0.039528	1.038474	-0.039528	-0.039528	0.597902	0.597902	-0.039528	-0.039528	-0.039528	-1.209453
V	1.375509	-1.209453	1.038474	-0.039528	0.597902	-0.039528	-0.039528	-1.209453	0.597902	1.038474	-1.209453
W	-1.209453	-1.209453	-1.209453	-1.209453	-1.209453	-1.209453	-1.209453	-1.209453	-1.209453	-1.209453	-1.209453
Y	-0.039528	2.249978	-1.209453	-0.039528	-1.209453	-1.209453	-1.209453	-1.209453	-0.039528	-0.039528	3.094327
