A	0.235813	0.197132	1.078712	-0.059643	0.512774	0.310195	0.797692	0.074450	-5.326429
C	-5.326429	-5.326429	-5.326429	-5.326429	-5.326429	-5.326429	-5.326429	-2.741467	-5.326429
D	-1.022649	-3.078502	1.181365	1.747712	0.116514	-1.711720	-0.771841	-1.443786	-5.326429
E	-0.207488	-4.156504	-0.934112	1.435122	-0.558245	-0.934112	0.921498	0.771603	-5.326429
F	-0.625990	1.349528	0.235813	-1.326429	-0.850696	1.120654	0.197132	-0.260340	3.360946
G	-0.850696	-3.078502	0.116514	0.345996	0.031123	0.116514	-1.866998	-0.431612	-5.326429
H	-0.697073	-3.519075	-2.041027	-0.431612	-0.059643	-0.107261	0.448358	-0.059643	-5.326429
I	0.873243	-1.711720	0.797692	-0.697073	1.181365	0.873243	-0.107261	-2.741467	-1.116976
K	1.035514	-5.326429	-1.571542	0.310195	-0.207488	-0.934112	-1.326429	1.035514	-5.326429
L	-0.207488	-1.711720	1.141176	-0.625990	0.574437	1.078712	0.897572	1.161411	1.774233
M	-2.041027	-2.741467	-0.372233	-5.326429	-1.571542	-1.217905	-1.866998	-1.866998	-0.771841
N	0.345996	-2.741467	-0.013547	-0.059643	0.157386	-1.443786	-0.156504	-0.107261	-5.326429
P	-2.468448	1.057275	-0.013547	1.239625	-0.493539	0.717965	-0.059643	-3.078502	-5.326429
Q	-1.866998	-4.156504	-0.260340	-0.771841	-0.558245	-0.625990	0.604308	0.380930	-5.326429
R	0.543935	-4.156504	-3.519075	-0.771841	-0.850696	-0.625990	-1.571542	0.273483	-5.326429
S	0.848496	-3.078502	0.543935	0.574437	0.604308	0.074450	0.415037	0.797692	-5.326429
T	0.968191	-4.156504	0.235813	-0.156504	0.310195	0.717965	0.480925	1.295622	-5.326429
V	1.515921	-0.013547	0.717965	-0.625990	1.467986	1.220465	0.897572	0.031123	-4.156504
W	-4.156504	-4.156504	-5.326429	-5.326429	-3.078502	-5.326429	-5.326429	-5.326429	-5.326429
Y	-0.372233	3.529996	-1.711720	-1.116976	-0.771841	-1.116976	0.235813	-0.558245	2.279050
