A	-8.668264 0.285459 1.194377 0.791289 0.466292 -0.019711 1.483478 0.655859 0.365397
C	-11.376819 -4.812263 -2.249109 -3.168242 -3.890380 -6.071403 -5.234862 -5.464944 -4.307601
D	-10.908546 -1.160221 -1.292843 -0.207145 -0.051516 -0.815397 -1.362010 -1.073812 2.611829
E	-10.234403 0.780760 0.139745 -0.027969 0.195826 -0.023135 0.577694 0.846131 2.299731
F	2.555340 -1.230316 -0.694653 -0.794422 -1.396719 -4.443484 -1.004838 -1.377302 -4.165433
G	-7.890115 -1.880009 -0.584112 -4.691888 -0.086740 -1.529956 0.594101 -0.225332 0.717726
H	-7.278773 -0.657759 -0.989919 -2.998729 -0.939698 -0.254954 -0.456611 -0.795634 -1.137603
I	1.448013 0.551035 0.891805 0.762260 -0.213959 -1.143794 0.200128 0.051113 -1.269443
K	-10.351838 1.156164 0.262092 1.968622 1.525087 2.435842 0.321956 1.068010 -3.740536
L	1.470448 0.747411 0.875639 1.590406 0.038307 -1.736975 1.147541 1.180606 -1.676014
M	-1.453439 -2.360072 -0.845453 -0.796195 -2.293713 -4.271277 -1.614280 -1.737687 -3.578270
N	-9.904782 -0.580038 -0.647327 -1.793347 -0.152446 0.305279 0.319625 -1.037746 -1.036988
P	-11.140249 -11.289972 0.152617 -6.796590 0.132019 -0.551239 0.584872 0.586149 -1.899512
Q	-10.582243 0.026755 -0.154573 -1.138137 0.019130 0.220875 -0.348963 0.242604 0.436674
R	-10.244361 1.162055 0.127742 0.422506 0.632704 1.506206 -0.167734 0.739138 -3.383400
S	-10.968395 0.172795 0.446938 -0.220137 0.582138 0.266118 -0.271106 0.083939 0.334774
T	-10.776599 0.326974 -0.144186 -0.438249 0.574669 0.888998 -0.715334 -0.439449 -1.651079
V	0.238515 1.410743 0.766351 1.264813 0.621802 -0.060491 0.254417 0.517501 -0.551179
W	0.112834 -3.053369 -2.703353 -4.901988 -4.280461 -7.147478 -3.231191 -3.905893 -7.825758
Y	2.579330 -0.750567 -0.162809 -2.009205 -1.026681 -4.149497 -1.126688 -1.066965 -3.151259
