A	0.566904	-0.500911	-0.114115	0.305341	0.481625	0.316329	0.359462	0.959222	-0.084910	-5.877881
C	-3.960343	-5.240451	-5.877881	-4.462843	-2.939281	-5.240451	-2.744025	-3.292918	-3.433096	-7.047806
D	-2.939281	-4.799878	1.913644	1.227155	0.850040	0.178607	0.401343	0.421836	-0.898058	-7.047806
E	-0.685862	-1.781019	0.142019	1.278624	0.316329	-0.084910	0.166514	-0.848133	0.260533	-7.047806
F	-1.003411	-0.621541	0.178607	-1.240451	-0.354319	-0.444179	-0.028215	-0.520329	0.117101	-1.928864
G	-0.481752	-0.898058	-1.781019	0.748234	0.986993	0.707082	1.014241	1.040983	-0.056284	-5.877881
H	-0.872880	-3.433096	-0.642664	-0.949773	-0.600722	-0.898058	-0.520329	1.728627	-0.056284	-5.240451
I	-0.898058	0.129614	0.370047	-0.872880	-0.114115	0.421836	-0.336999	-1.734923	-1.563990	-7.047806
K	2.109541	-4.799878	0.887359	0.190599	-0.371849	-0.174361	0.452040	-1.087804	1.007477	-5.240451
L	-0.221257	1.143254	0.723684	-0.286254	0.603246	1.034343	0.539034	0.305341	1.360524	-3.960343
M	-1.734923	-0.269728	-0.580200	-2.347366	-1.828637	-1.240451	-1.563990	-1.030997	-2.093609	-5.877881
N	-1.563990	-2.418449	0.214289	-0.014383	0.249111	-0.444179	0.421836	-0.084910	-0.319885	-7.047806
P	-3.960343	-5.240451	-1.981716	1.155542	0.690287	0.585190	0.012890	-1.690254	-3.960343	-7.047806
Q	-0.520329	1.250257	0.461969	-0.237234	-0.481752	0.052857	0.052857	-0.621541	0.316329	-5.240451
R	2.317970	-3.292918	-0.070526	-0.685862	-0.269728	-0.642664	-0.189825	0.012890	0.894709	-4.799878
S	0.585190	1.516344	-0.600722	0.857581	0.548384	0.834837	0.442042	1.167727	0.585190	-7.047806
T	-0.444179	1.920861	-1.877881	-0.014383	-0.621541	0.249111	0.178607	-0.354319	0.202493	-7.047806
V	-0.205455	1.572414	-0.319885	-0.580200	0.370047	0.316329	-0.559966	-0.799878	-0.189825	-7.047806
W	-4.462843	-2.744025	-1.828637	-3.960343	-2.744025	-2.655488	-3.433096	-1.485563	-3.047806	-7.047806
Y	-0.520329	0.039657	-0.143924	-1.306339	-0.730393	-0.389594	-0.070526	-0.685862	0.539034	4.280308
