A	0.506621	-0.453851	-0.044394	-0.003053	0.643083	0.387322	0.257262	0.534966	1.171393	0.076236	-4.222731
C	-4.663304	-4.663304	-4.222731	-5.300734	-3.612678	-3.885696	-4.663304	-4.222731	-4.222731	-2.078341	-6.470659
D	-3.885696	-4.222731	0.957701	1.522279	0.548932	1.153223	0.506621	-0.199196	1.357478	-1.113107	-6.470659
E	-1.916070	-2.470659	-0.153246	0.882488	1.009121	0.743660	0.534966	0.132967	-1.300734	-0.270987	-6.470659
F	-1.351718	-0.346538	0.187553	-1.575841	-0.539922	-0.600294	-0.947097	-0.453851	-0.947097	0.132967	-2.855949
G	-0.372627	-0.870746	-2.588016	0.998983	0.803137	1.134821	0.803137	0.492237	1.189337	-0.003053	-6.470659
H	-0.631455	-3.885696	-1.404570	-1.203872	-0.947097	-0.663304	-1.113107	-1.251490	1.471856	-0.130809	-6.470659
I	-0.631455	0.187553	0.402785	-1.069779	-0.453851	-0.246657	0.656046	0.402785	-2.715771	-1.113107	-5.300734
K	2.172295	-5.300734	1.300831	-0.372627	0.037136	-0.108715	-0.044394	0.448204	-0.729192	1.292553	-6.470659
L	-0.763300	1.009121	1.189337	-0.346538	0.355890	0.274175	1.493682	0.849013	0.222828	1.373262	-3.612678
M	-1.916070	-0.108715	-0.199196	-2.588016	-2.078341	-2.166878	-1.916070	-1.575841	-1.069779	-2.470659	-5.300734
N	-2.588016	-3.185257	-0.346538	-0.108715	-0.426265	-0.426265	-0.372627	-0.199196	-0.270987	-0.908416	-6.470659
P	-4.663304	-4.222731	-1.994925	1.500885	0.947194	-0.346538	-0.320912	-0.320912	-0.834034	-3.885696	-6.470659
Q	-0.631455	1.162336	0.814743	-0.199196	0.017181	-0.763300	-0.346538	-0.246657	-0.695872	0.017181	-6.470659
R	2.551015	-4.222731	0.448204	-1.203872	-0.372627	-0.372627	-0.986843	0.307418	0.169586	1.048977	-6.470659
S	0.492237	1.493682	-0.539922	1.068500	0.837680	1.097297	0.706761	1.009121	1.144051	0.694248	-5.300734
T	-0.426265	1.810112	-2.261206	0.056818	-0.399197	0.307418	0.187553	0.387322	-1.203872	0.056818	-6.470659
V	-0.176038	1.708006	-0.372627	-0.510657	-0.065517	0.205298	0.448204	0.323757	-1.637769	0.076236	-5.300734
W	-6.470659	-1.841302	-2.362134	-2.715771	-3.011227	-2.588016	-3.185257	-2.588016	-1.702475	-3.885696	-6.470659
Y	-0.663304	0.222828	0.576465	-2.078341	-0.798234	-1.157776	-1.203872	-0.600294	-1.516463	0.339913	4.284646
