A	0.856473	-0.343954	-0.149576	0.174774	0.662965	0.592231	0.074547	0.662965	0.517848	0.886343	0.479168	-5.044394
C	-5.044394	-3.874469	-5.044394	-3.237039	-3.237039	-3.237039	-3.237039	-3.874469	-2.459432	-5.044394	-5.044394	-5.044394
D	-5.044394	-5.044394	1.463401	1.844349	0.021695	1.203533	0.313158	0.074547	-0.740613	1.423211	-1.584963	-5.044394
E	-5.044394	-3.874469	0.074547	1.339310	0.628031	1.227069	0.439422	0.398549	-0.343954	-1.161751	-0.489805	-5.044394
F	-1.956931	-0.652077	0.517848	-1.289507	-0.090198	-0.343954	-1.289507	-1.044394	-0.740613	-1.584963	0.222392	-5.044394
G	-0.568661	-1.044394	-1.956931	0.886343	0.517848	0.825971	1.273018	1.250227	0.856473	1.227069	0.074547	-5.044394
H	-1.758992	-3.874469	-1.429684	-1.584963	-0.740613	-0.935870	-1.161751	-1.289507	-1.161751	1.829050	-0.343954	-5.044394
I	-0.935870	0.174774	0.398549	-2.186413	0.174774	-1.161751	-0.149576	0.268489	0.313158	-2.459432	-1.429684	-5.044394
K	2.330645	-5.044394	1.079727	-0.033167	-0.834941	-0.033167	0.439422	0.517848	0.222392	-1.758992	0.856473	-5.044394
L	-1.044394	1.179608	1.295456	-0.149576	0.697073	0.479168	0.398549	0.972414	0.697073	-1.289507	1.631563	-5.044394
M	-1.584963	-0.276210	-1.161751	-2.796467	-1.429684	-2.796467	-2.186413	-1.584963	-2.186413	-1.161751	-2.186413	-5.044394
N	-2.796467	-2.796467	-1.044394	0.074547	-0.834941	0.074547	0.021695	-0.149576	-0.149576	0.125531	-0.489805	-5.044394
P	-5.044394	-5.044394	-2.186413	0.972414	0.856473	-0.652077	0.517848	-1.044394	0.439422	-2.186413	-5.044394	-5.044394
Q	-1.161751	1.463401	0.886343	0.021695	-0.276210	-0.415037	-0.415037	-0.415037	0.356485	-0.568661	0.074547	-5.044394
R	2.615602	-3.874469	0.662965	-1.584963	-0.489805	-0.568661	0.021695	-0.276210	0.125531	-0.834941	0.915608	-5.044394
S	0.697073	1.463401	-0.935870	0.794810	0.762961	1.130532	0.886343	0.730393	1.027068	1.782154	0.825971	-5.044394
T	-0.935870	1.733683	-2.186413	-0.652077	0.125531	0.021695	0.268489	0.313158	0.592231	-0.834941	-0.211504	-5.044394
V	-0.834941	1.666412	-0.415037	-0.935870	0.268489	-0.343954	0.356485	0.555519	-0.211504	-1.758992	0.313158	-5.044394
W	-5.044394	-2.459432	-1.956931	-5.044394	-1.956931	-3.237039	-3.874469	-3.874469	-3.237039	-1.956931	-2.796467	-5.044394
Y	0.021695	0.222392	-0.033167	-0.935870	-0.090198	-1.044394	-0.834941	-1.429684	-0.415037	-1.584963	0.398549	4.279786
