A	0.746243	-0.866733	-0.339486	0.521537	0.878694	0.438121	0.878694	1.682428	1.000000	0.154328	0.940621	0.255257	-3.954196
C	-3.954196	-3.954196	-2.784271	-3.954196	-1.706269	-3.954196	-3.954196	-3.954196	-3.954196	-2.784271	-3.954196	-2.784271	-3.954196
D	-3.954196	-3.954196	0.746243	1.976541	-0.339486	0.746243	0.813988	0.521537	0.438121	-0.866733	0.600393	-2.146841	-3.954196
E	-3.954196	-3.954196	0.349584	1.787271	1.446683	1.000000	0.675160	0.255257	0.940621	-0.071553	-1.369234	-0.866733	-3.954196
F	-3.954196	0.255257	0.154328	-1.706269	-0.866733	-1.096215	-1.369234	-1.706269	-0.339486	-1.096215	-0.866733	-0.866733	-3.954196
G	-0.494765	-0.494765	-2.146841	0.521537	0.746243	1.057031	0.813988	0.878694	0.521537	1.358687	0.521537	0.600393	-3.954196
H	-2.784271	-3.954196	-2.146841	-2.146841	-0.668794	-1.096215	-0.866733	-2.784271	-0.668794	-1.369234	1.787271	-0.494765	-3.954196
I	-1.369234	0.521537	0.878694	-0.866733	-0.339486	-0.668794	-0.071553	0.255257	0.154328	-0.199309	-2.784271	-0.199309	-3.954196
K	2.293731	-3.954196	1.000000	-0.494765	-1.096215	0.521537	0.255257	-0.494765	0.600393	0.675160	-0.866733	1.111893	-3.954196
L	-2.146841	0.746243	1.488747	-1.369234	0.255257	0.746243	1.215729	0.154328	0.675160	0.255257	-0.071553	1.718229	-3.954196
M	-2.146841	-0.071553	-0.199309	-3.954196	-1.706269	-1.369234	-3.954196	-1.369234	-1.706269	-0.199309	-0.071553	-1.096215	-3.954196
N	-3.954196	-2.784271	-1.096215	0.349584	-1.706269	-0.339486	0.045804	-0.494765	0.154328	-0.668794	0.349584	-0.199309	-3.954196
P	-3.954196	-2.784271	-2.784271	1.403356	0.438121	-0.199309	-0.199309	-0.071553	-0.668794	-0.668794	-3.954196	-3.954196	-3.954196
Q	-0.668794	1.264972	1.264972	-0.494765	0.255257	-0.494765	0.255257	-0.199309	-0.199309	0.438121	-1.369234	0.255257	-3.954196
R	2.790638	-3.954196	-0.071553	-1.706269	-0.668794	-0.199309	-1.096215	-0.071553	-0.866733	-0.071553	0.746243	0.878694	-3.954196
S	0.940621	1.358687	-0.866733	0.600393	0.813988	0.940621	0.438121	0.940621	1.000000	0.813988	1.488747	0.940621	-3.954196
T	-1.369234	1.853159	-1.096215	-1.369234	-0.071553	-0.199309	-0.071553	-0.199309	-1.369234	0.878694	0.255257	-0.494765	-3.954196
V	-0.199309	1.358687	-0.866733	-1.369234	0.600393	-0.199309	0.438121	0.154328	-0.199309	0.045804	-2.146841	-0.668794	-3.954196
W	-3.954196	-2.146841	-2.784271	-3.954196	-2.146841	-2.146841	-3.954196	-1.369234	-1.369234	-2.784271	-2.146841	-2.784271	-3.954196
Y	-0.866733	0.521537	0.438121	-2.784271	-0.339486	-0.668794	-2.146841	-0.668794	-1.096215	-0.071553	-2.146841	-0.071553	4.230679
