A	0.440573	-1.807355	0.777608	0.440573	1.652077	-0.637430	1.050626	0.777608	0.777608	0.000000	1.280108	0.777608	0.000000	-1.807355
C	-1.807355	-1.807355	-1.807355	-1.807355	-1.807355	-1.807355	-1.807355	-1.807355	-1.807355	-1.807355	-1.807355	-1.807355	-1.807355	-1.807355
D	-1.807355	-1.807355	0.000000	1.280108	-1.807355	0.000000	1.280108	0.000000	0.777608	-1.807355	-1.807355	0.777608	-1.807355	-1.807355
E	-1.807355	-1.807355	-0.637430	1.478047	0.440573	1.280108	1.280108	0.000000	1.280108	0.440573	-0.637430	-1.807355	0.000000	-1.807355
F	-1.807355	-0.637430	0.440573	-1.807355	0.000000	-1.807355	-1.807355	-1.807355	-1.807355	-0.637430	-1.807355	0.777608	0.440573	-1.807355
G	-1.807355	-1.807355	-1.807355	-0.637430	0.000000	0.777608	0.440573	0.777608	1.050626	1.652077	1.807355	1.478047	0.000000	-1.807355
H	-1.807355	-1.807355	-1.807355	-1.807355	-0.637430	-1.807355	-0.637430	-0.637430	-0.637430	-0.637430	-0.637430	1.947533	-1.807355	-1.807355
I	-1.807355	0.440573	0.440573	-0.637430	0.000000	-0.637430	-0.637430	-1.807355	-0.637430	-1.807355	0.000000	-1.807355	-1.807355	-1.807355
K	2.301170	-1.807355	1.050626	0.000000	0.440573	0.440573	-1.807355	0.000000	0.440573	0.000000	1.050626	-1.807355	0.440573	-1.807355
L	-1.807355	0.440573	1.478047	-1.807355	0.000000	0.000000	0.440573	0.000000	-0.637430	1.478047	0.440573	-1.807355	2.075288	-1.807355
M	-0.637430	0.000000	-0.637430	-1.807355	-1.807355	0.000000	-0.637430	-1.807355	-0.637430	-1.807355	-1.807355	-1.807355	-1.807355	-1.807355
N	-1.807355	-1.807355	-0.637430	-0.637430	-1.807355	0.000000	0.000000	0.440573	-0.637430	-0.637430	-0.637430	0.440573	-1.807355	-1.807355
P	-1.807355	-1.807355	-0.637430	1.478047	0.000000	-0.637430	0.000000	0.440573	0.000000	0.440573	-0.637430	-1.807355	-1.807355	-1.807355
Q	-0.637430	1.807355	0.440573	0.000000	0.000000	0.440573	-1.807355	0.777608	0.777608	0.000000	-0.637430	-1.807355	-0.637430	-1.807355
R	2.747234	-1.807355	0.000000	-1.807355	0.000000	-1.807355	-1.807355	0.440573	0.440573	-0.637430	0.440573	0.000000	1.280108	-1.807355
S	0.440573	0.440573	0.000000	1.652077	0.777608	0.000000	0.777608	-0.637430	-0.637430	1.280108	0.440573	0.777608	1.050626	-1.807355
T	-0.637430	0.777608	-1.807355	-0.637430	-0.637430	1.280108	-0.637430	0.000000	-1.807355	0.000000	0.440573	-1.807355	0.440573	-1.807355
V	-1.807355	1.947533	-0.637430	-1.807355	0.440573	0.440573	0.777608	1.280108	-0.637430	-0.637430	-1.807355	-0.637430	-0.637430	-1.807355
W	-1.807355	-0.637430	-1.807355	-1.807355	-1.807355	-1.807355	-1.807355	-0.637430	-0.637430	-1.807355	-1.807355	-1.807355	-1.807355	-1.807355
Y	-1.807355	0.777608	0.777608	-0.637430	0.440573	0.000000	-0.637430	-1.807355	-0.637430	-1.807355	-0.637430	-0.637430	-0.637430	3.865070
