A	-0.121991	-0.961526	-1.402098	-0.624491	0.075949	0.790547	-2.039528	-3.209453
C	-3.209453	-3.209453	-3.209453	-3.209453	-3.209453	-2.039528	-3.209453	-3.209453
D	-3.209453	-0.961526	2.721284	-0.121991	-2.039528	-0.351472	-3.209453	-3.209453
E	-3.209453	-0.961526	-0.624491	-1.402098	-2.039528	-0.624491	-0.351472	-3.209453
F	0.405256	-0.961526	0.673190	0.075949	-2.039528	-2.039528	-0.624491	-3.209453
G	-0.961526	-0.624491	0.790547	-1.402098	0.075949	0.075949	0.075949	-3.209453
H	-0.624491	-1.402098	-0.351472	-0.121991	-0.624491	2.009715	0.899071	-3.209453
I	-0.121991	-0.351472	-2.039528	1.094327	1.744743	0.075949	-2.039528	-3.209453
K	1.623437	-0.961526	0.075949	1.345135	-2.039528	-0.961526	2.233490	-3.209453
L	0.405256	0.249978	-0.961526	0.249978	0.673190	1.266280	0.899071	-3.209453
M	-0.624491	-1.402098	-3.209453	-3.209453	-0.961526	-0.961526	-1.402098	-3.209453
N	-1.402098	-0.961526	0.545434	-1.402098	0.249978	-0.961526	-0.121991	-3.209453
P	-3.209453	-3.209453	0.673190	1.000000	1.623437	-0.961526	-2.039528	-3.209453
Q	-0.121991	0.075949	0.075949	-0.624491	-0.351472	0.249978	-0.961526	-3.209453
R	1.623437	-0.121991	-1.402098	-0.961526	-0.961526	-2.039528	1.345135	-3.209453
S	-0.351472	1.685364	-0.624491	0.790547	0.545434	0.249978	0.545434	-3.209453
T	0.673190	2.497906	-2.039528	0.075949	0.545434	-1.402098	-0.624491	-3.209453
V	0.673190	0.545434	-2.039528	1.094327	1.000000	1.000000	-0.351472	-3.209453
W	-3.209453	-2.039528	-3.209453	-3.209453	-3.209453	-2.039528	-3.209453	-3.209453
Y	0.790547	-0.351472	-0.961526	0.075949	-3.209453	-0.961526	-0.351472	4.165586
