A	0.755014	-0.095777	0.316276	0.213109	-0.024694	0.136235	1.028539	0.072822	-5.599603
C	-4.301922	-8.184565	-4.725134	-5.599603	-3.555209	-3.880785	-4.569856	-3.118476	-8.184565
D	-0.910770	-4.725134	1.839189	1.105453	-0.109086	-0.756205	-0.704785	-1.326584	-8.184565
E	-0.056571	-0.076041	0.360399	1.372898	0.158620	-0.294301	-0.037361	0.440230	-8.184565
F	-0.842491	-1.137442	-0.163586	-0.970246	-0.170545	0.113497	-0.597726	-0.506846	0.507178
G	-0.533514	-1.057861	-1.178941	0.511533	0.365219	-0.089168	0.698842	-0.142906	-8.184565
H	-0.725134	-4.184565	-0.037361	-0.994741	-0.498065	-0.777298	1.511967	-0.012138	-3.975112
I	-0.551570	0.421840	0.072822	-0.607137	0.982225	0.706459	-0.264213	-1.716960	-5.326584
K	1.974675	-5.326584	0.755014	0.444791	0.049054	-0.136079	-1.019659	1.360882	-5.936638
L	-0.271676	1.226946	0.024888	-0.109086	1.194813	1.105453	1.085146	1.096785	-0.551570
M	-1.618511	-0.560684	-1.265702	-2.622323	-1.599603	-1.057861	-1.676771	-1.657088	-2.547941
N	-1.473759	-2.965397	0.250063	-0.301922	-0.205855	-0.264213	-0.664929	-0.325031	-8.184565
P	-3.708832	-5.326584	-1.960564	0.997829	-0.533514	0.374812	-0.340644	-2.622323	-8.184565
Q	-0.607137	0.809081	0.714036	-0.102416	-0.249400	0.096205	0.049054	0.250063	-8.184565
R	1.977826	-2.009640	-1.083903	-0.446473	-0.635744	0.301264	-0.198724	0.963275	-7.014640
S	0.604153	1.490068	0.431064	0.780497	0.239601	0.345841	0.600069	0.850921	-8.184565
T	-0.309584	1.876806	-0.674790	-0.005901	0.006494	0.476322	-0.249400	0.336053	-8.184565
V	0.101992	1.602521	-0.694717	-0.364386	1.258378	0.801988	-0.213022	0.164163	-3.065624
W	-4.301922	-3.118476	-1.844715	-3.230369	-2.965397	-3.173338	-2.140171	-5.326584	-3.792248
Y	-0.588376	-0.129283	-0.082590	-1.110424	-0.674790	-0.515680	-0.597726	-0.256787	4.118502
