A	-7.583538 0.428876 1.977661 1.232108 0.893180 2.622204 1.334763 0.881821 2.368478
C	-7.242064 -7.642293 -1.920232 -4.098718 -7.643256 -4.143641 -7.564438 -7.642328 -1.393319
D	-4.764088 -2.341246 -3.315853 -1.944371 -0.540266 -0.681233 -1.043598 -1.498684 -3.057947
E	-7.514877 0.538874 -1.627770 0.153089 0.245591 -0.612655 0.741737 0.522721 -1.852876
F	2.156157 -2.749518 -0.470061 -0.434048 -3.184485 -7.616878 -1.873619 -4.088830 -2.544367
G	-7.614857 -2.597638 -0.697093 -2.931142 -0.864964 0.935798 -1.703267 0.676937 0.293568
H	-7.034714 -0.072968 -1.085772 -0.845184 -1.762035 -1.951786 0.812293 -1.088390 -4.209001
I	2.541584 0.832935 1.155801 0.944214 -0.684276 -2.010867 -0.318009 -1.180692 0.370827
K	-7.323998 1.413497 -0.626366 -7.001456 1.618605 0.239312 0.323299 1.084160 -1.674577
L	0.359706 -0.380833 0.045558 2.648907 -1.031227 -4.974829 0.200630 0.761934 0.844522
M	-2.392039 -4.175523 -0.273040 0.412857 -3.800130 -7.409713 -2.021582 -2.736789 -0.539952
N	-6.809734 -0.981480 -1.711871 0.832336 0.453333 -1.055363 1.004897 -1.340901 -1.740249
P	-7.535697 -7.636322 -0.665995 -7.627166 0.518231 1.099766 0.569242 1.081708 -4.006812
Q	-3.430008 0.527551 -0.705843 -0.906624 0.213572 -2.851680 0.725439 0.430174 -1.575538
R	-7.442087 1.504519 -0.563625 -2.774713 0.725668 0.356322 0.478042 1.109855 1.192219
S	-7.458791 0.097479 1.596716 -1.977679 0.903706 1.486344 -0.627748 0.147997 -0.138276
T	-7.486518 0.711118 -0.045384 -3.295363 1.098891 0.333634 -1.632387 -0.263882 -0.128582
V	0.917633 1.265089 0.728722 0.729773 0.065914 -0.516004 0.733222 0.453141 1.778453
W	0.139690 -3.214832 -4.043920 -0.872599 -3.368292 -7.641653 -2.788899 -4.113091 -4.126727
Y	2.338835 -1.129027 -0.166098 -2.106846 -1.808589 -4.138270 -2.206549 -1.176975 -2.157039
