A	1.377474	-3.741467	-0.282035	0.141176	0.562314	-0.282035	0.258533	-0.456065	0.734266	-3.741467
C	-3.741467	-3.741467	-3.741467	-3.741467	-3.741467	-3.741467	-3.741467	-3.741467	-3.741467	-3.741467
D	-3.741467	0.141176	-3.741467	1.324622	0.734266	-0.282035	-1.156504	-3.741467	-3.741467	-3.741467
E	-1.934112	-1.934112	-2.571542	0.013421	0.013421	-0.883486	-1.156504	-0.282035	0.467986	-3.741467
F	-0.883486	-2.571542	0.258533	-0.282035	-0.883486	-1.493539	-1.493539	0.141176	-1.156504	2.329995
G	-1.156504	-2.571542	-3.741467	-0.654004	1.428458	1.026717	0.467986	-2.571542	-0.883486	-3.741467
H	-1.156504	-3.741467	-1.156504	-0.883486	-1.493539	0.258533	-0.883486	0.013421	-1.156504	-3.741467
I	-1.493539	-0.654004	-3.741467	-1.156504	-1.934112	-1.156504	-0.126757	0.467986	-1.493539	-1.156504
K	1.212729	-3.741467	-0.282035	0.258533	-0.282035	0.467986	0.141176	-0.883486	0.258533	-3.741467
L	-0.126757	-0.456065	-2.571542	-0.126757	-0.282035	0.013421	0.958973	0.813122	0.367057	3.221429
M	-1.934112	-2.571542	-3.741467	-2.571542	-3.741467	-3.741467	-1.934112	-1.934112	-2.571542	-0.282035
N	-1.934112	-3.741467	-1.934112	-0.456065	-0.654004	0.141176	-0.883486	-0.126757	-1.934112	-3.741467
P	-3.741467	3.589450	-1.934112	1.820775	2.000000	2.065888	1.428458	-0.883486	-0.883486	-3.741467
Q	-1.156504	-0.654004	-2.571542	-0.456065	-0.282035	-0.282035	0.467986	0.562314	-0.456065	-3.741467
R	2.482535	0.367057	3.622668	-0.654004	-0.456065	0.562314	0.562314	1.269760	0.258533	-3.741467
S	1.525320	-1.156504	-1.493539	1.428458	0.958973	-0.126757	0.367057	-0.126757	2.189270	-3.741467
T	-0.883486	-1.156504	-2.571542	-0.654004	0.258533	-0.282035	0.813122	1.091423	1.820775	-3.741467
V	-0.883486	0.141176	-1.493539	-0.126757	-1.156504	0.467986	0.887890	1.269760	0.141176	-1.156504
W	-3.741467	-3.741467	-3.741467	-1.934112	-2.571542	-1.493539	-3.741467	-1.156504	-3.741467	-1.156504
Y	0.367057	-1.493539	1.026717	-1.156504	-1.934112	-2.571542	-1.934112	-0.282035	-1.493539	1.324622
