A	-0.115477	-0.115477	-0.115477	-1.285402	-0.115477	-1.285402	0.521953	-1.285402	-0.115477	-1.285402	-1.285402
C	-1.285402	-1.285402	-1.285402	-1.285402	-1.285402	-1.285402	-1.285402	-1.285402	-1.285402	-1.285402	-1.285402
D	-1.285402	-0.115477	-1.285402	2.000000	-0.115477	0.962525	-0.115477	-0.115477	-1.285402	-1.285402	-1.285402
E	-0.115477	-0.115477	-1.285402	-1.285402	-0.115477	-1.285402	0.962525	-0.115477	-1.285402	0.962525	-1.285402
F	-0.115477	-0.115477	2.174029	-1.285402	-1.285402	-0.115477	-1.285402	-1.285402	-0.115477	-1.285402	1.802061
G	-1.285402	-0.115477	-0.115477	0.521953	-1.285402	-0.115477	0.521953	1.299560	-1.285402	-1.285402	-1.285402
H	-1.285402	-1.285402	-1.285402	-0.115477	1.802061	-1.285402	0.521953	-1.285402	-1.285402	-0.115477	-1.285402
I	0.521953	-0.115477	-1.285402	-1.285402	-0.115477	-0.115477	-0.115477	1.572579	0.521953	-0.115477	-1.285402
K	1.299560	-1.285402	-0.115477	-1.285402	-0.115477	-0.115477	-1.285402	-0.115477	-0.115477	1.802061	-1.285402
L	-1.285402	0.962525	0.521953	-1.285402	-0.115477	-0.115477	-1.285402	0.521953	2.174029	-0.115477	2.000000
M	-1.285402	-1.285402	-1.285402	-1.285402	-1.285402	-1.285402	-1.285402	-1.285402	-0.115477	-1.285402	-1.285402
N	-0.115477	-1.285402	-1.285402	-1.285402	-0.115477	-1.285402	-1.285402	-1.285402	-1.285402	-1.285402	-1.285402
P	-1.285402	0.962525	-0.115477	0.521953	1.802061	2.469485	-1.285402	0.521953	-1.285402	-1.285402	-1.285402
Q	-0.115477	0.521953	-1.285402	-1.285402	0.521953	-1.285402	-0.115477	-1.285402	-1.285402	-1.285402	-1.285402
R	1.572579	0.962525	0.521953	2.000000	-0.115477	0.521953	-0.115477	0.521953	1.299560	-0.115477	-1.285402
S	1.802061	-1.285402	0.521953	-0.115477	-1.285402	0.521953	0.962525	-0.115477	-0.115477	0.962525	-1.285402
T	-1.285402	1.299560	-1.285402	-0.115477	-1.285402	-0.115477	1.299560	0.521953	-0.115477	1.802061	-1.285402
V	-0.115477	0.521953	-1.285402	-1.285402	-0.115477	-1.285402	-0.115477	0.521953	0.962525	-0.115477	-1.285402
W	-1.285402	-1.285402	-1.285402	-1.285402	-1.285402	-1.285402	-1.285402	-1.285402	-1.285402	-1.285402	-1.285402
Y	-1.285402	-1.285402	1.572579	0.521953	-1.285402	-1.285402	0.521953	-1.285402	-1.285402	-1.285402	2.469485
