A	0.644519	-1.273018	0.415037	-1.273018	-0.195016	-0.635589	0.142019	-2.442943
C	-2.442943	-2.442943	-2.442943	-2.442943	-2.442943	-2.442943	-2.442943	-2.442943
D	-2.442943	-2.442943	-0.195016	-1.273018	-1.273018	-1.273018	-2.442943	-2.442943
E	-2.442943	-2.442943	-0.635589	-0.195016	0.142019	-0.635589	0.415037	-2.442943
F	0.842459	-2.442943	-0.195016	-0.635589	1.016488	0.142019	-2.442943	1.439700
G	-2.442943	-2.442943	2.032790	-0.195016	-0.195016	-2.442943	-0.195016	-2.442943
H	-0.635589	-0.635589	-1.273018	-1.273018	1.016488	-0.195016	0.142019	-1.273018
I	0.644519	-2.442943	-0.195016	-1.273018	0.842459	1.016488	0.142019	-0.635589
K	0.415037	-0.195016	-0.635589	-1.273018	-0.195016	-1.273018	0.142019	-2.442943
L	0.415037	-2.442943	-2.442943	0.415037	1.016488	1.557057	0.842459	3.193681
M	-2.442943	-2.442943	-2.442943	-2.442943	-2.442943	-2.442943	-1.273018	-2.442943
N	-0.195016	-2.442943	-0.635589	-0.195016	-1.273018	-1.273018	-0.635589	-2.442943
P	-2.442943	0.142019	2.451874	3.040872	-1.273018	1.439700	-2.442943	-2.442943
Q	-1.273018	-2.442943	-2.442943	-0.635589	-2.442943	0.644519	-0.195016	-2.442943
R	0.644519	3.487794	-1.273018	-0.195016	0.142019	0.842459	0.142019	-2.442943
S	-0.195016	-0.635589	-2.442943	-2.442943	-0.195016	-1.273018	1.311944	-2.442943
T	0.415037	-2.442943	-0.195016	-0.195016	-0.195016	0.415037	0.415037	-2.442943
V	0.842459	-2.442943	-0.635589	0.842459	1.665581	0.415037	1.766510	-0.635589
W	-2.442943	-2.442943	-2.442943	-2.442943	-2.442943	-2.442943	-2.442943	-2.442943
Y	1.860837	1.439700	0.142019	-2.442943	-1.273018	-0.635589	-1.273018	1.949374
