A	1.001570	-0.096920	1.228588	0.031595	-0.177538	0.284690	-0.119498	0.931913	-5.620482
C	-7.427837	-7.427837	-7.427837	-7.427837	-7.427837	-7.427837	-7.427837	-7.427837	-7.427837
D	-5.179909	-2.533019	-1.203835	1.183188	-2.416609	-4.569856	-2.533019	-4.842874	-7.427837
E	-3.813127	-1.944021	-3.124056	1.263907	-1.278089	-2.070285	-1.044132	0.693697	-7.427837
F	-1.228164	-4.340374	1.092782	-1.827924	-0.189432	-0.436315	-0.367141	-1.984893	1.586881
G	-1.303715	-4.340374	-1.653050	0.915349	0.010955	-0.052797	-2.659652	-1.110424	-7.427837
H	-1.065893	-4.569856	-0.288285	-1.087987	0.168353	-0.805785	0.267392	-0.479469	-1.497099
I	-0.250417	-0.142434	-0.920042	-2.114954	0.111322	1.063014	0.408214	-1.087987	-1.001572
K	2.080949	-3.427837	0.915349	0.499941	1.319517	-0.327174	-0.119498	0.485053	1.082928
L	-0.508973	1.011994	-0.108164	-0.422212	0.130584	0.439442	1.713632	0.140119	3.121467
M	-2.070285	-1.356374	-1.203835	-2.873248	-2.361747	-2.208668	-1.065893	-2.257912	-1.278089
N	-1.653050	-5.179909	0.550874	-0.436315	-0.666285	-1.467835	-0.939997	-1.087987	-7.427837
P	-5.179909	2.855252	-0.633421	1.856409	1.466981	1.102570	0.041805	-2.873248	-7.427837
Q	-1.356374	-0.699916	-0.699916	-0.096920	-0.436315	-0.422212	0.284690	0.586184	-7.427837
R	2.215569	0.763223	1.478302	-1.439152	0.744591	1.323707	0.647643	-0.108164	-1.065893
S	1.348596	-0.508973	0.660952	1.011994	0.021312	0.579191	0.712993	1.975708	-7.427837
T	-0.275552	0.881640	-1.356374	-0.353695	-0.394414	0.725715	0.640942	1.344478	-6.257912
V	0.318678	1.302634	-1.179909	-1.411028	0.858721	1.336206	0.931913	0.864485	-1.133216
W	-6.257912	-7.427837	-1.904275	-3.813127	-1.356374	-4.340374	-2.873248	-7.427837	-0.085762
Y	-0.842874	-1.044132	0.898593	-2.161050	-0.238012	-1.827924	-0.523955	-1.044132	1.562267
