A	1.285402	-2.000000	1.882643	0.857981	0.247928	0.584963	0.247928	1.459432	1.087463	-2.000000
C	-2.000000	-2.000000	-2.000000	-2.000000	-2.000000	-2.000000	-2.000000	-2.000000	-2.000000	-2.000000
D	-2.000000	-2.000000	-2.000000	0.584963	0.247928	-0.192645	-2.000000	-2.000000	-2.000000	-2.000000
E	-2.000000	-2.000000	-2.000000	0.857981	-0.830075	-0.830075	0.247928	-2.000000	-0.192645	-2.000000
F	-2.000000	-2.000000	0.247928	-2.000000	-0.830075	-0.830075	-2.000000	-2.000000	-2.000000	1.754888
G	-0.830075	-2.000000	0.247928	0.857981	0.857981	0.857981	1.459432	-2.000000	-2.000000	-2.000000
H	-0.830075	-2.000000	-2.000000	-0.830075	-2.000000	-2.000000	-0.830075	-0.192645	-0.830075	-2.000000
I	-0.830075	-2.000000	-0.830075	-0.192645	-2.000000	-0.192645	-0.192645	0.857981	-2.000000	-2.000000
K	1.087463	-2.000000	-0.830075	1.087463	0.247928	-0.830075	-0.830075	-0.830075	0.584963	-2.000000
L	-0.830075	-2.000000	0.857981	0.247928	0.584963	-0.192645	1.087463	-2.000000	-0.830075	3.266787
M	-2.000000	-2.000000	0.247928	-2.000000	-2.000000	0.247928	-2.000000	-0.192645	-2.000000	1.285402
N	-2.000000	-2.000000	-2.000000	-2.000000	-0.830075	-0.830075	-0.830075	0.247928	-0.830075	-2.000000
P	-2.000000	3.930737	0.857981	0.247928	0.857981	-0.192645	-0.192645	-2.000000	-2.000000	-2.000000
Q	-2.000000	-2.000000	-0.830075	-0.830075	-0.830075	0.247928	-0.192645	0.857981	-0.830075	-2.000000
R	2.475733	-2.000000	-2.000000	0.857981	-2.000000	-0.830075	-0.192645	-0.830075	-0.830075	-2.000000
S	1.882643	-2.000000	0.857981	1.285402	1.459432	1.459432	1.087463	1.285402	2.475733	-2.000000
T	-2.000000	-2.000000	-0.830075	-0.830075	0.857981	1.285402	0.857981	1.754888	1.614710	-2.000000
V	-0.192645	-2.000000	-0.192645	-2.000000	1.459432	0.584963	1.087463	0.584963	0.857981	-0.830075
W	-2.000000	-2.000000	-0.830075	-2.000000	-2.000000	-2.000000	-2.000000	-2.000000	-2.000000	-2.000000
Y	-0.830075	-2.000000	1.087463	-2.000000	-2.000000	-0.830075	-2.000000	-2.000000	-2.000000	-2.000000
