A	1.540568	-1.044394	0.762961	1.203533	1.203533	-1.044394	0.762961	0.125531	0.762961	2.043069	-1.044394
C	-1.044394	-1.044394	-1.044394	-1.044394	-1.044394	-1.044394	-1.044394	-1.044394	-1.044394	-1.044394	-1.044394
D	-1.044394	-1.044394	0.762961	0.125531	-1.044394	0.125531	-1.044394	-1.044394	-1.044394	-1.044394	-1.044394
E	-1.044394	-1.044394	-1.044394	0.125531	-1.044394	1.203533	0.125531	-1.044394	-1.044394	0.125531	-1.044394
F	-1.044394	-1.044394	-1.044394	-1.044394	-1.044394	0.125531	-1.044394	-1.044394	-1.044394	0.125531	1.813587
G	-1.044394	-1.044394	0.762961	0.125531	0.762961	0.125531	1.203533	1.203533	0.125531	-1.044394	-1.044394
H	0.125531	-1.044394	-1.044394	0.125531	-1.044394	-1.044394	-1.044394	-1.044394	-1.044394	-1.044394	-1.044394
I	0.125531	-1.044394	1.540568	-1.044394	-1.044394	0.125531	-1.044394	0.125531	-1.044394	0.125531	0.125531
K	1.203533	-1.044394	-1.044394	0.125531	-1.044394	-1.044394	-1.044394	0.125531	-1.044394	-1.044394	-1.044394
L	-1.044394	-1.044394	-1.044394	-1.044394	-1.044394	1.203533	0.125531	0.125531	0.762961	-1.044394	2.838249
M	-1.044394	-1.044394	1.203533	-1.044394	-1.044394	-1.044394	-1.044394	0.762961	-1.044394	0.125531	-1.044394
N	-1.044394	-1.044394	0.125531	-1.044394	-1.044394	-1.044394	-1.044394	0.125531	0.125531	-1.044394	-1.044394
P	-1.044394	3.431339	0.125531	-1.044394	0.125531	0.125531	-1.044394	0.125531	-1.044394	-1.044394	-1.044394
Q	-1.044394	-1.044394	-1.044394	0.125531	1.203533	-1.044394	0.125531	1.203533	-1.044394	-1.044394	-1.044394
R	1.813587	-1.044394	-1.044394	0.125531	0.762961	0.762961	0.762961	-1.044394	0.125531	-1.044394	-1.044394
S	1.203533	-1.044394	0.125531	2.043069	0.762961	0.762961	1.203533	-1.044394	1.203533	1.203533	-1.044394
T	-1.044394	-1.044394	-1.044394	0.125531	0.125531	0.125531	-1.044394	-1.044394	0.762961	1.540568	-1.044394
V	-1.044394	-1.044394	-1.044394	-1.044394	1.203533	0.125531	1.540568	0.762961	1.813587	-1.044394	-1.044394
W	-1.044394	-1.044394	-1.044394	-1.044394	-1.044394	-1.044394	-1.044394	-1.044394	-1.044394	-1.044394	-1.044394
Y	-1.044394	-1.044394	0.125531	-1.044394	-1.044394	-1.044394	-1.044394	0.125531	-1.044394	-1.044394	-1.044394
