A	1.227410	1.227410	-0.187627	-1.357552	-0.187627	-0.187627	1.227410	-1.357552
C	-1.357552	-1.357552	-1.357552	-1.357552	-1.357552	-1.357552	-1.357552	-1.357552
D	-1.357552	-1.357552	0.449803	-1.357552	-1.357552	-1.357552	-1.357552	-1.357552
E	0.449803	-1.357552	-0.187627	1.227410	-1.357552	-0.187627	0.890376	-1.357552
F	-1.357552	-1.357552	-1.357552	-1.357552	0.449803	-0.187627	-1.357552	0.449803
G	-1.357552	-1.357552	-1.357552	0.449803	0.449803	-0.187627	-1.357552	-1.357552
H	-0.187627	-1.357552	0.449803	-1.357552	0.449803	0.449803	-1.357552	-1.357552
I	-0.187627	-1.357552	1.227410	-1.357552	-1.357552	0.449803	-1.357552	-1.357552
K	0.890376	-1.357552	0.890376	-0.187627	2.397335	-0.187627	-1.357552	-1.357552
L	-1.357552	-1.357552	0.449803	0.890376	-0.187627	-0.187627	-1.357552	3.475338
M	-1.357552	-1.357552	-1.357552	-1.357552	-1.357552	-1.357552	-1.357552	-0.187627
N	-1.357552	-1.357552	-0.187627	-0.187627	-1.357552	1.227410	-1.357552	-1.357552
P	-0.187627	3.271805	-0.187627	-1.357552	1.227410	-0.187627	-0.187627	-1.357552
Q	-1.357552	-1.357552	-0.187627	0.890376	-1.357552	-0.187627	0.890376	-1.357552
R	1.500429	-1.357552	-1.357552	1.729911	-1.357552	0.449803	-1.357552	-1.357552
S	0.890376	-0.187627	-1.357552	-1.357552	-0.187627	1.227410	0.890376	-1.357552
T	1.227410	-0.187627	0.890376	0.890376	0.449803	-1.357552	0.449803	-1.357552
V	-0.187627	-1.357552	0.449803	-0.187627	-1.357552	0.449803	1.927850	-1.357552
W	-1.357552	-1.357552	-1.357552	-1.357552	-1.357552	-1.357552	-1.357552	-1.357552
Y	-1.357552	-1.357552	0.449803	-0.187627	-1.357552	-0.187627	0.449803	-1.357552
