A	1.175978	1.030861	1.307822	0.363436	1.030861	1.175978	0.781501	1.668291	-2.724027
C	-4.531381	-4.531381	-4.531381	-4.531381	-4.531381	-4.531381	-3.361456	-2.283454	-4.531381
D	-2.283454	-4.531381	0.169058	0.534708	-1.673400	-1.443919	-1.071950	-2.724027	-4.531381
E	-3.361456	-4.531381	-1.071950	1.369485	-1.071950	-2.283454	-0.648738	1.786031	-4.531381
F	-2.724027	-4.531381	-0.321928	-1.245979	-0.422857	-0.227601	-3.361456	-2.724027	1.141044
G	-1.071950	-1.946419	-1.946419	0.687787	0.169058	1.175978	-0.916672	-1.443919	-4.531381
H	-0.776494	-4.531381	-1.443919	-2.283454	0.236803	-1.443919	-0.321928	-1.071950	-4.531381
I	-1.443919	0.687787	0.422815	-1.946419	-0.916672	-0.227601	-0.321928	-1.245979	-2.283454
K	2.053581	-4.531381	-0.531381	0.587560	1.369485	-0.321928	-0.321928	-1.245979	-4.531381
L	-1.071950	-1.946419	1.275973	0.023207	-0.227601	0.169058	1.399356	-1.071950	3.678072
M	-4.531381	-2.724027	0.534708	-4.531381	-2.283454	-0.776494	-0.648738	-2.283454	1.592740
N	-1.673400	-4.531381	1.030861	-0.776494	-0.227601	-0.776494	-0.227601	-1.245979	-4.531381
P	-4.531381	3.374006	0.169058	1.808469	0.992180	0.911562	-0.227601	-1.673400	-3.361456
Q	-1.946419	-4.531381	-0.321928	0.301509	-0.227601	0.301509	0.952434	0.781501	-4.531381
R	2.556081	-4.531381	-3.361456	-1.071950	0.952434	-0.422857	-0.139064	-0.916672	-4.531381
S	1.338983	0.869498	0.236803	1.105243	0.687787	0.869498	1.210086	1.873760	-4.531381
T	-0.139064	-0.227601	-0.139064	-0.531381	-0.321928	1.175978	1.210086	0.911562	-3.361456
V	-0.139064	1.105243	0.169058	-0.648738	0.826171	0.638544	0.479846	0.687787	-0.776494
W	-4.531381	-4.531381	-3.361456	-4.531381	-4.531381	-4.531381	-4.531381	-4.531381	-4.531381
Y	-1.946419	-4.531381	0.236803	-1.946419	-4.531381	-2.724027	-2.724027	-1.673400	-1.443919
