A	0.807355	0.169925	1.247928	0.169925	-1.000000	-1.000000	0.169925	2.087463	0.807355	-1.000000
C	-1.000000	-1.000000	-1.000000	-1.000000	-1.000000	-1.000000	-1.000000	-1.000000	0.169925	-1.000000
D	-1.000000	-1.000000	-1.000000	1.584963	-1.000000	0.169925	0.169925	-1.000000	-1.000000	-1.000000
E	-1.000000	-1.000000	-1.000000	1.857981	1.247928	0.807355	-1.000000	1.247928	1.247928	-1.000000
F	-1.000000	-1.000000	2.459432	-1.000000	0.807355	-1.000000	-1.000000	0.807355	-1.000000	0.807355
G	-1.000000	-1.000000	-1.000000	-1.000000	1.247928	0.807355	-1.000000	-1.000000	-1.000000	-1.000000
H	0.807355	-1.000000	0.169925	-1.000000	0.169925	-1.000000	-1.000000	-1.000000	0.169925	-1.000000
I	-1.000000	1.584963	-1.000000	0.169925	0.807355	-1.000000	0.169925	-1.000000	-1.000000	-1.000000
K	1.857981	-1.000000	-1.000000	0.169925	0.807355	0.169925	-1.000000	-1.000000	0.169925	-1.000000
L	-1.000000	1.247928	0.169925	-1.000000	0.169925	0.169925	2.285402	-1.000000	0.169925	2.882643
M	-1.000000	-1.000000	-1.000000	-1.000000	-1.000000	-1.000000	-1.000000	-1.000000	0.169925	-1.000000
N	-1.000000	-1.000000	-1.000000	0.169925	0.169925	0.807355	0.807355	0.169925	-1.000000	-1.000000
P	-1.000000	-1.000000	0.169925	0.807355	-1.000000	-1.000000	-1.000000	-1.000000	-1.000000	-1.000000
Q	-1.000000	-1.000000	-1.000000	-1.000000	-1.000000	0.169925	-1.000000	0.169925	0.169925	-1.000000
R	1.857981	-1.000000	-1.000000	-1.000000	0.169925	-1.000000	-1.000000	-1.000000	0.169925	-1.000000
S	0.169925	0.169925	-1.000000	-1.000000	-1.000000	1.247928	0.169925	0.807355	0.169925	-1.000000
T	0.169925	1.247928	-1.000000	-1.000000	-1.000000	0.807355	0.807355	0.169925	1.247928	-1.000000
V	-1.000000	1.584963	0.169925	-1.000000	-1.000000	0.169925	0.169925	-1.000000	-1.000000	-1.000000
W	-1.000000	-1.000000	-1.000000	0.169925	-1.000000	-1.000000	-1.000000	-1.000000	-1.000000	0.807355
Y	-1.000000	-1.000000	0.169925	-1.000000	-1.000000	-1.000000	-1.000000	-1.000000	-1.000000	0.169925
