A	0.396659	-0.844349	1.920221	-0.094327	-0.548893	-0.094327	0.250808	0.762308	-2.055853
C	-4.303781	-4.303781	-4.303781	-4.303781	-4.303781	-3.133856	-2.496426	-4.303781	-4.303781
D	-4.303781	-4.303781	-4.303781	2.243114	-0.094327	-1.018379	0.000000	-1.718818	-4.303781
E	-4.303781	-1.445800	-3.133856	2.354431	0.250808	-3.133856	1.139163	1.180035	-4.303781
F	-0.303781	-4.303781	1.368645	-2.496426	0.464404	-0.421138	-0.303781	-1.718818	1.368645
G	0.529109	-4.303781	-3.133856	1.180035	0.650416	-1.018379	-4.303781	0.171953	-4.303781
H	-1.445800	-4.303781	-1.445800	-2.496426	-0.421138	-1.445800	1.471006	-0.421138	-4.303781
I	-0.303781	1.403578	2.262273	-2.055853	1.471006	2.204014	-0.195256	-2.055853	0.707447
K	2.822924	-4.303781	-0.689071	-1.216318	-0.689071	-3.133856	-1.018379	1.219781	-4.303781
L	-2.055853	2.122484	-1.216318	-2.055853	1.535423	1.895892	0.088537	-0.195256	3.475939
M	-3.133856	-2.496426	-0.421138	-2.496426	-1.718818	-2.055853	-1.718818	-2.496426	-4.303781
N	-2.055853	-4.303781	-1.718818	-0.548893	-0.689071	-0.844349	0.529109	-1.018379	-4.303781
P	-4.303781	-4.303781	-0.689071	0.815160	-2.055853	-1.718818	-1.216318	-4.303781	-4.303781
Q	-1.718818	1.656221	-2.496426	-0.548893	-0.844349	-1.216318	1.332844	1.139163	-4.303781
R	1.503574	-4.303781	-2.496426	-3.133856	-0.689071	0.250808	-4.303781	0.866144	-4.303781
S	1.053771	-2.496426	0.464404	0.529109	-1.018379	-1.718818	-0.548893	1.053771	-4.303781
T	-0.094327	0.915388	-0.689071	-1.718818	-0.195256	-0.094327	0.396659	1.097099	-4.303781
V	-0.548893	2.615082	0.650416	-2.055853	1.180035	1.944147	0.591037	-0.844349	1.258462
W	-4.303781	-4.303781	-3.133856	-3.133856	-1.718818	-4.303781	-4.303781	-4.303781	-1.445800
Y	-1.018379	-4.303781	0.464404	-3.133856	-0.195256	-1.216318	0.088537	-1.018379	-0.000000
