A	0.923274	0.861346	0.657813	-0.512112	0.420774	0.136981	0.136981	-0.216656	0.504190	-3.971544
C	-3.971544	-3.971544	-2.801619	-3.971544	-3.971544	-3.971544	-3.971544	-3.971544	-3.971544	-3.971544
D	-3.971544	-3.971544	-0.512112	1.665081	1.198381	0.136981	-0.884081	-0.088901	-2.164189	-3.971544
E	-3.971544	0.728896	-1.723616	1.700882	1.386008	0.028456	-0.512112	0.136981	-0.088901	-3.971544
F	-0.356834	-3.971544	2.072851	-0.356834	-1.386581	-1.113563	-0.216656	-2.801619	-1.723616	2.790008
G	0.136981	-2.801619	-2.164189	0.861346	1.769923	1.094546	1.039684	-2.164189	-1.386581	-3.971544
H	-1.386581	-3.971544	-1.723616	-2.164189	-0.686141	-0.512112	-0.088901	0.657813	-0.512112	-3.971544
I	-1.113563	-2.801619	0.657813	-2.801619	-1.113563	0.237910	0.657813	-0.216656	-2.164189	1.552018
K	1.628369	-3.971544	-1.386581	0.332237	0.332237	0.861346	0.420774	-1.723616	1.471400	-3.971544
L	-2.164189	0.583045	0.420774	-2.164189	-1.386581	0.028456	0.923274	0.982653	0.136981	2.228129
M	-1.386581	-0.884081	-0.356834	-2.801619	-1.723616	-2.164189	-1.723616	-1.723616	-2.801619	-1.386581
N	-2.801619	-2.801619	-0.884081	-0.686141	-1.386581	-0.356834	-0.216656	0.332237	-0.356834	-3.971544
P	-3.971544	0.136981	-2.164189	1.898821	1.552018	1.094546	0.923274	-0.686141	-2.164189	-3.971544
Q	-0.884081	3.313859	-0.884081	0.504190	-0.884081	0.420774	0.332237	1.198381	0.332237	-3.971544
R	2.433598	-3.971544	-1.386581	-2.801619	-2.164189	-1.723616	-1.113563	-1.386581	0.028456	-3.971544
S	1.039684	-0.216656	-2.801619	0.420774	0.237910	0.861346	-0.884081	0.420774	1.429336	-3.971544
T	-1.113563	-0.356834	-2.801619	-1.113563	-1.113563	0.583045	-0.884081	1.247625	2.126489	-3.971544
V	0.332237	-0.216656	-0.088901	-3.971544	-0.686141	0.136981	1.147398	1.552018	-0.512112	1.094546
W	-3.971544	-3.971544	-2.164189	-2.801619	-1.723616	-3.971544	-3.971544	-3.971544	-2.801619	0.728896
Y	0.583045	-3.971544	2.412161	-1.723616	-2.164189	-2.801619	-0.356834	-1.386581	-0.884081	-1.113563
