A	0.927244	1.528694	-0.760812	-0.760812	0.317190	0.654225	0.654225	0.317190	-0.123382	-0.123382	-1.930737
C	-1.930737	-1.930737	-1.930737	-1.930737	-1.930737	-1.930737	-1.930737	-1.930737	-1.930737	-1.930737	-1.930737
D	-1.930737	-1.930737	0.654225	2.069263	-0.123382	1.156726	0.654225	-0.760812	-0.760812	-1.930737	-1.930737
E	-1.930737	0.317190	0.317190	1.156726	0.317190	1.528694	-1.930737	-0.760812	-0.760812	-0.760812	-1.930737
F	-0.760812	-1.930737	1.354665	-1.930737	0.317190	-1.930737	-1.930737	-0.123382	-1.930737	0.317190	2.461580
G	-0.123382	-0.760812	-0.760812	0.317190	0.654225	0.927244	1.824150	0.654225	-0.760812	-1.930737	-1.930737
H	-0.760812	-1.930737	-0.123382	-1.930737	-0.123382	-0.123382	0.317190	-0.123382	-0.760812	-1.930737	-1.930737
I	1.354665	-1.930737	0.654225	-1.930737	0.654225	-1.930737	0.654225	0.317190	0.654225	-0.123382	0.317190
K	1.354665	-1.930737	-1.930737	-0.760812	-0.123382	0.654225	0.317190	0.927244	-0.123382	-0.760812	-1.930737
L	-0.760812	-1.930737	0.317190	-1.930737	-0.123382	-1.930737	-0.760812	-0.123382	1.156726	-0.760812	2.461580
M	-1.930737	-0.760812	-0.760812	-1.930737	-0.760812	-1.930737	-0.760812	-1.930737	-1.930737	-1.930737	-1.930737
N	-1.930737	-1.930737	-0.760812	0.927244	0.317190	-0.760812	-0.760812	-0.760812	0.927244	-1.930737	-1.930737
P	-1.930737	0.654225	-1.930737	1.528694	1.354665	0.927244	0.654225	0.317190	-1.930737	-1.930737	-1.930737
Q	-1.930737	2.964080	-0.123382	0.927244	-0.123382	-0.123382	-0.123382	-1.930737	1.528694	-0.760812	-1.930737
R	2.177787	-1.930737	-1.930737	-0.760812	-0.760812	-0.123382	-0.760812	-0.760812	-0.123382	-1.930737	-1.930737
S	-1.930737	0.317190	-0.123382	0.317190	0.317190	0.927244	0.317190	1.354665	-0.760812	0.927244	-1.930737
T	-1.930737	-0.760812	-1.930737	-1.930737	-1.930737	-1.930737	-0.123382	1.156726	1.156726	2.769702	-1.930737
V	0.654225	-1.930737	-1.930737	-1.930737	-1.930737	-0.760812	-0.123382	-0.123382	0.654225	0.927244	1.354665
W	-1.930737	-1.930737	-0.760812	-1.930737	-1.930737	-1.930737	-1.930737	-1.930737	-1.930737	-1.930737	0.317190
Y	0.654225	-0.760812	2.177787	-1.930737	0.317190	-1.930737	-1.930737	-0.123382	-0.760812	0.654225	-1.930737
