A	0.461981	1.039550	0.007199	0.546770	0.917491	0.327850	0.208000	-6.005625
C	-4.954998	-7.812979	-6.643054	-6.005625	-4.198270	-6.643054	-4.198270	-7.812979
D	-0.686275	-3.930336	-2.746890	-2.500097	-4.198270	-2.694038	-4.353548	-7.812979
E	-0.586567	0.546770	-2.801752	0.524642	-2.250737	-1.102173	0.584695	-7.812979
F	-0.527577	-1.824295	0.904697	-1.663232	-0.152984	-3.044795	-1.973776	-2.694038
G	-0.850083	-0.954998	-3.258391	-1.518359	-0.623155	-2.694038	-1.305185	-7.812979
H	1.066604	-6.005625	-0.333199	-1.741517	-1.365896	0.194048	0.069664	-7.812979
I	0.541270	-4.725517	0.798045	0.793426	1.133927	-0.712317	-0.970629	3.060465
K	-0.673428	-5.228017	0.524642	1.242981	-2.546193	0.896104	1.433167	-7.812979
L	0.552249	-3.812979	1.152083	1.547319	1.922153	1.356946	0.727149	1.505563
M	-0.765856	-0.353548	-1.002408	-1.663232	-0.363831	-1.714947	-1.663232	-2.546193
N	-0.807355	-3.420662	-1.386715	-1.882242	-4.058092	-0.660695	-0.673428	-7.812979
P	-5.228017	-0.586567	-0.161928	0.396474	-0.152984	1.533534	-4.954998	-7.812979
Q	0.485083	3.596942	-0.303204	0.165731	0.221819	0.187021	0.677871	-7.812979
R	-0.516063	-6.005625	0.798045	0.262500	-4.198270	1.415238	0.702720	-7.812979
S	0.951063	0.611187	-1.305185	-0.226140	-0.100452	0.621649	0.852356	-7.812979
T	0.414636	-3.509199	-0.245023	0.467791	0.847908	0.282418	1.212160	-7.812979
V	1.394035	-4.058092	0.496497	1.078045	1.967970	0.038770	1.019911	3.066221
W	-3.183623	-6.643054	-1.824295	-6.005625	-4.527577	-3.930336	-6.005625	-5.565052
Y	0.165731	-3.044795	1.703213	-1.588978	-4.198270	-2.500097	-1.741517	-5.228017
