A	0.764709	1.863198	0.930672	0.097782	0.127749	0.495218	-0.017751	0.324590	-3.567427
C	-7.798382	-6.720379	-6.110326	-6.720379	-6.383344	-6.383344	-5.085664	-5.353597	-8.968307
D	-0.043494	-4.338950	0.238708	1.178262	-1.124386	-1.508875	-2.240386	-3.798382	-8.968307
E	-1.448671	1.214398	-2.064425	1.628349	-0.111881	-0.272209	0.127749	0.557703	-8.968307
F	0.056833	-2.079564	0.903983	-2.402253	0.104496	-0.298536	-1.062920	-1.854565	1.529545
G	-0.658830	-1.615160	-2.240386	0.432573	0.327462	0.007541	-3.749138	-1.571702	-8.968307
H	0.063739	-5.213419	-0.151323	-1.326255	0.060290	-0.647506	0.710733	-0.143348	-6.720379
I	0.386494	-1.205094	0.584362	-0.926648	0.631606	1.109844	0.056833	-1.593267	2.124120
K	1.016824	-4.968307	0.579552	0.432573	0.739052	-0.025059	-0.073489	1.137929	-8.968307
L	0.301404	1.443469	0.905906	0.070612	0.453758	0.830975	0.928782	0.144133	2.364709
M	-1.317255	-0.334403	-0.630685	-2.402253	-1.962682	-1.962682	-1.508875	-2.346255	-0.859782
N	-1.055417	-4.859782	-0.127529	-0.681749	-0.502740	-0.913024	-0.092557	-0.746720	-8.968307
P	-7.160952	0.841059	-0.886158	1.682072	0.421862	0.555255	0.818780	-4.014110	-8.968307
Q	-0.334403	1.988251	-0.518127	-0.077283	-0.115777	0.080861	0.732566	0.581959	-8.968307
R	0.411072	-2.744305	-0.139377	-1.062920	-0.139377	-0.597619	0.176351	0.437898	-8.968307
S	1.011476	-0.043494	0.080861	0.608178	0.461623	0.490100	0.586762	1.412695	-7.798382
T	0.153874	-0.549400	-0.886158	-0.294115	0.383737	0.666051	0.612894	1.859234	-7.798382
V	1.150959	-0.073489	-0.014110	-0.442786	1.043270	1.393637	1.089685	0.619939	2.443601
W	-5.353597	-6.110326	-2.274820	-4.859782	-3.129103	-4.135417	-3.368394	-7.160952	-0.204265
Y	0.369872	-0.229370	1.205058	-2.793381	-0.833880	-1.429148	-1.018480	-1.047954	-0.681749
