A	1.469955	-2.446115	0.881939	0.827432	1.013316	0.341370	0.509071	0.889560	2.045055	2.556759
C	-4.752777	-5.193349	-3.715302	-4.752777	-2.696924	-3.913241	-3.913241	-2.696924	-3.245817	-1.599825
D	-5.193349	-7.000704	-0.983896	0.438088	-0.533099	-1.069967	-1.130340	-1.599825	-2.046508	-7.000704
E	-4.752777	-5.830779	-2.446115	0.720395	-0.206288	-0.752777	-0.533099	-0.222627	0.538455	-5.830779
F	-0.902672	-5.830779	-0.492910	-2.105887	-0.983896	-1.438462	-0.683292	-1.934615	-1.934615	0.528726
G	-1.328279	-4.415742	-2.371348	0.912185	1.068074	1.013316	1.114339	-0.776703	-0.453810	-4.752777
H	-0.324747	-7.000704	-0.453810	-1.328279	-0.850957	-0.415742	-0.776703	-0.729241	-1.599825	-3.913241
I	-0.289898	-4.752777	-0.595563	-1.400791	-0.574440	-0.272784	-0.127260	0.395901	-0.902672	-0.553621
K	1.081445	-5.830779	1.396970	0.395901	-0.052337	0.201420	0.576725	-0.378652	-0.289898	-3.913241
L	0.438088	-2.608387	-0.307217	-0.096822	-0.081841	0.363430	0.720395	0.934461	-0.307217	2.890700
M	-0.706084	-5.830779	-0.729241	-2.696924	-2.892180	-2.696924	-1.643152	-1.477142	-2.371348	-0.052337
N	-1.881763	-7.000704	-0.378652	-0.595563	-0.307217	-0.553621	-0.850957	-0.415742	-3.000704	-7.000704
P	-5.830779	4.255504	-0.324747	1.742447	1.596417	1.133722	0.677015	0.737388	0.099958	-1.557761
Q	-0.473227	-4.752777	-1.225917	-0.127260	-0.492910	-0.174156	-0.081841	-0.492910	-0.360459	-5.830779
R	2.181690	-5.193349	2.418729	-0.255870	-0.052337	1.244848	0.956398	0.113038	-1.040702	-3.245817
S	1.325725	-4.752777	0.427656	1.159167	0.889560	1.208749	0.576725	0.904683	1.942543	-3.000704
T	0.059992	-5.830779	-1.259237	-0.037808	0.225708	0.468938	0.458727	1.101271	1.074775	-2.300265
V	-0.096822	-2.446115	-0.752777	-1.225917	0.458727	-0.111961	0.296212	1.285853	0.827432	0.685796
W	-5.193349	-7.000704	-2.696924	-3.118061	-2.446115	-3.118061	-2.892180	-3.245817	-4.752777	-4.415742
Y	-1.193349	-4.752777	0.261391	-1.400791	-1.687821	-2.524971	-1.516888	-2.105887	-2.524971	-0.660854
