A	1.473865	-3.528506	0.899524	0.881778	1.142430	0.398493	1.171934	0.845619	1.050115	1.978454	2.492694
C	-4.606508	-5.776433	-3.191471	-3.969078	-3.969078	-3.969078	-3.191471	-2.918452	-3.191471	-2.918452	-1.566980
D	-5.776433	-5.776433	-1.472652	0.321599	-0.765206	-0.463550	-0.710344	-0.881615	-1.893790	-2.688970	-5.776433
E	-5.776433	-5.776433	-2.918452	0.628708	-0.252871	0.183569	-0.557265	-0.418881	-0.943543	-0.001646	-4.606508
F	-0.657492	-4.606508	-0.881615	-2.021546	-1.300700	-1.221844	-1.472652	-0.765206	-2.021546	-2.491031	0.212252
G	-2.491031	-5.776433	-1.776433	1.215089	0.563417	1.157258	1.243158	1.050115	-0.657492	-0.822237	-4.606508
H	-1.075993	-3.969078	-0.765206	-1.221844	-1.384116	-0.463550	-1.008249	-0.557265	-1.008249	-1.776433	-3.969078
I	-0.034966	-4.606508	-0.214191	-2.021546	-0.822237	-0.333490	-0.333490	-0.557265	0.628708	-0.509646	-0.765206
K	1.001644	-4.606508	1.142430	0.030922	-0.034966	0.240375	0.295029	-0.463550	-0.822237	-0.176520	-3.969078
L	0.347688	-3.191471	-0.292617	-0.176520	0.183569	0.789621	-0.034966	0.899524	1.017983	-0.001646	3.137204
M	-0.292617	-3.969078	-0.333490	-2.491031	-2.688970	-2.688970	-2.317001	-1.566980	-2.021546	-2.491031	-0.069074
N	-2.317001	-5.776433	-0.176520	-0.176520	-0.214191	-0.765206	-0.822237	-0.881615	-0.557265	-1.776433	-4.606508
P	-5.776433	4.254234	-3.528506	1.723413	1.598606	0.770461	0.985118	0.827193	-0.034966	-0.657492	-1.221844
Q	-1.075993	-3.969078	-1.221844	-0.034966	-0.069074	-0.333490	-0.418881	-0.463550	-0.139808	0.240375	-5.776433
R	2.251473	-5.776433	2.719422	-0.881615	0.373314	0.770461	0.447569	0.770461	0.495030	-0.418881	-3.969078
S	1.485662	-3.528506	0.373314	1.256990	1.142430	1.200847	1.215089	0.917054	1.375852	1.918795	-3.969078
T	-0.034966	-5.776433	-1.472652	-0.214191	0.267961	0.240375	0.267961	0.540980	0.691173	1.065917	-3.528506
V	-0.001646	-4.606508	-1.384116	-1.300700	0.398493	-0.034966	0.447569	0.347688	1.520483	0.985118	0.295029
W	-4.606508	-5.776433	-2.491031	-2.688970	-4.606508	-3.528506	-2.918452	-2.918452	-3.528506	-3.528506	-5.776433
Y	-0.943543	-2.918452	0.295029	-1.147076	-1.776433	-2.491031	-2.021546	-1.566980	-2.918452	-2.491031	-1.472652
