A	1.336049	-3.930737	0.544996	0.373043	0.837447	0.769702	1.288431	0.964080	1.023459	-0.048094	2.029265	2.727474
C	-3.930737	-3.930737	-3.930737	-3.930737	-2.760812	-2.760812	-3.930737	-2.760812	-2.760812	-1.682810	-1.682810	-1.345775
D	-3.930737	-3.930737	-3.930737	0.278716	-1.072756	-0.316027	-0.175850	-1.072756	-0.316027	-2.760812	-1.682810	-3.930737
E	-3.930737	-3.930737	-3.930737	0.278716	-0.843274	-1.345775	0.373043	-0.048094	-0.843274	-0.175850	-0.175850	-3.930737
F	-1.345775	-3.930737	-0.048094	-2.123382	-1.682810	-1.682810	-1.682810	-1.345775	-1.072756	-2.760812	-1.682810	-0.175850
G	-2.123382	-2.760812	-1.345775	1.382146	1.382146	1.188204	1.512206	1.705887	1.336049	-0.048094	-0.843274	-3.930737
H	-0.843274	-3.930737	-1.682810	-1.072756	-1.072756	-1.682810	-2.760812	-1.072756	-1.072756	-0.843274	-1.682810	-3.930737
I	-1.345775	-3.930737	-0.645335	-1.345775	0.069263	-1.072756	-1.072756	-2.123382	-0.316027	0.544996	-1.682810	-1.345775
K	1.382146	-3.930737	1.239188	0.069263	-0.048094	-0.048094	-0.645335	-0.048094	-0.471306	-0.471306	-0.843274	-3.930737
L	-0.175850	-3.930737	-0.471306	-0.645335	0.544996	1.080490	-0.471306	-0.048094	0.902153	0.461580	-0.471306	2.927244
M	-1.072756	-3.930737	-1.345775	-2.123382	-3.930737	-3.930737	-2.123382	-1.682810	-2.123382	-2.123382	-2.123382	-0.471306
N	-2.760812	-3.930737	-2.760812	-0.471306	-0.471306	-0.316027	-1.072756	-0.471306	-0.645335	0.069263	-1.682810	-3.930737
P	-3.930737	4.210092	-2.123382	2.167295	1.741688	0.902153	1.631505	1.553078	0.902153	1.288431	-0.048094	-0.843274
Q	-0.471306	-2.760812	-2.123382	-1.072756	-0.843274	-0.471306	-0.175850	-0.316027	-0.645335	-0.316027	-1.072756	-3.930737
R	2.363883	-3.930737	3.331358	-1.345775	0.177787	0.698619	0.278716	0.069263	0.373043	0.373043	-1.682810	-3.930737
S	1.741688	-3.930737	-1.345775	1.288431	0.964080	1.288431	0.698619	0.964080	1.336049	1.382146	2.193384	-3.930737
T	-0.316027	-3.930737	-3.930737	-0.175850	-0.175850	0.837447	0.278716	0.278716	-0.048094	0.837447	0.964080	-1.345775
V	0.069263	-2.760812	-1.682810	-1.072756	0.278716	-0.471306	0.177787	-0.471306	-0.471306	0.964080	1.336049	0.461580
W	-2.123382	-3.930737	-2.760812	-2.123382	-2.760812	-3.930737	-2.760812	-2.123382	-1.072756	-2.760812	-3.930737	-3.930737
Y	-2.123382	-3.930737	-0.048094	-1.072756	-2.760812	-1.345775	-2.760812	-2.123382	-2.123382	-2.760812	-2.123382	-1.345775
