A	1.969626	-2.584963	-0.337035	-0.000000	1.415037	0.700440	0.874469	0.273018	0.502500	0.700440	1.029747	2.115477	3.156504
C	-2.584963	-2.584963	-2.584963	-2.584963	-1.415037	-2.584963	-2.584963	-2.584963	-2.584963	-2.584963	-1.415037	-0.777608	-0.337035
D	-2.584963	-2.584963	-1.415037	0.502500	-0.337035	-0.777608	-0.337035	-0.337035	-1.415037	-0.777608	-0.777608	-2.584963	-2.584963
E	-2.584963	-2.584963	-2.584963	-0.777608	-1.415037	-0.777608	-1.415037	-0.000000	-0.777608	-0.000000	-1.415037	-2.584963	-2.584963
F	-1.415037	-2.584963	0.000000	-1.415037	-2.584963	-2.584963	-2.584963	-0.000000	-1.415037	-0.337035	-1.415037	-1.415037	-1.415037
G	-1.415037	-2.584963	-2.584963	2.044394	1.169925	1.624491	1.718818	1.415037	1.890771	1.718818	0.502500	-0.337035	-2.584963
H	-1.415037	-2.584963	-0.777608	-2.584963	-2.584963	-1.415037	-0.337035	-0.777608	-0.777608	-2.584963	-1.415037	-1.415037	-2.584963
I	-2.584963	-2.584963	-1.415037	-2.584963	-1.415037	-0.337035	-2.584963	-2.584963	0.273018	-0.777608	-0.777608	-0.777608	-2.584963
K	0.700440	-2.584963	1.415037	-0.000000	-0.777608	-0.777608	0.273018	-0.777608	0.273018	-0.777608	-1.415037	-1.415037	-2.584963
L	0.273018	-2.584963	-2.584963	-0.777608	-0.777608	-0.337035	0.700440	-2.584963	-0.337035	0.273018	0.502500	-0.337035	2.533979
M	0.874469	-2.584963	-0.777608	-1.415037	-2.584963	-2.584963	-2.584963	-0.337035	-2.584963	-1.415037	-2.584963	-2.584963	-1.415037
N	-2.584963	-2.584963	-1.415037	-2.584963	-1.415037	-1.415037	-0.777608	-0.777608	-0.777608	-0.337035	0.273018	-0.777608	-2.584963
P	-2.584963	4.055282	-2.584963	1.890771	2.247928	1.624491	0.502500	1.029747	1.415037	1.029747	0.874469	-0.337035	-2.584963
Q	-0.337035	-1.415037	-2.584963	0.502500	-0.000000	0.273018	-0.000000	-0.777608	0.273018	-0.000000	-1.415037	-0.337035	-2.584963
R	1.415037	-2.584963	3.014950	-1.415037	-0.000000	0.700440	0.502500	-0.337035	-0.777608	0.273018	-0.337035	-0.777608	-2.584963
S	1.890771	-2.584963	-0.337035	1.297681	1.029747	1.415037	-0.000000	1.624491	0.874469	1.169925	1.969626	2.044394	-2.584963
T	-0.777608	-2.584963	-2.584963	-0.337035	-0.000000	-0.337035	0.502500	1.169925	0.273018	-0.337035	0.874469	1.415037	-2.584963
V	0.273018	-2.584963	-1.415037	-2.584963	-0.337035	-0.000000	0.874469	-0.000000	-0.777608	-0.777608	0.273018	0.502500	0.000000
W	-2.584963	-2.584963	-2.584963	-2.584963	-1.415037	-2.584963	-2.584963	-1.415037	-1.415037	-2.584963	-1.415037	-2.584963	-2.584963
Y	-2.584963	-2.584963	1.415037	-0.337035	-2.584963	-2.584963	-0.777608	-2.584963	-1.415037	-0.337035	-1.415037	-2.584963	-0.777608
