A	0.724366	-0.353637	-1.523562	0.724366	-0.353637	1.563901	0.283793	-1.523562	0.724366	1.334419	1.334419	1.563901	2.359081	3.309328
C	-1.523562	-1.523562	-1.523562	-1.523562	-1.523562	-1.523562	-1.523562	-1.523562	-1.523562	-1.523562	-1.523562	-1.523562	-1.523562	-1.523562
D	-1.523562	-1.523562	-1.523562	-1.523562	-0.353637	-1.523562	-1.523562	-0.353637	-0.353637	0.724366	-1.523562	-1.523562	-1.523562	-1.523562
E	-1.523562	-1.523562	-1.523562	-0.353637	0.283793	-0.353637	0.283793	0.283793	0.724366	-0.353637	-1.523562	-1.523562	-0.353637	-1.523562
F	-1.523562	-1.523562	-0.353637	-1.523562	-1.523562	-1.523562	-0.353637	-1.523562	-1.523562	-1.523562	-1.523562	-1.523562	-1.523562	-1.523562
G	-1.523562	-1.523562	-0.353637	2.476438	1.935870	1.563901	1.563901	1.334419	1.563901	1.935870	1.761840	0.283793	-1.523562	-1.523562
H	-1.523562	-1.523562	-1.523562	-1.523562	-1.523562	-1.523562	-1.523562	-1.523562	-0.353637	-1.523562	-0.353637	-0.353637	-1.523562	-1.523562
I	-0.353637	-1.523562	0.283793	-1.523562	-1.523562	-1.523562	-1.523562	-0.353637	-1.523562	-0.353637	0.283793	0.283793	-1.523562	-0.353637
K	1.334419	-1.523562	1.563901	0.283793	-0.353637	0.283793	-1.523562	-0.353637	0.283793	1.061401	-1.523562	-1.523562	-1.523562	-1.523562
L	-0.353637	-1.523562	-0.353637	-1.523562	-0.353637	-1.523562	0.724366	-0.353637	-0.353637	-1.523562	1.061401	-0.353637	-1.523562	1.761840
M	-1.523562	-1.523562	-1.523562	-1.523562	-1.523562	-1.523562	-1.523562	-1.523562	-1.523562	-1.523562	-1.523562	-0.353637	-1.523562	-1.523562
N	-1.523562	-1.523562	-1.523562	-1.523562	-1.523562	-1.523562	-0.353637	-0.353637	-1.523562	-1.523562	-1.523562	-1.523562	-0.353637	-1.523562
P	-1.523562	3.695607	-1.523562	2.231326	1.563901	1.061401	1.334419	1.061401	0.283793	1.061401	-0.353637	1.061401	-1.523562	-1.523562
Q	-1.523562	-1.523562	-1.523562	-1.523562	1.061401	-0.353637	-0.353637	-0.353637	-1.523562	-1.523562	-1.523562	-1.523562	-0.353637	-1.523562
R	1.761840	-1.523562	2.952171	-1.523562	-0.353637	0.724366	-0.353637	-0.353637	-1.523562	-0.353637	0.283793	-0.353637	-0.353637	-1.523562
S	2.231326	-1.523562	-0.353637	0.283793	-0.353637	-0.353637	0.724366	1.563901	1.563901	0.283793	0.283793	1.761840	2.091148	-1.523562
T	-1.523562	-1.523562	-1.523562	-1.523562	0.283793	0.724366	1.061401	0.283793	0.724366	-1.523562	0.724366	0.283793	1.061401	-1.523562
V	0.724366	-1.523562	-1.523562	-1.523562	0.283793	-1.523562	-0.353637	0.283793	-0.353637	-0.353637	0.283793	0.724366	0.283793	-1.523562
W	-1.523562	-1.523562	-1.523562	-1.523562	-1.523562	-1.523562	-1.523562	0.283793	-1.523562	-1.523562	-1.523562	-1.523562	-1.523562	-1.523562
Y	-1.523562	-1.523562	-0.353637	-1.523562	-1.523562	0.724366	-1.523562	-1.523562	-0.353637	-1.523562	-0.353637	-1.523562	-1.523562	-1.523562
