A	1.446821	-2.288140	1.207271	0.579025	-0.268240	0.615184	1.816508	2.648716
C	-4.235672	-6.043027	-2.955564	-3.795100	-0.776241	-3.185046	-2.955564	0.180974
D	-4.873102	-6.043027	-2.288140	-2.288140	-4.873102	-3.185046	-4.235672	-6.043027
E	-4.873102	-6.043027	-2.288140	-0.203823	-2.043027	-1.650710	0.860855	-4.873102
F	-1.088831	-6.043027	0.632930	-1.342588	-0.776241	-2.160384	-3.185046	-2.955564
G	-2.757625	-6.043027	-0.443114	-0.642148	0.830417	-0.976938	0.228436	-4.873102
H	-0.519465	-6.043027	-0.600084	-0.823859	-0.112290	-0.600084	-1.567294	-6.043027
I	0.156645	-6.043027	-0.335668	-0.370602	1.146797	-0.600084	-1.274843	0.464767
K	1.017669	-6.043027	-0.335668	1.265312	0.404056	-0.203823	0.274385	-3.458065
L	0.444813	-6.043027	-0.083025	1.608024	1.524929	0.560599	-0.142160	2.704327
M	-0.823859	-6.043027	-1.413671	-3.185046	-1.488438	-2.583596	-2.043027	-1.567294
N	-2.428317	-6.043027	-0.823859	-1.148210	-2.428317	-0.406403	-2.288140	-6.043027
P	-3.458065	4.282840	-2.288140	1.625858	0.180974	2.729287	0.001367	-1.413671
Q	-0.976938	-6.043027	-0.054343	-0.335668	-0.823859	-0.730144	0.131898	-4.235672
R	1.984879	-6.043027	1.310120	0.464767	1.395765	0.650460	0.180974	-2.583596
S	1.486403	-6.043027	0.156645	0.484450	-0.268240	0.701807	1.426615	-3.185046
T	-0.172663	-6.043027	0.767544	-0.685475	0.156645	-0.026219	0.251593	-2.288140
V	0.484450	-3.795100	0.860855	0.204900	0.767544	0.106720	1.374825	1.589968
W	-4.235672	-6.043027	-1.148210	-2.955564	-4.873102	-3.795100	-4.235672	-6.043027
Y	-0.172663	-6.043027	1.004097	-1.274843	-4.235672	-4.235672	-2.955564	-3.458065
