A	1.360786	0.853202	1.240329	0.678774	0.640692	0.531162	0.796600	1.787567	2.353114
C	-5.527176	-6.564651	-2.612906	-4.336845	-3.545792	-3.105219	-3.328763	-2.495166	-1.527176
D	-2.564651	-8.812578	-1.188697	0.276872	-1.283148	-1.923835	-1.939134	-2.136621	-8.812578
E	-2.741116	-5.527176	-1.426716	0.821779	-0.812578	-1.415974	-0.520257	0.632954	-7.005224
F	-0.306767	-7.642653	-0.174143	-1.152583	-0.723790	-0.007641	-1.908697	-2.172334	0.137977
G	-0.960829	-4.704054	-1.032859	0.725610	0.638117	1.044236	-0.877413	-0.491778	-4.704054
H	-0.543452	-8.812578	-0.277303	-0.929935	-0.321728	-0.833868	-0.409566	-1.254158	-4.508798
I	-0.099192	-1.939134	0.137977	-1.197869	-0.352123	0.533935	0.209096	-1.292942	-0.112139
K	0.787334	-8.812578	0.953950	0.212561	0.547720	-0.099192	-0.169624	-0.112139	-4.112139
L	0.648389	-2.344973	0.354212	0.357347	0.181068	0.848754	1.099562	-0.156154	2.936558
M	-0.777779	-4.929935	-0.567026	-2.136621	-2.852577	-1.515662	-1.426716	-2.067745	-0.409566
N	-0.960829	-7.005224	-0.590991	-0.684584	-0.578959	-1.143693	-0.486149	-1.598259	-7.005224
P	-5.527176	4.010391	-1.923835	1.797985	1.617613	0.494622	1.447165	-0.398951	-1.057691
Q	-0.665374	-3.369635	-0.331788	-0.210808	-0.458329	-0.458329	-0.056856	0.184601	-5.527176
R	1.628031	-7.642653	1.724640	-0.331788	0.747277	0.943561	0.468772	-0.243672	-4.044394
S	1.494907	-2.973375	0.439496	0.903384	0.708531	0.787334	0.735280	1.808329	-3.105219
T	0.202139	-2.852577	-0.798558	-0.272450	0.067005	0.511602	0.653498	1.050059	-2.450635
V	0.400526	0.170415	0.236589	-0.420261	0.710984	0.688761	0.824046	0.883954	1.360786
W	-4.112139	-8.812578	-2.051027	-2.973375	-3.037791	-3.175954	-3.593410	-5.954597	-4.812578
Y	-0.578959	-8.812578	0.130669	-1.698836	-1.685874	-1.923835	-2.285101	-1.908697	-1.041089
