A	-9.186224 0.142131 1.309712 -0.014672 0.346609 0.133432 1.283614 0.688628 1.900065
C	-9.237597 -9.239586 -9.239583 -9.238655 -4.847317 -9.239525 -9.239464 -9.239577 -5.579001
D	-9.191781 -1.177281 -2.257928 -2.602869 0.127303 0.460768 -1.063307 -0.282053 -3.344122
E	-9.201360 0.643287 -0.045732 0.011699 0.461267 -0.780294 -0.104350 0.330625 -3.443487
F	2.934298 -1.343820 -0.083468 0.318889 -1.902227 -9.200789 -0.730809 -0.890524 -3.191527
G	-9.098883 -1.486966 -0.726520 -3.879761 -0.342440 1.246323 -0.775609 0.203256 0.111563
H	-9.193605 -0.426238 -0.578779 -4.204738 -0.349717 -5.557398 -0.386472 -1.028228 -5.696687
I	0.901998 0.984680 1.301049 2.455013 -0.521204 -9.210751 -0.117252 -0.878725 1.260267
K	-9.072873 0.907200 -1.048472 -3.507904 1.144516 -9.203441 -0.133803 0.526856 -4.648545
L	0.683828 0.555188 0.837171 1.949034 -0.536445 -9.215155 -1.015409 1.518344 2.287159
M	-1.952735 -2.168693 -0.949154 0.262209 -2.469028 -8.467503 -2.194599 -1.689948 -2.221717
N	-8.819168 -0.463661 -1.054153 -8.751299 -0.297463 2.239997 -0.644447 -0.923167 -3.505199
P	-9.083223 -9.233256 0.530378 -9.205792 0.755330 -3.121594 1.604755 1.189338 -3.687688
Q	-9.187162 -0.424188 0.060330 -0.611363 0.253089 -2.695528 0.898428 -0.309753 -2.527671
R	-9.086717 1.409255 -1.498888 -5.730863 0.678149 -9.021815 0.073039 0.169509 -3.765084
S	-9.163518 0.051834 0.789118 -0.386193 1.078077 3.204595 0.396278 0.477387 0.318191
T	-7.619758 0.137317 -0.427983 -1.442254 0.602702 -2.023786 0.331258 -0.188503 -0.306513
V	-0.975493 1.565100 0.636213 1.937495 0.156083 -3.708962 0.789758 0.182580 2.271605
W	0.264234 -2.910022 -2.287022 -5.754275 -3.465151 -9.237921 -1.784851 -3.209199 -9.238524
Y	2.783796 -1.019603 0.399407 -2.513467 -1.064942 -9.235509 -1.099915 -0.485321 -5.764731
