A	-4.104678 0.914753 1.712675 1.441590 1.227125 0.387124 1.076792 1.036960 2.155212
C	-8.867998 -8.851017 -3.101219 -2.034893 -8.691684 -5.334319 -8.867095 -8.869307 -2.185750
D	-2.376905 -1.206515 -0.951775 0.200439 0.920063 2.695522 1.213888 -0.113448 -0.088427
E	-3.278920 0.741837 -0.305114 -0.401334 1.062495 -1.710331 1.000865 1.088467 0.308174
F	-0.021585 -1.376867 -0.831466 -0.490322 -1.714368 -4.226244 -1.523065 -1.371527 -3.032844
G	-4.721476 -2.101425 -0.020144 -1.969780 -0.960401 -2.392814 -1.327986 -0.805187 1.537634
H	-4.942414 -0.204230 -1.074790 -8.587972 -1.200661 -8.617495 -1.921008 -0.703102 -2.596555
I	3.400688 0.561178 0.317712 2.170880 -0.631882 -0.599445 0.260517 -0.356550 -0.066714
K	-7.304062 0.678274 -2.019896 -8.836726 0.385696 -4.893610 -4.325273 0.262460 -3.573202
L	1.275329 -0.032058 -0.220483 1.351843 -0.796491 -1.548236 0.532433 1.330272 -0.245769
M	-1.242157 -3.035809 -1.584181 0.244183 -3.336433 -8.864699 -3.086735 -3.417943 -1.466249
N	-4.626219 -0.413204 -0.248745 -0.645047 -0.556415 0.644033 1.580802 -0.827144 -2.493999
P	-2.471978 -8.749820 0.309311 -8.750391 0.979801 -0.211184 1.189502 1.300651 -2.578567
Q	-3.902993 0.067082 -0.079277 -0.212554 -0.182868 -5.019933 0.072970 -0.128251 1.135640
R	-8.515774 1.274184 -0.872066 -8.751498 -0.311105 -8.759029 -3.280570 0.212442 -2.717623
S	-4.649762 0.101403 1.328894 -0.730455 1.032919 1.124831 0.184605 0.139535 1.707083
T	-5.238430 0.719290 0.790777 -0.388159 1.018933 1.800645 -0.782070 -0.439046 -0.966517
V	1.989459 1.348595 0.650130 1.436599 0.065484 1.304686 0.469786 0.226380 0.170348
W	-2.569373 -3.231251 -4.164010 -2.890966 -3.965243 -8.562527 -4.409987 -5.278466 -5.883739
Y	-0.552355 -0.408489 0.177619 -2.277478 -1.871200 -8.507791 -2.568115 -0.741701 -3.332981
