A	-0.437921	1.361423	1.295685	-0.330208	0.358206	0.325638	0.774853	-0.091597	-0.383059	-5.449149
C	-5.449149	-4.279224	-3.641794	-4.279224	-5.449149	-2.864186	-3.201221	-4.279224	-3.641794	-5.449149
D	-5.449149	-4.279224	-3.201221	1.116905	1.847768	-0.048269	0.292318	-0.279224	-2.591168	-5.449149
E	-5.449149	-5.449149	-5.449149	1.295685	1.135814	0.390055	-0.048269	0.977116	0.113094	-5.449149
F	-3.201221	-5.449149	0.845472	-2.864186	-0.680964	-0.383059	-0.554331	-0.554331	-0.437921	3.310740
G	-2.361686	-1.989717	-1.239695	-0.182362	0.725777	0.292318	0.955993	-1.239695	-1.340624	-5.449149
H	-0.048269	-5.449149	-2.591168	-1.834439	-1.145368	-1.056831	-0.437921	0.074413	0.258210	-5.449149
I	0.292318	-2.864186	0.997935	-0.554331	0.258210	0.798779	0.187476	0.567660	-1.056831	-0.383059
K	3.180208	-5.449149	0.390055	1.135814	-1.239695	0.034667	0.187476	-1.694261	1.038691	-5.449149
L	-0.279224	-1.989717	2.246080	-0.383059	0.539536	1.038691	0.798779	0.700598	1.226808	1.154478
M	-2.864186	-4.279224	-0.437921	-3.641794	-2.864186	-1.566506	-1.694261	-1.145368	-1.989717	-1.989717
N	-3.201221	-4.279224	-1.340624	-1.145368	-0.229980	-0.616259	0.539536	0.481589	-0.229980	-5.449149
P	-4.279224	-5.449149	-1.449149	1.597975	-0.182362	0.074413	-0.279224	-1.239695	-5.449149	-5.449149
Q	-0.680964	-5.449149	-1.145368	0.595245	-0.383059	-0.136266	-0.182362	0.822314	-0.136266	-5.449149
R	2.010283	-5.449149	-1.239695	-0.091597	-2.591168	-0.819792	0.150764	-1.694261	0.798779	-5.449149
S	-1.239695	3.016418	0.481589	0.539536	0.325638	0.510853	0.390055	0.187476	0.912795	-5.449149
T	-1.566506	2.871652	-1.056831	0.223277	-0.680964	0.150764	-0.330208	0.674973	1.638314	-5.449149
V	-0.136266	-0.091597	0.358206	-0.748709	0.868264	1.278772	0.390055	1.499219	0.258210	-4.279224
W	-5.449149	-5.449149	-1.056831	-3.641794	-5.449149	-2.591168	-4.279224	-2.361686	-3.641794	2.378988
Y	-2.591168	-4.279224	-0.182362	-1.834439	-0.819792	-1.340624	-0.819792	-0.894560	-0.616259	0.358206
