A	0.104970	1.202817	0.538866	-0.098564	0.908704	-0.173332	1.046867	-0.027481	0.166897	0.166897	-4.727920
C	-4.727920	-4.727920	-3.557995	-2.920566	-4.727920	-3.557995	-4.727920	-3.557995	-4.727920	-3.557995	-4.727920
D	-4.727920	-4.727920	-0.335603	0.834322	1.447005	0.629632	0.834322	0.040264	-0.619396	-2.479993	-4.727920
E	-2.920566	-4.727920	-4.727920	1.013547	0.584963	0.672959	-0.335603	0.040264	0.338169	-0.173332	-4.727920
F	-1.869939	-4.727920	1.288888	-1.869939	-1.640458	-0.619396	-1.268489	-0.424140	-0.973033	-0.845277	3.123829
G	-0.973033	-1.113211	-2.920566	0.283307	0.391021	0.755895	1.013547	0.283307	-0.973033	-0.424140	-3.557995
H	0.040264	-4.727920	-2.479993	-1.113211	-0.518467	-0.424140	-0.424140	-1.268489	-0.173332	-0.098564	-4.727920
I	0.166897	-2.142958	0.834322	-1.113211	-0.727920	0.584963	0.391021	0.391021	0.795642	-0.727920	-0.027481
K	3.026967	-3.557995	-0.173332	0.584963	-1.268489	-0.098564	0.715023	0.871992	-1.869939	0.629632	-4.727920
L	-0.845277	-1.869939	2.130061	-0.727920	0.226276	1.421827	0.442005	1.111283	1.589492	0.538866	1.288888
M	-3.557995	-3.557995	-0.424140	-2.920566	-2.479993	-2.142958	-3.557995	-1.640458	-0.845277	-2.142958	-1.869939
N	-4.727920	-4.727920	-0.335603	-0.845277	0.584963	-0.619396	-0.335603	0.672959	-0.335603	0.391021	-4.727920
P	-4.727920	-4.727920	-2.142958	2.220447	0.104970	0.491248	-0.619396	-0.727920	-1.113211	-3.557995	-4.727920
Q	-0.098564	-4.727920	-1.869939	-0.173332	0.104970	-0.518467	-0.252187	0.283307	0.629632	0.338169	-4.727920
R	1.857042	-4.727920	-1.640458	-0.424140	-2.479993	-1.268489	-0.619396	-0.098564	-0.518467	0.795642	-4.727920
S	-0.335603	2.830500	1.111283	0.391021	0.795642	0.715023	0.979439	0.391021	0.442005	0.834322	-4.727920
T	-1.113211	2.858919	-1.268489	0.166897	0.391021	0.391021	0.283307	0.166897	0.442005	1.447005	-4.727920
V	-0.252187	0.834322	0.226276	-0.424140	0.755895	0.338169	0.391021	0.672959	0.908704	0.491248	-4.727920
W	-4.727920	-4.727920	-0.619396	-2.479993	-2.142958	-4.727920	-2.920566	-3.557995	-1.869939	-2.920566	2.557482
Y	-2.142958	-4.727920	0.104970	-1.869939	-1.442518	-4.727920	-2.479993	-1.268489	0.104970	0.283307	0.166897
