A	-0.074001	1.786596	0.263034	-1.152003	0.963474	0.536053	0.536053	-0.074001	0.263034	-0.514573	-1.152003	-2.321928
C	-2.321928	-2.321928	-2.321928	-1.152003	-2.321928	-2.321928	-2.321928	-2.321928	-2.321928	-2.321928	-2.321928	-2.321928
D	-2.321928	-2.321928	-1.152003	1.432959	0.963474	1.560715	1.137504	1.137504	-0.074001	-1.152003	-0.514573	-2.321928
E	-2.321928	-2.321928	-2.321928	1.292782	1.137504	-0.074001	0.765535	0.263034	0.536053	-1.152003	-0.074001	-2.321928
F	-2.321928	-2.321928	1.432959	-2.321928	-0.514573	-2.321928	-0.514573	-0.074001	-1.152003	0.963474	-1.152003	3.078951
G	-2.321928	-2.321928	-0.514573	-2.321928	0.263034	1.137504	0.263034	1.678072	-0.074001	-0.074001	-2.321928	-2.321928
H	-0.074001	-2.321928	-0.074001	-0.514573	-1.152003	-0.514573	-1.152003	-0.514573	-0.074001	0.536053	0.263034	-2.321928
I	-0.514573	-2.321928	0.963474	-2.321928	-0.074001	-0.514573	-0.514573	0.263034	-0.514573	-0.074001	-1.152003	-2.321928
K	3.035624	-2.321928	-0.514573	0.963474	-2.321928	1.292782	0.263034	0.263034	-1.152003	-2.321928	0.963474	-2.321928
L	-0.074001	-0.514573	2.307429	1.137504	-0.074001	-0.074001	0.536053	0.536053	1.137504	1.137504	0.963474	-0.074001
M	-2.321928	-2.321928	-1.152003	-2.321928	-1.152003	-1.152003	-2.321928	-2.321928	-1.152003	-0.074001	-1.152003	-1.152003
N	-2.321928	-2.321928	-2.321928	-0.514573	0.765535	0.765535	-0.514573	0.263034	0.963474	0.536053	-0.074001	-2.321928
P	-2.321928	-2.321928	-1.152003	1.786596	0.765535	-0.514573	0.263034	-1.152003	-0.514573	-2.321928	-2.321928	-2.321928
Q	-0.514573	-2.321928	-1.152003	-0.514573	-0.514573	-1.152003	-1.152003	-1.152003	-0.074001	0.263034	0.263034	-2.321928
R	1.981853	-2.321928	-1.152003	-1.152003	-2.321928	-1.152003	-0.514573	0.263034	-2.321928	-0.074001	0.263034	-2.321928
S	-0.514573	2.378512	-0.514573	-0.074001	0.765535	0.963474	1.137504	0.263034	-0.074001	1.137504	1.137504	-2.321928
T	-1.152003	2.744161	-2.321928	-0.514573	-1.152003	-2.321928	0.263034	-0.514573	1.137504	-0.074001	1.137504	-2.321928
V	-1.152003	-0.074001	0.263034	-0.074001	0.536053	-0.074001	0.765535	-0.074001	0.765535	0.963474	0.765535	-2.321928
W	-2.321928	-2.321928	-1.152003	-2.321928	-0.514573	-2.321928	-2.321928	-2.321928	-2.321928	-1.152003	-2.321928	2.797013
Y	-2.321928	-2.321928	0.536053	-2.321928	-2.321928	-2.321928	-2.321928	-2.321928	0.263034	-2.321928	0.263034	-2.321928
