A	-0.152003	0.485427	-1.321928	-1.321928	1.263034	0.925999	0.485427	0.485427	-0.152003	0.485427	-0.152003	-1.321928	-1.321928
C	-1.321928	-1.321928	-1.321928	-1.321928	-1.321928	-1.321928	-1.321928	-1.321928	-1.321928	-1.321928	-1.321928	-1.321928	-1.321928
D	-1.321928	-1.321928	-1.321928	-0.152003	0.925999	0.485427	1.536053	1.263034	1.263034	-0.152003	-1.321928	-1.321928	-1.321928
E	-1.321928	-1.321928	-1.321928	1.963474	0.485427	-0.152003	-0.152003	-0.152003	0.925999	0.485427	-0.152003	-1.321928	-1.321928
F	-1.321928	-1.321928	2.137504	-1.321928	-1.321928	0.485427	-1.321928	-1.321928	-1.321928	0.485427	0.925999	-1.321928	2.678072
G	-1.321928	-1.321928	-1.321928	0.925999	0.485427	1.263034	1.263034	1.263034	0.925999	0.925999	-1.321928	-1.321928	-1.321928
H	-1.321928	-1.321928	-1.321928	-1.321928	-0.152003	-1.321928	-1.321928	-1.321928	-0.152003	-1.321928	-0.152003	-1.321928	-1.321928
I	-1.321928	-1.321928	1.536053	-1.321928	1.263034	-1.321928	-0.152003	0.925999	-1.321928	0.485427	-0.152003	-0.152003	-1.321928
K	2.981853	-1.321928	-0.152003	-0.152003	-1.321928	-1.321928	-1.321928	0.485427	1.263034	-1.321928	-0.152003	-0.152003	-1.321928
L	-1.321928	-1.321928	1.963474	-0.152003	0.925999	-1.321928	0.925999	-1.321928	-1.321928	-1.321928	0.925999	1.263034	-0.152003
M	-1.321928	-1.321928	-1.321928	-1.321928	-1.321928	-0.152003	-1.321928	-1.321928	-1.321928	-1.321928	-0.152003	-1.321928	-1.321928
N	-1.321928	-1.321928	-1.321928	-0.152003	-1.321928	0.485427	-0.152003	-1.321928	0.925999	-1.321928	0.925999	-1.321928	-1.321928
P	-1.321928	-1.321928	-1.321928	1.765535	-0.152003	0.925999	0.925999	1.263034	-0.152003	0.485427	-1.321928	-1.321928	-1.321928
Q	-1.321928	-1.321928	-1.321928	-0.152003	-1.321928	0.925999	-0.152003	-1.321928	-1.321928	0.485427	-1.321928	0.485427	-1.321928
R	1.963474	-1.321928	-1.321928	-0.152003	-1.321928	-0.152003	-1.321928	-1.321928	-1.321928	-1.321928	-1.321928	-0.152003	-1.321928
S	-1.321928	2.292782	-1.321928	-0.152003	-0.152003	0.485427	-1.321928	0.925999	0.485427	-1.321928	-0.152003	1.263034	-1.321928
T	-1.321928	2.432959	-1.321928	-1.321928	-0.152003	-1.321928	0.485427	-0.152003	-0.152003	1.263034	-0.152003	1.765535	-1.321928
V	-1.321928	0.925999	-1.321928	-0.152003	0.485427	-1.321928	-0.152003	-1.321928	-1.321928	0.485427	1.536053	0.485427	-1.321928
W	-1.321928	-1.321928	-0.152003	-1.321928	-1.321928	-1.321928	-1.321928	-1.321928	-1.321928	-1.321928	-1.321928	-1.321928	2.292782
Y	-0.152003	-1.321928	0.485427	-1.321928	-1.321928	-1.321928	-1.321928	-1.321928	-0.152003	0.485427	0.485427	0.925999	0.485427
