A	-0.402098	-2.209453	0.375509	0.038474	2.182864	-0.402098	-0.402098	-2.209453
C	-2.209453	-2.209453	-2.209453	-2.209453	-2.209453	-2.209453	-2.209453	-2.209453
D	-2.209453	-2.209453	0.375509	-1.039528	-1.039528	-2.209453	-2.209453	-2.209453
E	-2.209453	-2.209453	-1.039528	0.038474	-2.209453	0.038474	0.375509	-2.209453
F	-2.209453	-2.209453	1.545434	-1.039528	-1.039528	0.648528	-1.039528	2.856636
G	-2.209453	-2.209453	0.878009	-0.402098	-0.402098	-2.209453	-0.402098	-2.209453
H	0.375509	-2.209453	-0.402098	0.038474	-2.209453	0.375509	-1.039528	-2.209453
I	0.648528	-2.209453	-0.402098	0.878009	-1.039528	0.878009	-2.209453	-0.402098
K	2.558731	-2.209453	0.375509	1.790547	-2.209453	-1.039528	1.545434	-2.209453
L	0.375509	-2.209453	0.375509	0.038474	1.545434	1.405256	2.000000	0.375509
M	-1.039528	-2.209453	-1.039528	-1.039528	-2.209453	-1.039528	-2.209453	-0.402098
N	-2.209453	-2.209453	-0.402098	-2.209453	-2.209453	-1.039528	-2.209453	-2.209453
P	-2.209453	-2.209453	-1.039528	0.878009	2.345135	0.038474	-2.209453	-2.209453
Q	-2.209453	-2.209453	-1.039528	-0.402098	-2.209453	0.375509	1.249978	-2.209453
R	1.545434	-2.209453	-1.039528	1.545434	-2.209453	-1.039528	0.375509	-2.209453
S	-1.039528	2.801774	-2.209453	-1.039528	0.878009	0.648528	-0.402098	-2.209453
T	-0.402098	3.148099	0.878009	-0.402098	-1.039528	-1.039528	1.545434	-2.209453
V	0.878009	-1.039528	0.648528	-0.402098	-0.402098	1.075949	-2.209453	-2.209453
W	-2.209453	-2.209453	-0.402098	-2.209453	-2.209453	-0.402098	-2.209453	2.744743
Y	-0.402098	-2.209453	-0.402098	-2.209453	-2.209453	0.038474	-2.209453	-2.209453
