A	0.091474	1.579625	0.911629	-0.297438	-0.097669	0.118492	0.583509	-0.488044	-6.955650
C	-5.148295	-5.785725	-6.955650	-5.785725	-5.785725	-4.370687	-5.148295	-3.496218	-6.955650
D	-6.955650	-6.955650	-0.911256	0.722070	-0.194099	-0.661029	-1.054783	-2.187466	-6.955650
E	-3.670248	-6.955650	-3.496218	1.191555	0.677345	0.246474	0.824069	0.408485	-6.955650
F	-2.955650	-6.955650	0.880400	-1.642767	0.294649	-0.389596	0.035872	-0.780724	3.007969
G	-0.684187	-2.122760	-0.731648	-0.036787	-0.161234	-0.550508	-2.187466	-1.054783	-6.955650
H	-0.428173	-6.955650	-0.262163	-1.116446	-0.731648	-0.333598	0.713235	-0.129101	-6.955650
I	0.145012	-1.471834	0.686402	-0.488044	1.172344	0.621779	0.258669	-1.355737	0.621779
K	2.971387	-6.955650	0.234175	1.301738	-0.161234	0.196635	-1.598098	1.126499	-6.955650
L	-0.113300	-1.471834	1.669146	-0.408755	1.589315	1.152875	0.077773	1.051377	2.030903
M	-1.889561	-3.496218	-0.370687	-2.847125	-1.319025	-1.836709	-1.889561	-2.326293	-0.884188
N	-3.868187	-5.785725	-0.428173	-0.638237	-0.129101	0.145012	-0.145078	0.077773	-6.955650
P	-6.955650	-6.955650	-1.024913	1.425893	-0.661029	0.221770	0.949737	-5.148295	-6.955650
Q	-0.780724	-3.670248	-0.731648	0.118492	-0.408755	0.790864	0.306445	0.408485	-6.955650
R	1.892973	-6.955650	-0.428173	0.513992	-1.785725	-0.315405	-2.122760	0.722070	-6.955650
S	-0.333598	2.821194	0.341266	0.318146	-0.210816	0.049975	0.408485	0.896099	-6.955650
T	-0.707722	2.756017	-0.315405	0.105046	0.049975	0.196635	0.503782	1.574756	-6.955650
V	0.131813	0.964703	0.318146	0.035872	1.191555	0.972128	1.072256	0.462203	-3.200762
W	-5.785725	-6.955650	-0.911256	-4.707722	-2.955650	-3.200762	-1.471834	-5.785725	2.052078
Y	-1.785725	-5.785725	0.063941	-2.479916	-1.355737	-0.831529	-0.036787	-0.911256	0.513992
