A	-0.508128 1.493094 2.182699 2.104679 1.401106 2.371525 1.981823 1.447907 1.433205
C	-9.629135 -6.229547 -3.351940 -3.965721 -9.661477 -3.973931 -5.653273 -7.280216 -3.718935
D	1.445547 -1.072094 -0.160463 0.216558 0.026729 1.538588 0.718828 -0.637742 1.972759
E	1.070595 0.866582 -0.470289 0.731990 1.018520 -0.023466 1.546324 1.066826 1.925832
F	1.118772 -1.831327 -0.388911 -1.102725 -2.021664 -3.571445 -1.860672 -1.047350 -2.626829
G	-2.767882 0.320298 1.555257 1.774190 -0.588366 -3.036682 -1.224338 -0.224897 0.269268
H	-3.506110 -0.044425 -2.146448 -6.981501 -1.810025 -5.639765 -1.264020 -1.714946 -3.675754
I	1.293759 -0.895255 -0.728211 1.212594 -0.091501 0.119784 -0.848604 -0.303451 -0.340693
K	-2.712981 0.615235 -2.558022 -9.080504 0.857884 -7.490362 -2.587517 -0.133049 -3.537377
L	-0.220927 -0.766220 -0.760949 0.356534 0.477543 -1.430097 0.479698 0.771199 -0.074593
M	-5.274485 -2.951545 -1.704855 -1.656081 -2.373493 -8.595017 -2.232132 -2.997537 -2.201988
N	-3.485115 -0.108749 -1.439019 -1.528781 -1.091135 -1.139668 0.290660 -1.443619 -0.475074
P	0.911055 -5.534375 -0.585925 -8.965323 -0.040381 1.317107 0.495413 1.537067 -2.396550
Q	-1.670971 0.078962 -1.077881 -0.900772 -0.005551 -8.474670 0.461642 -0.226372 -0.864833
R	-0.021172 0.959401 -1.406032 -6.399381 0.228180 -8.147490 -1.819597 0.353488 -2.724440
S	-1.606474 0.713826 1.468802 0.532125 0.390135 0.359474 0.431171 0.275539 0.958391
T	-2.374847 0.666168 0.767819 -0.692772 0.410654 0.793929 -1.046474 -0.604639 -0.665638
V	0.489650 0.565545 -0.159650 0.920735 1.213254 1.682124 0.699815 0.572616 0.712781
W	-0.719818 -2.454174 -2.725884 -4.719065 -9.518173 -9.731023 -3.669052 -4.265256 -4.309545
Y	1.472748 -0.419511 -0.427421 -3.194284 -2.242758 -9.061338 -2.424942 -0.942756 -2.856501
