A	-6.536857 1.295958 1.487867 0.770479 0.913390 2.993482 1.933082 0.943090 0.140198
C	-8.991132 -5.314296 -5.461952 -9.012781 -9.008946 -4.468287 -9.016704 -3.975378 -3.579836
D	-7.804819 -0.611945 -0.449726 0.634283 -0.571052 -4.487634 -0.788106 0.020026 -2.840474
E	-2.802022 1.229440 0.384328 2.436146 1.187400 -3.783044 1.604688 1.595274 -0.879600
F	-4.253959 -0.613017 -0.906083 -4.726745 -1.692847 -2.779345 -1.665532 -2.315752 -2.868943
G	-4.348339 -1.233196 1.032609 -1.728813 -0.471105 -0.424308 -0.818071 -1.375699 -2.694349
H	-8.227328 -1.740490 -2.769791 -5.523995 -2.304434 -4.084702 -2.744576 -1.302860 -5.177328
I	-1.100942 0.339279 -0.124358 1.231420 0.369941 0.584480 -0.235844 -0.610477 1.248341
K	3.961618 0.099171 -1.535993 -3.461069 0.328561 -5.293597 -0.824602 0.554056 -0.347663
L	-0.879478 1.455544 0.229199 -0.966032 0.776646 -1.811381 1.689943 0.655793 3.068657
M	-7.539133 -1.756204 -1.532341 -2.252033 -1.166004 -5.073520 -2.239157 -2.588076 -0.840252
N	-7.454620 -0.993517 -0.834030 -2.890990 -0.051142 -8.671908 -0.059985 -0.692912 -3.561794
P	-5.940605 -3.468424 0.609530 0.501581 0.834617 1.281906 -1.429762 0.328129 -5.033222
Q	-8.446071 -0.524409 -0.576347 -2.991230 0.252578 -8.404023 0.066664 0.818718 -2.544337
R	1.398307 0.071727 -2.733843 -8.147343 -0.350258 -8.955191 -2.187628 0.411784 -8.402079
S	-3.365247 -0.130552 0.921561 0.984416 -0.117396 -0.129870 0.063826 0.422836 -0.727704
T	-2.163811 0.304231 -0.259782 0.986810 0.672210 -0.989272 -0.098947 0.164501 -0.430272
V	-2.942030 1.131392 1.270015 1.112420 0.659431 2.374789 0.781116 0.468825 2.021672
W	-8.449194 -2.602724 -1.942451 -9.003786 -4.042692 -8.991375 -4.649805 -4.316468 -8.989864
Y	-5.292658 -0.113071 0.400667 -8.892019 -1.538723 -4.678319 -1.553325 -1.954065 -7.942210
