A	-2.784483 0.739934 1.712666 1.589159 0.917132 2.485133 1.701842 1.085873 2.083200
C	-10.687571 -5.805038 -2.602534 -2.902844 -5.885277 -3.601615 -4.674137 -5.407835 -2.628102
D	-2.521563 -1.365507 -1.738775 -0.265567 -0.255698 1.097624 -1.141176 -0.963864 0.443638
E	-1.439590 0.710564 -0.484659 0.582941 0.481413 -1.747487 1.112700 0.975517 0.750673
F	1.931297 -1.299148 -0.106470 -0.847752 -2.514489 -2.318657 -1.918104 -1.628011 -5.156442
G	-3.425475 -1.336464 0.921721 -0.993930 -0.908117 0.317512 -1.194810 -0.217243 0.982320
H	-2.398417 -0.059384 -0.645196 -3.294876 -0.976378 -4.304850 -0.245314 -0.295493 -2.532773
I	1.618173 0.281771 0.231241 1.250404 -0.018802 -1.627939 -0.072647 -0.837584 0.125365
K	0.552389 1.191815 -0.643342 -2.535191 1.440782 -0.927579 -0.484251 0.938310 -3.057545
L	0.370285 0.147364 0.074596 1.801126 0.029740 -2.202160 0.710240 0.697834 0.742729
M	-2.645883 -3.260710 -0.951781 -0.063367 -2.545236 -4.662793 -2.056191 -2.247765 -2.094384
N	-2.911413 -0.488261 -1.026311 -0.349783 -0.507587 0.303188 0.850473 -0.682210 -0.650739
P	-3.831740 -10.143362 0.148546 -2.458338 0.663346 0.925266 0.462741 1.008214 -4.028558
Q	-3.577023 0.216762 -0.215650 -0.927491 0.354111 -4.204100 0.718719 0.087224 0.158469
R	1.465818 1.518726 -0.300505 -9.910139 0.404443 -0.970328 -0.222508 0.854691 -2.145439
S	-5.011039 -0.001524 0.913263 0.526207 0.537636 1.227495 -0.147429 0.249261 1.112527
T	-4.749260 0.198202 -0.465795 0.198645 0.711187 0.842026 -1.038231 -0.445617 -0.987949
V	0.336153 1.022687 0.420205 0.948113 0.521931 0.450291 0.548660 0.191148 1.264981
W	-0.606746 -2.383531 -2.155573 -2.723458 -4.287498 -5.210630 -3.134492 -3.505163 -7.775498
Y	2.066792 -0.509126 0.326708 -2.233759 -1.804592 -4.249622 -1.498228 -1.286987 -2.749776
