A	-3.842735 0.624711 1.011095 -1.764758 0.406937 1.975586 0.146710 0.435227 0.122212
C	-12.093978 -4.623080 -3.101271 -5.422660 -3.413066 -4.078785 -4.509721 -3.619519 -3.918460
D	-8.543422 -1.096721 -1.724526 -3.710506 -0.197815 -1.429428 -1.469713 -0.460016 -1.093633
E	-7.728049 0.697000 0.018893 -0.807877 0.422177 0.358448 0.756765 0.088261 -0.742830
F	-0.546216 -1.222997 -0.240374 -0.639548 -2.007452 -1.607186 -0.137603 -1.085374 1.864208
G	-6.663919 -1.716585 -0.976736 -5.457774 -0.411495 0.907255 -0.409202 0.101352 -1.875365
H	-11.927899 -0.267573 -0.711426 -4.431393 -0.076031 -1.115066 0.571123 -0.396122 -2.646857
I	2.997683 0.014115 0.830182 0.892503 -0.594801 -1.162861 0.228547 -0.245348 0.915302
K	-11.762495 1.282214 0.381527 -3.463272 1.665711 -0.346709 0.688873 0.945774 -3.357096
L	2.502585 0.481216 0.922779 3.690486 -0.522654 -0.831358 1.318994 1.250937 1.140072
M	-0.360046 -2.452344 -0.927173 0.158844 -1.957221 -1.531907 -1.782566 -1.849971 -0.063150
N	-11.833010 -0.456465 -0.663991 -1.936928 -0.049705 0.749795 0.267318 -0.266483 -3.121765
P	-4.866758 -8.514687 0.390738 -8.331293 0.675800 -0.449024 0.249370 0.810659 -4.708826
Q	-8.733087 0.260129 0.137058 -0.576686 0.207913 1.005328 0.143856 -0.132448 -1.944871
R	-11.814258 1.470251 0.067983 -4.382259 0.980448 -0.828967 0.335053 0.728009 -2.216974
S	-11.977686 0.238195 0.413267 -2.762632 0.466465 1.293830 -0.586445 0.451792 -1.944327
T	-5.105169 0.294907 -0.087847 -2.993852 0.207101 0.228778 -1.154885 -0.190991 -1.593555
V	2.146108 0.966010 0.625852 -0.580237 0.031042 -0.524127 0.212041 -0.107200 1.260833
W	-3.933653 -3.494838 -2.656564 -3.912760 -3.666459 -4.407596 -2.967268 -4.173470 -2.780738
Y	-2.083594 -0.745150 0.028793 -1.478571 -1.725212 -2.337431 -0.117969 -0.591245 2.263263
