A	0.319254	-0.738079	-0.392944	-0.371183	0.178803	0.345775	0.055684	0.319254	0.949016	-4.169925
C	-5.584963	-5.584963	-3.896907	-4.947533	-3.667425	-3.469485	-4.169925	-5.584963	-3.667425	-6.754888
D	-3.896907	-6.754888	0.278535	1.928107	0.471525	-0.078930	-0.884523	-1.082462	-1.688798	-6.754888
E	-2.545434	-2.872244	-2.362570	1.057290	0.397397	-0.026967	-0.915684	0.483517	0.630975	-6.754888
F	1.016602	2.120862	1.679741	-2.125531	-0.980100	-0.947533	-0.630766	-1.860070	-0.884523	3.140309
G	-1.986703	-3.140178	-2.054448	0.397397	1.514239	1.016602	1.230954	-0.980100	-0.710493	-6.754888
H	-0.267047	-0.287282	-1.311944	-0.630766	-0.061401	-0.132836	0.118557	0.292236	-0.267047	-3.000000
I	0.447236	-1.271072	0.704544	-1.688798	-0.854021	-0.096676	0.133856	-0.227410	-1.860070	-1.743660
K	1.057290	-5.584963	-1.192645	-0.114643	0.193480	0.542029	0.118557	-0.656855	0.518908	-4.506960
L	-0.207993	0.410019	0.652380	-1.688798	-0.307804	0.087463	0.118557	0.931613	0.264703	2.304457
M	-1.986703	-1.921997	-0.884523	-2.754888	-2.451107	-2.200299	-2.125531	-1.743660	-2.646363	-0.307804
N	-1.013421	-5.584963	-0.710493	0.023190	-0.061401	-0.328623	0.006664	0.447236	-0.605140	-6.754888
P	-3.896907	0.410019	1.180278	1.962789	1.112391	1.150500	0.913997	-0.114643	-1.488101	-6.754888
Q	-1.231326	-0.061401	-0.656855	-0.169925	-0.247093	-0.044081	-0.307804	0.673473	-0.096676	-6.754888
R	1.360156	-3.667425	-1.584963	-1.013421	-0.287282	-0.010054	0.784271	-0.078930	-0.026967	-6.754888
S	0.887164	-1.442005	-0.683425	0.358855	0.587187	0.793934	0.292236	0.922832	1.637430	-5.584963
T	-0.026967	-1.860070	-1.743660	0.006664	-0.061401	0.576029	0.641717	1.238051	1.448461	-4.947533
V	1.120094	-0.794886	-0.371183	-1.118263	0.103093	-0.078930	0.471525	0.609247	0.397397	-1.743660
W	-5.584963	-1.047528	-3.000000	-3.896907	-2.754888	-3.140178	-3.000000	-3.667425	-6.754888	-2.054448
Y	1.165465	2.969626	2.025652	-1.688798	-0.710493	-1.635946	-0.884523	-1.082462	-0.026967	2.085890
