A	0.117722	-2.363405	-0.053549	-0.644586	0.452512	0.409185	0.575195	0.318419	0.364516	0.575195	-4.948367
C	-4.948367	-4.948367	-2.700440	-2.700440	-3.778442	-3.778442	-2.700440	-3.778442	-3.778442	-3.778442	-4.948367
D	-4.948367	-4.948367	0.062860	1.636595	0.409185	0.890837	-0.247928	-0.247928	-2.363405	-1.662965	-4.948367
E	-2.363405	-4.948367	-0.738914	1.201380	0.062860	0.793100	0.535449	-0.644586	-0.393778	0.651546	-4.948367
F	0.005829	1.559427	0.688257	-0.948367	-1.193480	-1.488936	-0.556050	-0.393778	-1.193480	-0.948367	3.416862
G	-2.090386	-3.778442	-2.363405	0.270801	0.982370	1.251305	0.982370	1.011635	-0.556050	-0.644586	-4.948367
H	-0.319011	-0.644586	-3.141012	-1.662965	-0.247928	-0.247928	0.270801	-0.180183	0.117722	-0.053549	-4.948367
I	0.982370	-3.778442	1.369045	-1.860904	-0.393778	-0.839843	-0.839843	0.170574	-0.556050	-1.488936	-1.860904
K	1.040317	-4.948367	-1.333657	-0.839843	0.409185	-0.053549	0.651546	-0.247928	-0.472634	0.651546	-3.778442
L	-0.247928	-1.065724	1.709844	-1.662965	-1.333657	0.270801	0.005829	0.890837	1.519238	0.170574	2.290038
M	-3.141012	-4.948367	0.062860	-2.700440	-3.141012	-2.090386	-2.700440	-1.333657	-1.065724	-1.860904	-0.738914
N	-0.644586	-3.778442	-0.738914	0.170574	0.117722	-0.247928	0.494576	0.117722	0.170574	-0.319011	-4.948367
P	-4.948367	-0.839843	0.688257	1.985323	1.598527	1.040317	-0.247928	-0.180183	-1.193480	-1.333657	-4.948367
Q	-1.065724	-1.333657	-0.319011	-1.193480	0.270801	-0.472634	0.221558	-0.472634	0.651546	0.117722	-4.948367
R	1.391483	-3.778442	-1.488936	-1.193480	-0.556050	-1.333657	-0.053549	0.005829	0.452512	0.364516	-3.778442
S	0.793100	-1.860904	0.364516	0.651546	0.688257	0.890837	1.299560	1.299560	1.226558	1.068441	-3.778442
T	0.170574	-2.700440	-1.333657	-0.115477	-0.319011	0.221558	0.170574	-0.053549	0.688257	1.369045	-4.948367
V	1.519238	-2.700440	0.117722	-1.488936	0.318419	0.117722	-0.472634	0.651546	0.575195	0.452512	-3.141012
W	-4.948367	-0.948367	-3.778442	-3.141012	-3.141012	-2.363405	-3.778442	-3.778442	-3.778442	-4.948367	-1.860904
Y	1.068441	3.725825	0.858988	0.613875	-0.839843	-2.700440	-2.700440	-0.839843	-0.472634	0.535449	1.391483
