A	0.465664	-2.392317	-0.584963	-0.584963	0.192645	0.192645	0.695145	0.192645	0.893085	-0.584963	1.362570	-2.392317
C	-2.392317	-2.392317	-2.392317	-1.222392	-2.392317	-2.392317	-2.392317	-2.392317	-2.392317	-2.392317	-2.392317	-2.392317
D	-2.392317	-2.392317	0.695145	2.561879	0.465664	0.695145	0.695145	-0.144390	0.192645	-2.392317	-1.222392	-2.392317
E	-2.392317	-2.392317	-0.144390	0.192645	-1.222392	0.465664	-0.584963	-0.144390	-0.584963	-1.222392	0.465664	-2.392317
F	1.222392	1.817136	0.695145	-2.392317	0.695145	0.465664	-0.584963	-2.392317	0.192645	-0.584963	-1.222392	3.207595
G	-1.222392	-2.392317	-1.222392	0.893085	1.067114	1.222392	0.695145	2.237039	0.465664	0.465664	-0.584963	-2.392317
H	-2.392317	-2.392317	-1.222392	-2.392317	-1.222392	-0.584963	-2.392317	-1.222392	-0.584963	0.465664	-0.144390	-1.222392
I	0.893085	-2.392317	1.490326	-1.222392	-0.584963	-0.144390	0.192645	-1.222392	-0.144390	-0.144390	-1.222392	-2.392317
K	0.695145	-2.392317	-0.584963	-0.144390	-0.584963	0.192645	0.192645	0.192645	-0.584963	-0.584963	0.192645	-2.392317
L	-2.392317	-2.392317	1.607683	-2.392317	-0.144390	-0.584963	-1.222392	-0.584963	-0.584963	0.465664	0.465664	1.067114
M	-2.392317	-2.392317	-0.144390	-2.392317	-1.222392	-2.392317	-2.392317	-1.222392	-2.392317	-1.222392	-2.392317	-0.584963
N	-1.222392	-2.392317	-1.222392	-0.144390	-0.584963	0.465664	-0.144390	0.465664	1.362570	0.192645	-2.392317	-2.392317
P	-2.392317	-2.392317	-0.584963	2.000000	1.067114	0.695145	1.067114	0.465664	1.362570	-0.584963	-2.392317	-2.392317
Q	-1.222392	-1.222392	-1.222392	-2.392317	-0.584963	-2.392317	0.695145	-1.222392	-0.144390	0.893085	0.192645	-2.392317
R	0.695145	-2.392317	-0.584963	-2.392317	-1.222392	-0.584963	-0.144390	-0.144390	-0.584963	-0.144390	-0.584963	-2.392317
S	-0.584963	-0.584963	-0.144390	-0.144390	1.067114	1.362570	0.695145	0.465664	0.695145	1.067114	1.607683	-2.392317
T	0.695145	-1.222392	-1.222392	-0.584963	-0.144390	-1.222392	0.192645	0.695145	0.192645	1.362570	1.067114	-2.392317
V	1.607683	-1.222392	-0.584963	-1.222392	0.893085	-0.144390	0.465664	0.465664	-1.222392	0.465664	0.695145	-2.392317
W	-2.392317	-2.392317	-2.392317	-2.392317	-2.392317	-2.392317	-2.392317	-2.392317	-1.222392	-2.392317	-2.392317	-1.222392
Y	1.607683	3.567685	1.222392	-1.222392	0.192645	-1.222392	-0.584963	-2.392317	-2.392317	-0.144390	0.192645	2.162271
