A	0.326064	-0.345415	-0.435896	-0.281094	1.212994	0.255537	1.327440	-4.459432
C	-4.459432	-6.707359	-5.537434	-3.849378	-4.459432	-4.122397	-3.849378	-6.707359
D	-4.459432	-5.537434	1.212994	-0.609327	-6.707359	-1.588418	-1.537434	-6.707359
E	-4.459432	-6.707359	-0.747357	0.419345	-2.952472	-0.459432	1.538194	-6.707359
F	1.657870	2.661147	0.326064	-1.223543	-1.107446	-1.874469	-1.812541	1.837605
G	-2.497906	-3.092649	0.634716	-0.532433	1.975635	-0.532433	-1.939175	-5.537434
H	-0.483357	-3.092649	0.037475	-0.483357	0.812277	0.494765	-0.067114	-2.152770
I	0.802416	-2.006919	-0.583238	0.211504	-0.049148	-0.122397	-1.107446	-0.239754
K	-0.507687	-6.707359	-0.260276	0.656776	-1.183797	0.634716	0.134991	-6.707359
L	0.241008	-1.753163	0.752072	0.444926	-1.488191	0.506960	-0.836994	3.133812
M	-1.641270	-2.598835	-0.583238	-3.092649	-3.849378	-1.488191	-2.598835	0.600980
N	-0.532433	-4.122397	0.312232	1.152176	-0.965892	0.119189	-0.609327	-6.707359
P	-4.459432	0.211504	0.003447	0.689246	-0.160465	0.181384	-1.641270	-6.707359
Q	-2.078003	-0.179882	1.064130	-0.609327	-0.806492	0.020561	0.470060	-5.537434
R	-0.085307	-4.459432	-0.583238	-0.103733	1.205530	1.278483	-0.435896	-6.707359
S	0.762283	-1.812541	0.312232	0.054192	0.731433	1.471306	1.619070	-4.122397
T	-0.239754	-1.753163	-0.302218	0.979141	0.269921	0.226332	0.792487	-4.900004
V	1.292641	-1.753163	-0.662965	1.120777	1.128691	0.020561	0.841463	0.494765
W	-3.421957	-2.231626	-4.459432	-3.092649	-6.707359	-3.247928	-4.459432	-3.619896
Y	1.852018	3.114016	-0.141305	-1.537434	-2.598835	-1.537434	-0.635897	1.732472
