A	0.805835	0.816008	0.809234	0.137159	0.334057	0.580718	0.309066	1.277021	-3.310153
C	-6.135319	-6.629134	-4.800900	-6.034390	-4.643931	-3.926431	-4.469056	-3.838702	-6.784412
D	-3.238219	-10.243843	1.082867	1.277634	-0.722734	-1.665471	-1.819677	-2.286741	-10.243843
E	-1.758014	-5.940063	-0.891800	1.410009	-0.189239	-0.867175	-0.004842	1.029952	-10.243843
F	0.551588	1.080056	0.109855	-1.560849	-0.744994	-0.216629	-1.483955	-1.430864	2.147132
G	-1.451053	-2.935504	-1.547745	0.618019	0.708170	0.606343	-1.752993	-1.204924	-10.243843
H	-0.103653	0.603410	-0.083027	-0.788002	0.170578	-0.044171	0.555641	-0.373479	-2.879709
I	0.360941	-0.611757	0.487263	-1.257290	0.015900	0.557663	-0.147458	-1.539075	-0.090925
K	0.913188	-6.958441	0.344637	0.123571	0.794733	-0.264061	-0.106852	0.362099	-5.614487
L	-0.067359	1.108614	0.398660	-0.452681	0.124936	0.547523	0.902089	0.192868	3.019829
M	-1.492299	-0.869891	-0.664999	-2.924171	-2.034390	-1.974717	-1.665471	-2.323491	-0.027401
N	-0.549486	-6.243843	-0.106852	-0.230521	-0.106852	-0.586972	0.056509	-0.867175	-10.243843
P	-3.796760	1.342410	0.334057	1.656835	0.695368	0.544467	0.261472	-2.128800	-10.243843
Q	-0.950947	0.386196	0.272595	-0.132708	-0.095685	-0.230521	0.767034	0.318638	-7.995916
R	1.179273	-2.497329	0.139861	-1.061449	0.443095	0.299430	0.379352	-0.044171	-5.851526
S	1.292282	-0.504485	0.486202	0.796446	0.720858	0.783544	1.032136	1.627773	-8.436488
T	0.399787	-0.737536	-0.811301	-0.142524	0.217380	0.842790	0.798158	1.183207	-6.488956
V	0.789580	0.335237	-0.265848	-0.803493	0.598507	1.023382	0.747678	0.738794	-0.300230
W	-4.068918	-2.815483	-3.567886	-3.881900	-3.401493	-3.640217	-3.796760	-5.689255	-2.704685
Y	0.587662	2.117963	0.242740	-1.738032	-0.950947	-1.446993	-0.942347	-0.582511	2.093779
