A	-0.730839	1.172242	1.105336	0.425436	0.556442	0.629691	0.132472	0.369511	1.435458	-2.498005
C	-6.028520	-5.391090	-3.739013	-4.613483	-4.110982	-3.583735	-3.913043	-3.443558	-3.739013	-4.613483
D	-1.636203	-3.443558	1.183098	1.267121	0.794493	0.531176	0.378984	-0.124304	-1.931659	-7.198445
E	-0.651551	-1.023519	0.479275	1.287384	0.980220	0.581274	0.877034	0.661090	0.668834	-5.391090
F	1.867644	-2.894664	0.098471	-1.561820	-0.487639	-1.297578	-0.613483	-1.456978	-1.931659	1.317255
G	-1.979277	-3.583735	-1.636203	0.691819	1.262011	1.047108	0.843214	-1.328080	-1.456978	-7.198445
H	1.302397	-1.885562	-1.267708	-0.730839	-0.730839	-0.522488	-0.084703	0.154702	-1.048698	-5.391090
I	-0.387873	-3.198445	0.470440	-1.526020	-1.126983	-0.558200	-0.250078	-0.021026	-0.487639	-0.881032
K	-1.931659	-4.950518	-2.569088	-0.651551	-0.730839	-0.071741	0.321191	-1.209760	-0.110982	-4.613483
L	1.510639	-1.714629	0.801555	-0.206923	0.461551	0.075351	0.637605	0.942385	0.250704	3.662448
M	1.029171	-4.950518	-0.926982	-2.079504	-2.303627	-2.365555	-2.365555	-1.714629	-2.132356	0.863601
N	-0.998773	-4.950518	-0.235549	-0.540234	-0.371897	-0.540234	-0.137749	-0.558200	-1.840893	-7.198445
P	-3.913043	3.885699	1.004903	1.843898	0.916599	1.209885	0.684198	0.948760	-0.772180	-3.913043
Q	-0.950518	-3.739013	-0.576393	-0.264754	-0.487639	-0.235549	-0.178854	0.514082	-0.294563	-7.198445
R	-1.126983	-2.643856	-1.238443	-1.328080	-1.074324	0.027967	0.240347	-0.151321	0.154702	-3.583735
S	0.098471	-2.498005	0.132472	0.890343	0.903531	0.794493	0.452607	-0.008620	1.561443	-6.028520
T	0.208823	-3.198445	-0.998773	-0.250078	-0.058894	0.407034	-0.058894	0.870333	1.394012	-7.198445
V	-0.793304	-1.074324	0.829461	-0.772180	0.187417	0.271197	0.109894	1.183098	1.312319	-0.710605
W	-3.739013	-4.613483	-3.315802	-4.110982	-3.315802	-4.613483	-3.315802	-4.110982	-6.028520	-4.110982
Y	0.780265	-1.636203	0.075351	-1.840893	-1.023519	-2.303627	-1.391090	-0.974443	-1.598532	0.388395
