A	-0.215829	0.523065	0.924304	0.145132	0.988529	0.433613	0.946032	0.433613	0.321720	1.364300	-2.439831
C	-6.439831	-6.439831	-2.825121	-4.632476	-5.269906	-3.581850	-4.632476	-3.854868	-4.632476	-4.191903	-4.632476
D	-1.671647	-3.581850	0.956774	0.902244	1.089600	0.868508	0.270976	0.253656	0.508536	-2.136050	-6.439831
E	-0.479829	-0.395437	0.749994	0.978022	1.396219	0.660831	0.182221	0.523065	0.647632	0.620865	-6.439831
F	1.775702	-2.825121	0.762293	-1.810474	-1.428604	-1.173044	-1.485635	-1.373742	-0.916269	-2.331306	0.924304
G	-2.136050	-3.581850	-2.230378	0.370741	0.418150	1.174879	1.019601	0.935209	-0.877588	-1.373742	-6.439831
H	0.857085	-1.038951	-1.545013	-1.373742	-1.173044	-0.732472	-0.315710	-0.600627	0.163795	-1.269906	-6.439831
I	-0.099981	-2.980399	0.774488	-2.331306	-0.538964	-0.569466	-0.368369	-0.264905	0.145132	-0.145210	-1.038951
K	-1.810474	-6.439831	-2.825121	-0.803206	-2.047513	-0.056127	0.163795	0.508536	-0.665044	-0.191903	-4.632476
L	1.487947	-0.996887	1.229054	-0.767406	0.433613	0.620865	0.762293	0.686874	1.039949	0.935209	3.773577
M	0.978022	-3.581850	-0.665044	-2.557188	-2.684943	-2.439831	-2.439831	-1.739391	-1.606941	-2.331306	0.857085
N	-1.220662	-4.632476	-0.509094	-1.038951	-0.264905	-0.569466	-0.215829	-0.395437	-0.034689	-1.671647	-6.439831
P	-3.854868	3.833090	-1.038951	2.824025	0.924304	0.593592	0.634311	0.402519	-0.034689	-1.545013	-3.352368
Q	-1.173044	-2.825121	-1.126948	-0.839918	-0.423023	-0.600627	-0.264905	-0.341799	0.762293	-0.191903	-6.439831
R	-0.956015	-1.173044	-1.038951	-1.964097	-1.885242	-0.145210	0.402519	0.087646	-0.215829	0.338246	-3.854868
S	0.067964	-2.136050	0.236126	0.579760	0.988529	1.255397	0.607293	0.868508	0.537449	1.137598	-5.269906
T	0.253656	-2.684943	-1.485635	-0.145210	-0.056127	0.354585	0.200414	0.479032	0.305003	1.473058	-5.269906
V	0.067964	-1.671647	1.079805	-1.810474	0.647632	-0.290084	0.288090	0.200414	0.857085	1.315057	-1.173044
W	-3.154429	-5.269906	-2.557188	-2.980399	-3.352368	-3.352368	-4.632476	-3.581850	-3.352368	-6.439831	-4.632476
Y	0.833965	-0.569466	0.386718	-1.606941	-1.810474	-2.557188	-2.136050	-1.173044	-1.739391	-1.173044	0.126223
