A	-0.986061	-0.516576	0.561427	-1.184000	0.428977	1.086089	0.561427	0.739764	0.898462	0.032318	1.328450	-3.101538
C	-4.271463	-4.271463	-4.271463	-3.101538	-4.271463	-3.101538	-4.271463	-4.271463	-2.464108	-2.464108	-3.101538	-4.271463
D	-3.101538	-4.271463	-0.516576	1.928209	0.357894	0.847478	0.898462	0.204270	0.561427	-0.162939	-3.101538	-4.271463
E	-2.023536	-0.516576	-0.388820	0.561427	1.086089	1.086089	0.623355	-0.271463	0.739764	1.129416	0.120854	-4.271463
F	1.799999	-3.101538	0.995324	-0.656753	-0.986061	-1.184000	-2.023536	-1.686501	-1.686501	-1.184000	-2.023536	0.357894
G	-2.023536	-2.464108	-3.101538	0.847478	1.252099	0.496721	1.365162	1.503324	0.561427	-0.271463	-2.464108	-4.271463
H	1.252099	-2.464108	-0.656753	-3.101538	-2.023536	-1.686501	-0.388820	-1.184000	0.120854	0.898462	-3.101538	-2.464108
I	-0.271463	-2.464108	1.129416	-1.686501	-0.656753	-1.413482	-1.686501	-0.516576	-0.656753	-0.388820	0.120854	-2.023536
K	-2.023536	-4.271463	-2.464108	-1.413482	-1.686501	-0.062010	0.032318	-0.271463	0.682733	-2.464108	-0.516576	-4.271463
L	1.659274	-1.413482	1.903463	-0.271463	0.032318	0.561427	0.947705	0.283126	0.357894	0.847478	0.623355	3.862963
M	1.535892	-4.271463	-0.516576	-3.101538	-1.413482	-1.413482	-0.986061	-1.686501	-2.464108	-0.516576	-2.023536	1.086089
N	-4.271463	-4.271463	-2.464108	-0.656753	-0.162939	-1.686501	-0.986061	0.357894	0.032318	-0.656753	-3.101538	-4.271463
P	-4.271463	3.991806	-0.062010	1.878284	2.368782	0.682733	0.898462	0.794626	-0.062010	0.682733	-1.413482	-4.271463
Q	0.204270	-4.271463	-0.656753	-0.812031	-1.413482	-0.271463	-0.986061	-0.271463	0.032318	0.898462	0.623355	-4.271463
R	-1.184000	-1.184000	-0.516576	-1.184000	-3.101538	0.357894	-0.516576	-0.656753	-0.162939	-0.388820	0.428977	-4.271463
S	-0.516576	-2.464108	-0.812031	1.470004	0.204270	0.847478	0.496721	1.470004	0.947705	-0.388820	0.794626	-4.271463
T	-0.812031	-2.464108	-3.101538	-0.516576	-0.271463	0.561427	0.357894	0.032318	0.283126	0.120854	1.659274	-4.271463
V	-0.986061	-1.686501	1.290779	-0.271463	-0.271463	-0.162939	0.032318	-0.388820	-0.271463	0.898462	1.745345	-2.023536
W	-2.023536	-4.271463	-2.023536	-2.464108	-4.271463	-4.271463	-4.271463	-3.101538	-2.464108	-2.023536	-2.464108	-4.271463
Y	1.086089	-2.464108	0.682733	-2.464108	-1.686501	-2.023536	-1.413482	-0.986061	-2.464108	-1.686501	-2.023536	-0.656753
