A	-1.516576	-2.686501	-0.101538	0.171480	1.196143	0.772931	-0.438573	1.313499	-0.101538	0.772931	0.772931	0.772931	-1.516576
C	-2.686501	-2.686501	-2.686501	-1.516576	-2.686501	-1.516576	-2.686501	-2.686501	-2.686501	-2.686501	-2.686501	-2.686501	-2.686501
D	-2.686501	-2.686501	-0.101538	1.068387	0.772931	0.400962	0.772931	-0.101538	0.772931	0.400962	-0.438573	-2.686501	-2.686501
E	-0.879146	-1.516576	-0.101538	0.598902	0.598902	0.171480	1.068387	0.772931	0.400962	0.928209	1.068387	0.928209	-2.686501
F	1.617280	-2.686501	0.171480	-0.438573	-0.438573	-1.516576	-2.686501	-2.686501	-2.686501	-2.686501	-0.101538	-2.686501	0.772931
G	-2.686501	-2.686501	-2.686501	-0.101538	1.068387	0.598902	0.772931	1.942856	1.196143	0.400962	-0.879146	-0.879146	-2.686501
H	0.772931	-2.686501	-2.686501	-2.686501	-1.516576	-0.879146	-1.516576	-0.101538	0.400962	-0.879146	0.598902	-2.686501	-2.686501
I	0.171480	-2.686501	1.196143	-1.516576	-0.438573	-0.879146	-0.101538	-0.879146	-0.101538	-0.101538	-0.438573	-0.438573	-1.516576
K	-2.686501	-1.516576	-0.879146	-1.516576	-2.686501	-0.438573	-0.438573	-2.686501	1.068387	0.400962	-2.686501	-1.516576	-2.686501
L	1.313499	-0.879146	1.705817	-0.101538	-0.101538	0.171480	0.400962	0.171480	-0.101538	-0.101538	1.617280	0.598902	3.697204
M	1.868088	-2.686501	0.171480	-0.879146	-2.686501	-2.686501	-2.686501	-2.686501	-2.686501	-1.516576	-0.879146	-2.686501	1.068387
N	-0.879146	-2.686501	-0.879146	-1.516576	-0.879146	-2.686501	0.928209	-0.879146	-0.438573	-0.879146	-0.438573	-1.516576	-2.686501
P	-2.686501	3.971711	-0.879146	2.208317	0.772931	1.617280	0.598902	0.400962	0.171480	-0.879146	0.171480	-2.686501	-2.686501
Q	-0.879146	-0.879146	0.928209	-0.879146	-0.879146	1.068387	0.598902	0.171480	0.171480	-0.101538	0.171480	0.400962	-2.686501
R	-1.516576	-2.686501	-2.686501	-0.879146	-1.516576	0.400962	0.598902	-0.438573	0.400962	0.171480	-0.438573	0.400962	-2.686501
S	-0.438573	-2.686501	-0.438573	1.313499	1.313499	0.772931	0.928209	0.928209	0.400962	0.772931	0.171480	1.522953	-2.686501
T	-1.516576	-2.686501	-2.686501	-0.101538	0.400962	0.171480	-0.438573	-0.438573	-0.438573	0.928209	0.171480	1.313499	-2.686501
V	-1.516576	-1.516576	1.068387	0.171480	0.772931	-0.879146	-0.879146	-0.879146	0.171480	0.598902	-0.101538	1.789233	-1.516576
W	-1.516576	-2.686501	-2.686501	-2.686501	-2.686501	-2.686501	-2.686501	-1.516576	-2.686501	-2.686501	-2.686501	-2.686501	-2.686501
Y	1.617280	-2.686501	1.068387	-2.686501	-1.516576	-1.516576	-2.686501	-0.879146	-1.516576	-0.101538	-0.438573	-1.516576	-2.686501
