A	-1.700440	-1.700440	-0.530515	0.547488	-0.530515	1.157541	-1.700440	-0.530515	1.584963	0.547488	1.157541	-0.530515	1.157541	-1.700440
C	-1.700440	-1.700440	-1.700440	-1.700440	-1.700440	-1.700440	-1.700440	-1.700440	-1.700440	-1.700440	-1.700440	-1.700440	-1.700440	-1.700440
D	-1.700440	-1.700440	-1.700440	1.387023	1.157541	-0.530515	-1.700440	1.157541	0.106915	-0.530515	0.884523	-1.700440	0.106915	-1.700440
E	-1.700440	-0.530515	-1.700440	0.106915	0.547488	-1.700440	0.106915	0.547488	0.106915	0.106915	0.547488	0.884523	0.547488	-1.700440
F	2.299560	-1.700440	1.758992	-1.700440	-0.530515	-1.700440	-1.700440	-0.530515	0.884523	-1.700440	-1.700440	-1.700440	-1.700440	0.106915
G	-1.700440	-1.700440	-1.700440	2.054448	0.106915	1.157541	0.106915	-1.700440	-0.530515	1.157541	1.584963	0.547488	-1.700440	-1.700440
H	0.547488	-1.700440	-1.700440	-0.530515	-1.700440	0.106915	-0.530515	0.547488	-1.700440	0.547488	0.106915	0.884523	0.106915	-1.700440
I	-0.530515	-1.700440	0.884523	-1.700440	0.884523	-0.530515	-1.700440	-1.700440	0.106915	0.106915	0.106915	0.106915	-0.530515	-1.700440
K	-1.700440	-1.700440	-0.530515	-0.530515	-1.700440	-0.530515	1.157541	0.106915	-0.530515	0.547488	-1.700440	-1.700440	-1.700440	-1.700440
L	0.106915	-0.530515	1.387023	-0.530515	-0.530515	0.547488	0.547488	0.547488	-0.530515	0.547488	0.547488	-0.530515	0.884523	3.657112
M	1.387023	-1.700440	1.157541	-1.700440	-0.530515	-1.700440	-1.700440	-1.700440	-1.700440	-1.700440	-0.530515	-1.700440	-1.700440	-1.700440
N	0.106915	-1.700440	-1.700440	-1.700440	-1.700440	-1.700440	-0.530515	0.547488	-1.700440	-0.530515	0.106915	0.106915	-1.700440	-1.700440
P	-1.700440	3.700440	-1.700440	0.884523	1.914270	1.387023	1.758992	1.157541	1.584963	1.157541	-0.530515	0.106915	-0.530515	-1.700440
Q	-1.700440	-1.700440	0.106915	-1.700440	-0.530515	-0.530515	0.106915	0.547488	-1.700440	0.106915	0.106915	1.157541	-1.700440	-1.700440
R	-0.530515	-1.700440	-0.530515	-0.530515	-1.700440	0.106915	1.157541	-0.530515	-1.700440	-0.530515	-0.530515	-0.530515	0.106915	-1.700440
S	-0.530515	-1.700440	-0.530515	0.884523	0.884523	-0.530515	0.106915	0.884523	1.584963	0.106915	-0.530515	0.106915	0.547488	-1.700440
T	0.547488	-1.700440	-0.530515	0.106915	0.547488	1.157541	0.106915	-1.700440	-0.530515	0.547488	-0.530515	1.387023	1.387023	-1.700440
V	-1.700440	-0.530515	0.884523	-1.700440	-0.530515	0.547488	0.106915	0.106915	-0.530515	-1.700440	-0.530515	0.106915	1.584963	-1.700440
W	-1.700440	-1.700440	-1.700440	-1.700440	-1.700440	-1.700440	-1.700440	-1.700440	-1.700440	-1.700440	-1.700440	-1.700440	-1.700440	-1.700440
Y	1.157541	-1.700440	0.106915	-0.530515	-1.700440	-1.700440	-0.530515	-1.700440	-1.700440	-1.700440	-1.700440	-0.530515	-1.700440	0.106915
