A	-1.095286	1.853817	1.438256	-0.248637	1.057020	0.517691	0.867877	-4.182749
C	-4.820179	-5.990104	-4.820179	-4.820179	-3.742176	-4.820179	-4.820179	-5.990104
D	0.685853	-5.990104	1.596736	-0.317679	0.456979	-1.289664	-2.375394	-5.990104
E	-1.095286	-3.132123	-0.632552	0.987176	-0.427862	-0.317679	1.174803	-5.990104
F	1.395758	-3.742176	0.415037	-1.095286	-1.686323	-0.632552	-3.405141	-0.119739
G	-3.742176	-4.820179	0.867877	0.026704	1.509742	-1.881580	-1.157214	-5.990104
H	0.371840	-2.704702	-0.182749	-0.632552	-0.723317	1.110558	-0.723317	-5.990104
I	-0.089237	-2.902641	-0.001419	-0.150900	-0.589225	-0.182749	-0.282745	1.260194
K	-4.182749	-5.990104	-2.704702	0.477502	-2.235216	-0.589225	0.477502	-5.990104
L	1.884877	-4.820179	0.209568	0.958263	0.134017	0.517691	0.327309	3.564964
M	0.415037	-5.990104	-1.514371	-2.107461	-2.375394	-2.235216	-1.780651	0.898639
N	-1.435515	-5.990104	-0.632552	-0.506288	-1.157214	-0.317679	-1.686323	-5.990104
P	-0.820179	3.906985	0.436161	1.499744	0.836445	1.509742	-0.978877	-5.990104
Q	-2.107461	-3.742176	-1.780651	-0.317679	-0.282745	0.081358	0.081358	-5.990104
R	-2.107461	-5.990104	-2.530672	-0.632552	-1.686323	-0.547160	-0.723317	-5.990104
S	0.209568	-2.375394	0.026704	0.477502	1.459045	0.371840	1.236308	-5.990104
T	-0.317679	-2.902641	-0.119739	0.436161	0.804312	0.304517	1.260194	-3.742176
V	0.371840	-1.686323	0.281359	0.685853	0.867877	1.123638	1.722423	1.187316
W	-2.107461	-5.990104	-3.405141	-4.182749	-4.820179	-2.375394	-4.820179	-4.820179
Y	1.329568	-5.990104	0.233898	-1.514371	-3.742176	-0.390191	-2.235216	-1.435515
