A	-0.220716	2.128314	1.083665	0.490073	0.430717	0.711538	0.473753	1.407420	-1.876909
C	-5.336340	-6.431498	-3.268877	-6.276219	-4.936733	-4.367367	-3.990062	-3.528985	-5.415196
D	-0.355168	-5.261573	1.523624	1.044604	0.331564	0.641427	-1.050151	-2.161308	-9.890929
E	-0.183570	0.079896	0.216942	1.486824	0.567734	0.454476	0.260404	1.016713	-8.721004
F	1.200671	-2.161308	0.258818	-1.558893	-0.714756	-0.612480	-0.662712	-2.294739	0.788331
G	-2.816788	-2.462569	-1.575780	0.666774	0.560024	0.183881	-2.304089	-1.592867	-6.803466
H	0.886121	-0.229596	-0.677825	-0.984790	-0.407113	-0.541648	0.716170	-1.106294	-4.624143
I	-0.141060	-1.509386	0.532712	-1.336340	-0.034115	0.379074	0.113642	-0.468864	-0.028292
K	-1.261573	-5.890929	-2.054879	-0.174967	0.101301	-0.445397	-0.814782	0.178856	-6.803466
L	1.252613	-0.071548	0.691683	-0.047793	0.508883	0.320959	0.830597	0.226714	3.686883
M	0.213670	-3.032948	-0.781752	-2.571257	-2.222044	-2.195701	-1.897991	-2.351770	0.741384
N	-0.190056	-6.803466	-0.016716	-0.762290	-0.286376	-0.506145	-0.432523	-1.445914	-7.643002
P	-6.431498	3.229025	-1.762935	1.707007	0.741384	0.475120	1.115572	-1.336340	-3.792897
Q	-0.468864	-1.221158	-0.674790	-0.105886	-0.291016	-0.122331	0.228336	0.054515	-6.276219
R	-1.207935	-4.936733	-1.681476	-0.876211	-0.355168	-0.427405	-0.222931	-0.109979	-6.276219
S	0.916627	-1.212329	0.951421	0.909566	0.621811	0.909566	0.367342	1.461528	-6.605527
T	0.845473	-1.693713	-0.114085	-0.355168	0.283996	0.512882	0.507547	1.297351	-3.741182
V	0.011823	0.019339	0.710377	-0.804793	0.994958	1.028865	1.189055	1.308896	0.343589
W	-3.268877	-6.008286	-2.957239	-3.960192	-3.960192	-4.996111	-2.640631	-6.431498	-4.996111
Y	0.545782	-2.204429	-0.227371	-2.047008	-1.151993	-1.883902	-0.724138	-1.456301	-0.157914
