A	0.887186	0.123626	-0.127713	-0.371902	-0.031176	0.244256	-0.152892	0.059305	-0.008018	-2.843207
C	-6.302639	-5.132714	-3.444658	-6.302639	-4.495284	-4.495284	-5.132714	-4.054711	-6.302639	-6.302639
D	-3.444658	-4.495284	-0.702726	1.759407	0.862268	-0.666014	-1.826905	-1.826905	-2.419996	-6.302639
E	-1.910322	-1.183698	-2.093186	0.899485	0.355573	-0.371902	-0.561172	0.491777	0.674641	-6.302639
F	1.321243	-1.291412	1.485264	-0.666014	-0.561172	-0.702726	0.205156	-1.083470	-0.595280	2.538139
G	-0.630214	-3.017237	-2.302639	0.442195	1.383862	1.050508	0.811103	-1.469749	-0.054711	-5.132714
H	-0.127713	-0.595280	-1.132714	-1.602199	-0.204607	-0.313954	-0.432274	0.081065	-0.495284	-6.302639
I	-0.127713	-1.673282	0.491777	-1.132714	-0.561172	0.507933	0.971157	0.059305	-1.407821	-0.779077
K	0.716952	-2.302639	-0.527852	0.081065	0.037211	0.319413	-0.285831	-0.432274	0.507933	-6.302639
L	-0.595280	0.059305	0.263415	-0.595280	-0.152892	0.224838	0.730784	1.017033	0.784824	2.975811
M	-1.910322	-2.843207	-1.910322	-2.843207	-3.444658	-2.302639	-2.302639	-1.534455	-1.998858	-0.152892
N	-1.673282	-3.717676	-0.630214	-0.285831	-0.258245	-0.527852	-0.463435	0.144444	-0.595280	-6.302639
P	-6.302639	0.971157	0.102503	2.173095	1.759407	1.435453	1.156793	-0.258245	-2.547751	-6.302639
Q	-2.093186	0.959456	-2.093186	-0.463435	-0.342637	-0.127713	-0.204607	1.050508	0.491777	-6.302639
R	1.392589	2.916530	2.173095	-2.302639	-0.779077	-0.258245	0.164967	0.660257	0.507933	-6.302639
S	1.125721	-1.035852	-0.561172	0.616224	0.408168	0.674641	0.081065	0.555342	1.226792	-6.302639
T	-0.702726	-1.132714	-1.826905	-1.348443	-0.527852	0.144444	0.660257	0.555342	1.401265	-5.132714
V	0.373318	-0.561172	-0.258245	-1.673282	-0.031176	0.555342	0.771503	0.959456	0.355573	0.244256
W	-3.717676	-5.132714	-2.194114	-3.215176	-4.054711	-3.017237	-3.717676	-3.444658	-4.054711	-2.843207
Y	1.525498	1.216997	1.401265	-0.463435	-1.407821	-1.348443	-1.132714	-0.740396	0.164967	1.676072
