A	0.982653	-0.088901	0.728896	-2.164189	0.028456	0.237910	0.583045	0.332237	-0.088901	0.504190	-3.971544
C	-3.971544	-3.971544	-3.971544	-2.801619	-3.971544	-2.801619	-3.971544	-3.971544	-3.971544	-2.801619	-3.971544
D	-3.971544	-3.971544	-1.723616	1.700882	-1.113563	1.665081	-0.356834	-0.686141	-1.113563	-1.723616	-3.971544
E	-1.723616	-0.884081	-0.686141	-0.216656	0.237910	0.237910	-0.512112	-0.512112	-0.686141	0.136981	-3.971544
F	1.429336	-2.801619	1.898821	-0.216656	0.028456	-1.113563	-0.884081	-0.884081	-0.884081	-0.884081	2.203382
G	-0.884081	-3.971544	-2.164189	0.796641	0.728896	0.728896	0.504190	0.796641	-1.723616	-0.512112	-3.971544
H	-1.386581	-1.113563	-0.884081	-3.971544	-0.216656	-2.801619	-0.088901	-1.113563	-0.356834	-1.386581	-3.971544
I	-0.512112	-2.801619	0.923274	-1.386581	-0.088901	-0.088901	-0.088901	1.039684	0.796641	-1.723616	0.028456
K	0.237910	-1.723616	-0.884081	-0.686141	0.332237	-0.512112	0.583045	0.028456	0.657813	0.583045	-3.971544
L	-0.512112	-0.512112	0.982653	0.332237	-0.512112	0.504190	1.094546	-0.088901	1.386008	1.147398	3.075580
M	-3.971544	-2.801619	-1.723616	-2.164189	-3.971544	-2.164189	-2.164189	-2.801619	-0.884081	-2.801619	0.028456
N	-1.113563	-3.971544	-0.356834	-1.386581	-0.216656	-0.356834	0.332237	-0.884081	-0.216656	-0.686141	-3.971544
P	-3.971544	-0.356834	0.504190	1.665081	2.228129	1.665081	0.332237	1.147398	-0.216656	-2.801619	-3.971544
Q	-1.386581	0.028456	-1.386581	-0.686141	-1.113563	-0.512112	-0.686141	0.028456	1.198381	-0.088901	-3.971544
R	1.929323	3.477605	-1.386581	1.769923	-0.686141	-2.164189	0.136981	0.028456	0.237910	0.861346	-3.971544
S	1.341339	-1.113563	0.136981	0.136981	0.657813	0.728896	0.923274	1.247625	0.583045	0.923274	-3.971544
T	-0.686141	-1.723616	-0.884081	-0.884081	-0.686141	-0.686141	0.420774	0.028456	-1.386581	1.769923	-2.801619
V	-0.512112	-1.113563	-0.216656	-1.113563	0.136981	0.332237	0.332237	0.796641	1.198381	0.237910	-0.884081
W	-1.723616	-3.971544	-2.801619	-2.801619	-2.801619	-2.801619	-2.801619	-3.971544	-2.801619	-3.971544	-3.971544
Y	1.295243	1.094546	1.341339	-0.884081	-0.512112	-2.164189	-1.386581	-1.113563	-1.723616	0.237910	1.769923
