A	0.637430	-1.169925	-1.169925	0.000000	0.000000	0.637430	0.637430	0.637430	0.000000	-1.169925	-1.169925	-1.169925
C	-1.169925	-1.169925	-1.169925	-1.169925	-1.169925	-1.169925	-1.169925	-1.169925	-1.169925	-1.169925	-1.169925	-1.169925
D	-1.169925	-1.169925	-1.169925	2.289507	-1.169925	1.078003	0.637430	0.000000	0.637430	0.000000	0.000000	-1.169925
E	-1.169925	-1.169925	-1.169925	0.000000	0.000000	0.000000	0.637430	-1.169925	-1.169925	0.000000	1.078003	-1.169925
F	1.688056	-1.169925	1.415037	-1.169925	-1.169925	0.000000	0.000000	-1.169925	-1.169925	0.000000	0.000000	2.115477
G	0.000000	-1.169925	-1.169925	0.637430	1.415037	0.637430	-1.169925	1.688056	1.078003	0.000000	-1.169925	-1.169925
H	0.000000	-1.169925	-1.169925	-1.169925	0.637430	-1.169925	-1.169925	0.000000	0.000000	0.000000	0.000000	-1.169925
I	-1.169925	-1.169925	1.078003	-1.169925	0.637430	0.000000	-1.169925	-1.169925	0.000000	0.000000	-1.169925	-1.169925
K	-1.169925	-1.169925	1.688056	-1.169925	0.000000	0.000000	0.000000	-1.169925	-1.169925	0.000000	0.000000	-1.169925
L	0.000000	-1.169925	-1.169925	1.078003	0.000000	0.637430	0.000000	0.000000	-1.169925	0.000000	0.000000	2.289507
M	-1.169925	-1.169925	-1.169925	-1.169925	0.637430	-1.169925	-1.169925	-1.169925	0.000000	0.637430	-1.169925	0.637430
N	-1.169925	-1.169925	-1.169925	-1.169925	-1.169925	0.637430	-1.169925	0.000000	1.078003	0.000000	1.078003	-1.169925
P	-1.169925	-1.169925	0.000000	1.078003	-1.169925	0.637430	0.000000	1.078003	-1.169925	-1.169925	-1.169925	-1.169925
Q	-1.169925	-1.169925	0.000000	-1.169925	0.000000	-1.169925	-1.169925	-1.169925	0.000000	0.000000	0.637430	-1.169925
R	0.000000	3.222392	-1.169925	-1.169925	0.000000	0.000000	0.637430	0.637430	0.000000	0.637430	0.000000	-1.169925
S	-1.169925	0.000000	-1.169925	0.637430	1.415037	0.637430	1.688056	1.078003	0.637430	-1.169925	0.000000	-1.169925
T	0.637430	-1.169925	-1.169925	-1.169925	-1.169925	-1.169925	0.637430	-1.169925	1.078003	0.637430	0.000000	-1.169925
V	0.637430	-1.169925	0.000000	-1.169925	-1.169925	-1.169925	0.000000	-1.169925	-1.169925	1.078003	1.078003	-1.169925
W	-1.169925	-1.169925	-1.169925	-1.169925	-1.169925	-1.169925	-1.169925	-1.169925	-1.169925	-1.169925	-1.169925	-1.169925
Y	1.688056	1.078003	1.688056	-1.169925	-1.169925	-1.169925	-1.169925	0.000000	0.000000	0.000000	0.000000	1.078003
