A	-0.754888	0.415037	-0.754888	-0.754888	-0.754888	-0.754888	0.415037	0.415037	-0.754888	0.415037	-0.754888	-0.754888	-0.754888
C	-0.754888	-0.754888	-0.754888	-0.754888	-0.754888	-0.754888	-0.754888	-0.754888	-0.754888	-0.754888	-0.754888	-0.754888	-0.754888
D	-0.754888	-0.754888	0.415037	1.493040	-0.754888	0.415037	-0.754888	1.052467	1.052467	0.415037	-0.754888	-0.754888	-0.754888
E	-0.754888	-0.754888	-0.754888	-0.754888	-0.754888	-0.754888	0.415037	-0.754888	1.052467	0.415037	-0.754888	-0.754888	-0.754888
F	2.103093	-0.754888	1.830075	-0.754888	-0.754888	-0.754888	-0.754888	0.415037	-0.754888	-0.754888	-0.754888	0.415037	0.415037
G	-0.754888	0.415037	0.415037	0.415037	0.415037	-0.754888	-0.754888	0.415037	1.493040	-0.754888	-0.754888	0.415037	-0.754888
H	-0.754888	-0.754888	-0.754888	-0.754888	-0.754888	-0.754888	-0.754888	-0.754888	-0.754888	-0.754888	0.415037	0.415037	-0.754888
I	-0.754888	-0.754888	0.415037	-0.754888	-0.754888	0.415037	0.415037	-0.754888	-0.754888	0.415037	0.415037	-0.754888	-0.754888
K	-0.754888	-0.754888	-0.754888	-0.754888	0.415037	-0.754888	-0.754888	-0.754888	1.052467	0.415037	-0.754888	0.415037	-0.754888
L	-0.754888	-0.754888	0.415037	-0.754888	-0.754888	0.415037	0.415037	-0.754888	-0.754888	-0.754888	1.052467	1.052467	2.332575
M	-0.754888	-0.754888	-0.754888	-0.754888	0.415037	-0.754888	-0.754888	-0.754888	-0.754888	-0.754888	0.415037	-0.754888	0.415037
N	-0.754888	-0.754888	-0.754888	0.415037	-0.754888	-0.754888	-0.754888	1.052467	-0.754888	-0.754888	0.415037	-0.754888	-0.754888
P	-0.754888	-0.754888	0.415037	1.493040	1.493040	0.415037	0.415037	1.493040	1.052467	0.415037	-0.754888	-0.754888	-0.754888
Q	-0.754888	-0.754888	-0.754888	-0.754888	0.415037	-0.754888	0.415037	-0.754888	-0.754888	-0.754888	1.052467	1.052467	-0.754888
R	1.493040	2.704544	-0.754888	0.415037	0.415037	1.493040	-0.754888	-0.754888	-0.754888	1.052467	1.052467	-0.754888	-0.754888
S	-0.754888	-0.754888	-0.754888	1.052467	1.052467	1.052467	-0.754888	0.415037	-0.754888	0.415037	-0.754888	0.415037	-0.754888
T	-0.754888	-0.754888	-0.754888	-0.754888	0.415037	-0.754888	1.493040	-0.754888	-0.754888	-0.754888	-0.754888	0.415037	-0.754888
V	1.052467	0.415037	-0.754888	-0.754888	-0.754888	1.052467	0.415037	-0.754888	-0.754888	0.415037	0.415037	-0.754888	0.415037
W	-0.754888	-0.754888	-0.754888	-0.754888	-0.754888	-0.754888	-0.754888	-0.754888	-0.754888	0.415037	-0.754888	-0.754888	-0.754888
Y	0.415037	-0.754888	1.052467	-0.754888	-0.754888	-0.754888	0.415037	-0.754888	-0.754888	-0.754888	-0.754888	0.415037	1.052467
