A	-0.169925	-0.169925	-0.169925	-0.169925	-0.169925	-0.169925	-0.169925	-0.169925	-0.169925	-0.169925	-0.169925	-0.169925	-0.169925	-0.169925
C	-0.169925	-0.169925	-0.169925	-0.169925	-0.169925	-0.169925	-0.169925	-0.169925	-0.169925	-0.169925	-0.169925	-0.169925	-0.169925	-0.169925
D	-0.169925	-0.169925	-0.169925	-0.169925	1.000000	-0.169925	-0.169925	-0.169925	-0.169925	1.000000	-0.169925	-0.169925	-0.169925	-0.169925
E	-0.169925	-0.169925	-0.169925	1.637430	-0.169925	-0.169925	-0.169925	-0.169925	-0.169925	-0.169925	-0.169925	-0.169925	-0.169925	-0.169925
F	1.000000	-0.169925	-0.169925	-0.169925	-0.169925	1.000000	-0.169925	-0.169925	-0.169925	-0.169925	-0.169925	-0.169925	-0.169925	-0.169925
G	-0.169925	-0.169925	-0.169925	-0.169925	-0.169925	-0.169925	-0.169925	-0.169925	-0.169925	1.000000	-0.169925	-0.169925	-0.169925	-0.169925
H	-0.169925	-0.169925	-0.169925	-0.169925	-0.169925	-0.169925	-0.169925	-0.169925	-0.169925	-0.169925	-0.169925	-0.169925	1.000000	-0.169925
I	-0.169925	-0.169925	-0.169925	-0.169925	-0.169925	-0.169925	-0.169925	-0.169925	-0.169925	-0.169925	-0.169925	-0.169925	-0.169925	-0.169925
K	-0.169925	-0.169925	-0.169925	-0.169925	-0.169925	-0.169925	-0.169925	-0.169925	-0.169925	-0.169925	-0.169925	-0.169925	-0.169925	-0.169925
L	-0.169925	-0.169925	-0.169925	-0.169925	-0.169925	-0.169925	1.000000	-0.169925	1.000000	-0.169925	1.000000	-0.169925	1.000000	1.637430
M	-0.169925	-0.169925	-0.169925	-0.169925	-0.169925	-0.169925	-0.169925	-0.169925	-0.169925	-0.169925	-0.169925	-0.169925	-0.169925	-0.169925
N	-0.169925	-0.169925	-0.169925	-0.169925	-0.169925	-0.169925	-0.169925	1.000000	-0.169925	-0.169925	-0.169925	-0.169925	-0.169925	-0.169925
P	-0.169925	-0.169925	1.000000	-0.169925	-0.169925	1.000000	-0.169925	-0.169925	-0.169925	-0.169925	-0.169925	1.000000	-0.169925	-0.169925
Q	-0.169925	-0.169925	-0.169925	-0.169925	-0.169925	-0.169925	-0.169925	-0.169925	-0.169925	-0.169925	-0.169925	-0.169925	-0.169925	-0.169925
R	-0.169925	1.637430	-0.169925	-0.169925	-0.169925	-0.169925	-0.169925	1.000000	1.000000	-0.169925	-0.169925	-0.169925	-0.169925	-0.169925
S	1.000000	-0.169925	-0.169925	-0.169925	-0.169925	-0.169925	1.000000	-0.169925	-0.169925	-0.169925	-0.169925	-0.169925	-0.169925	-0.169925
T	-0.169925	-0.169925	-0.169925	-0.169925	-0.169925	-0.169925	-0.169925	-0.169925	-0.169925	-0.169925	1.000000	1.000000	-0.169925	-0.169925
V	-0.169925	-0.169925	-0.169925	-0.169925	1.000000	-0.169925	-0.169925	-0.169925	-0.169925	-0.169925	-0.169925	-0.169925	-0.169925	-0.169925
W	-0.169925	-0.169925	-0.169925	-0.169925	-0.169925	-0.169925	-0.169925	-0.169925	-0.169925	-0.169925	-0.169925	-0.169925	-0.169925	-0.169925
Y	-0.169925	-0.169925	1.000000	-0.169925	-0.169925	-0.169925	-0.169925	-0.169925	-0.169925	-0.169925	-0.169925	-0.169925	-0.169925	-0.169925
