A	-0.165059	1.423542	0.617095	-1.255257	0.375509	-0.308587	0.195688	-3.961526
C	-6.209453	-6.209453	-6.209453	-6.209453	-6.209453	-5.039528	-3.351472	-6.209453
D	-3.961526	-6.209453	0.152490	-0.278716	-3.351472	-2.326810	-3.961526	-6.209453
E	-1.905673	-4.402098	-1.143364	0.258152	-0.896570	-1.509014	1.176409	-6.209453
F	1.962974	-1.376563	1.280395	-1.039528	-0.137991	-0.537028	-0.572829	0.942831
G	-3.624491	-3.351472	0.864688	-0.249451	-0.220769	-2.594744	-1.905673	-6.209453
H	0.430792	0.466504	-0.137991	-0.165059	0.501353	0.955454	-0.725638	-4.402098
I	0.237630	-2.100929	-0.220769	0.278387	1.064342	0.085167	-0.851901	0.337441
K	-0.308587	-0.572829	1.110219	1.329705	0.584963	-0.278716	0.823970	-6.209453
L	-0.434666	-2.100929	-0.572829	0.552098	0.617095	1.052641	0.851243	3.436205
M	-1.090512	-2.924051	-1.314636	-3.351472	-2.750022	-2.209453	-2.209453	-0.942667
N	-0.896570	-2.454566	-0.434666	-1.198226	-1.817136	-0.808574	-0.766510	-6.209453
P	-5.039528	-1.580097	1.075949	2.100023	1.187151	0.430792	-4.402098	-6.209453
Q	-1.733720	0.992670	-0.851901	-0.370250	-0.808574	1.367975	0.584963	-6.209453
R	0.648528	3.030742	-1.090512	-0.059706	0.014548	1.680811	0.237630	-5.039528
S	0.535380	-0.165059	-0.402098	-0.434666	-0.059706	0.014548	0.917251	-6.209453
T	-0.249451	-0.609541	-0.990285	-0.192645	-0.034528	-0.165059	1.132621	-6.209453
V	0.130397	-1.255257	-0.467986	0.738914	1.610726	0.632897	1.110219	1.872696
W	-3.624491	-4.402098	-2.924051	-3.624491	-3.624491	-3.351472	-5.039528	-6.209453
Y	2.116976	0.501353	0.724237	-2.209453	-1.376563	-1.376563	-0.059706	0.601118
