A	0.800077	0.901432	1.097088	-0.119722	-0.004369	0.299643	-0.215856	0.457455	-0.919557
C	-5.864352	-6.454164	-3.686916	-6.779740	-4.835593	-4.678379	-4.305444	-4.009379	-4.933774
D	-2.282621	-5.682641	-0.014407	1.535266	-1.087754	-2.155003	-2.340369	-2.707395	-11.083521
E	-0.646809	-0.399868	-2.387423	1.654624	-0.249050	-0.682375	-0.053544	1.029896	-9.913596
F	0.644506	-1.528452	0.742134	-1.997385	0.022060	-0.066539	-0.600713	-0.876201	1.290907
G	-0.663824	-2.219335	-1.725969	0.684870	0.200436	-0.639024	-3.028238	-1.188324	-11.083521
H	-0.020294	0.103986	-0.143391	-1.224763	0.195364	-0.639024	0.553444	-0.211038	-4.908595
I	0.193912	-0.434265	0.664567	-1.734240	0.642910	1.377895	0.182973	-1.393523	1.188161
K	1.141461	-2.458725	0.726649	0.153390	1.005681	-0.543877	0.047211	1.003196	-4.985489
L	-0.329260	1.488646	0.455032	-0.695773	0.733163	1.114080	1.334398	0.633834	2.909152
M	-1.693352	-1.274155	-0.837077	-3.441469	-2.357303	-1.776320	-1.449164	-2.037761	-0.742280
N	-0.697119	-3.845116	0.157866	-0.257966	-0.398772	-1.103738	-0.324049	-0.456899	-11.083521
P	-5.964580	-1.431124	0.433656	1.797737	0.180775	0.888472	0.177840	-3.798119	-7.996058
Q	-0.694427	1.531246	-0.921130	-0.056997	-0.187188	-0.067409	0.949558	0.754009	-9.913596
R	1.086561	1.426316	-0.461469	-1.284239	0.540932	-0.663824	0.827965	0.541503	-3.583675
S	1.175707	0.038336	0.687969	0.634370	0.157121	0.231912	0.255772	1.240449	-7.468811
T	0.346147	0.067178	-0.441018	-0.416409	-0.090229	0.521959	0.315089	0.946974	-5.376162
V	0.380387	0.733163	0.013030	-1.404481	0.876300	1.543557	0.813379	0.368205	1.966710
W	-4.063930	-4.908595	-2.718292	-3.775182	-2.607787	-4.063930	-2.491064	-4.835593	-1.882622
Y	0.580926	0.829368	0.402560	-2.486399	-0.642911	-1.270140	-0.709296	-0.352414	1.162403
