A	1.660046	-2.502145	0.968220	0.165894	0.689745	0.495589	0.248937	0.175361	0.594167	-1.692206
C	-4.788302	-5.545031	-2.532647	-4.648125	-3.848423	-3.136225	-3.284071	-4.520369	-3.233087	-6.595657
D	-0.734127	-2.661545	0.266759	1.262768	0.472737	-0.287968	-0.725292	-0.566962	-1.072095	-7.233087
E	1.928465	4.137721	1.178189	1.661731	1.055395	0.437766	0.042003	0.639331	0.615188	-5.818050
F	-2.179010	-3.045460	0.235424	-1.454645	-0.716511	-1.006407	-0.249460	-1.641461	-0.844591	2.145087
G	-0.032325	-4.788302	-0.788302	0.503127	0.804002	0.405952	0.738457	-1.083340	0.141952	-5.315549
H	-1.027973	-2.730587	-0.760960	-1.225592	-0.995744	-1.060937	-0.648125	0.062554	-0.255807	-3.702572
I	-2.386204	-4.099231	1.203856	-0.863853	0.137116	0.381623	0.381623	-0.438671	-1.692206	-0.913164
K	0.976366	-5.545031	-1.397387	0.217208	0.175361	0.543894	1.235876	1.587447	1.330003	-3.090129
L	-1.762767	-3.045460	1.152056	0.226345	0.499363	1.240393	0.979072	0.521800	0.532890	1.941006
M	-1.675092	-4.788302	-0.528031	-2.228086	-2.532647	-2.019308	-1.727055	-1.744801	-2.278891	-2.203340
N	-0.797533	-5.818050	0.015895	-0.087862	-0.032325	-0.224347	-0.026887	0.010616	-0.475234	-6.155085
P	-4.943580	-2.253265	-1.250727	0.676473	0.587092	0.194109	-0.347730	-0.985160	-3.284071	-4.403012
Q	0.744829	-1.250727	-0.497625	0.348532	0.092843	0.170635	0.026395	0.932378	0.669791	-6.595657
R	0.770040	-5.818050	-2.414327	-0.110690	-0.535733	-0.037783	0.212618	0.840162	0.712682	-4.010695
S	1.029530	-2.063162	-0.163413	0.465039	0.554816	0.397888	0.184765	0.257875	0.979072	-6.155085
T	0.151577	-1.545031	-0.873581	-0.395985	-0.139743	0.170635	0.010616	0.026395	0.693044	-6.595657
V	-1.328871	-2.386204	0.849062	-0.631523	0.217208	0.702896	0.248937	0.480395	0.072721	-3.634828
W	-4.294488	-7.233087	-2.628225	-3.508194	-3.702572	-3.391785	-3.136225	-3.002133	-3.136225	1.941006
Y	-1.514269	-4.294488	-0.453185	-1.484149	-1.608596	-1.454645	-0.725292	-1.576464	-0.743016	2.666102
