A	1.880711	-2.479743	1.165700	0.169925	0.709175	0.619351	0.481693	0.773052	0.464599	0.642337	-2.772194
C	-4.389947	-7.247928	-2.772194	-5.000000	-3.788496	-3.493040	-2.772194	-3.788496	-3.788496	-3.788496	-7.247928
D	-0.800844	-2.944147	0.201221	1.301857	0.779978	0.580209	0.105219	-0.701033	-0.537121	-1.473140	-6.078003
E	1.499426	4.078783	0.786871	2.001186	1.089694	0.786871	0.611607	0.271709	0.438573	0.490165	-7.247928
F	-2.293731	-3.633218	0.572251	-1.473140	-1.347061	-1.575502	-1.317190	-0.908078	-1.203533	-1.203533	2.056424
G	-0.021515	-3.633218	-0.520007	0.438573	0.447301	0.911944	0.860597	1.021199	-0.908078	0.014167	-4.160465
H	-1.098180	-1.847048	-0.329064	-1.764112	-1.287926	-1.000000	-0.625876	-1.176465	-0.121223	-0.486376	-3.633218
I	-1.981141	-4.160465	1.128198	-0.389947	-0.329064	0.014167	0.201221	0.190864	-0.662965	-1.935045	-1.847048
K	0.694587	-5.440573	-0.842786	-0.389947	-0.554441	0.580209	0.779978	1.015342	1.548923	1.186701	-2.855610
L	-1.764112	-1.540568	0.936948	0.490165	0.701899	0.403124	0.807355	0.664962	0.320029	0.716413	1.680591
M	-2.479743	-3.962525	-0.760087	-2.353110	-2.353110	-3.139403	-2.479743	-1.890376	-1.611303	-1.724366	-1.804984
N	-0.554441	-5.440573	-0.256406	-0.405577	0.148677	-0.299560	0.037475	-0.083021	-0.095643	-0.537121	-7.247928
P	-4.662965	-1.575502	-1.098180	0.556204	0.936948	0.649918	0.060412	-0.256406	-1.847048	-4.160465	-5.000000
Q	0.786871	-1.575502	-0.228337	0.127112	0.060412	0.071745	-0.134185	0.281503	1.055853	0.580209	-6.078003
R	0.873606	-5.440573	-1.685685	-0.800844	-0.864223	-0.344046	-0.058103	0.105219	1.202253	0.860597	-4.662965
S	1.181479	-1.981141	-0.187232	0.271709	0.779978	0.840861	0.556204	0.531792	0.116207	1.027033	-5.440573
T	0.329501	-1.540568	-1.000000	-0.187232	0.271709	0.060412	0.127112	-0.160465	0.148677	0.807355	-6.078003
V	-0.486376	-1.575502	0.723616	-0.503094	-0.021515	0.159340	0.281503	0.611607	0.159340	0.403124	-3.633218
W	-3.788496	-5.440573	-1.981141	-3.788496	-3.365284	-5.440573	-3.788496	-2.944147	-2.693339	-3.247928	2.275634
Y	-1.847048	-2.415037	-0.405577	-1.048255	-1.473140	-1.724366	-1.317190	-1.724366	-1.231119	-0.537121	2.715691
