A	2.205340	-3.629357	1.341366	0.304755	0.634751	0.946993	0.661321	0.925232	0.762961	0.433653	0.494026	-3.629357
C	-5.436712	-5.436712	-3.188784	-5.436712	-4.266787	-3.188784	-4.266787	-3.188784	-3.188784	-3.188784	-2.851749	-5.436712
D	-1.227258	-4.266787	0.125531	1.860205	0.047104	0.787290	0.551973	0.047104	-0.217543	-0.736272	-1.044394	-5.436712
E	1.540568	4.174774	0.580097	1.389837	1.274095	1.051128	0.834751	0.494026	-0.035832	-0.482515	0.086850	-5.436712
F	-2.578731	-5.436712	0.738214	-0.668527	-1.822002	-2.349249	-2.349249	-1.132931	-1.044394	-0.882123	-0.370622	2.102447
G	-0.079160	-2.349249	-0.668527	0.762961	0.687410	0.903138	1.221500	1.373860	0.857909	-0.123829	0.338076	-5.436712
H	-1.822002	-4.266787	-0.123829	-1.436712	-1.977280	-0.482515	-0.668527	-1.044394	-1.132931	-0.370622	-0.668527	-4.266787
I	-2.851749	-3.188784	1.129342	-0.807355	-0.123829	-0.425484	-0.317770	0.338076	0.687410	-0.266787	-1.822002	-2.578731
K	0.738214	-5.436712	-0.603822	-0.541894	-0.960978	-0.123829	0.811216	0.834751	1.030894	1.452032	0.903138	-3.188784
L	-1.977280	-2.349249	0.811216	0.006232	1.274095	0.433653	0.086850	0.199913	0.464155	0.580097	1.051128	1.010372
M	-1.328187	-4.266787	-0.668527	-2.349249	-2.151309	-2.578731	-2.851749	-2.349249	-2.851749	-2.151309	-1.044394	-2.349249
N	-1.132931	-3.629357	-0.668527	-0.266787	-0.882123	0.006232	-0.123829	-0.035832	-0.266787	0.006232	-0.603822	-5.436712
P	-5.436712	-2.851749	-1.554068	0.661321	1.090765	-0.123829	0.607683	-0.370622	-0.425484	-0.882123	-3.629357	-5.436712
Q	0.713036	-2.578731	-0.266787	0.235714	-0.169925	0.370643	-0.079160	0.006232	0.086850	0.857909	0.464155	-5.436712
R	0.607683	-4.266787	-1.044394	-0.668527	-1.822002	-0.123829	-0.425484	-0.425484	0.047104	1.071083	0.738214	-5.436712
S	1.308122	-1.977280	-0.317770	0.634751	0.925232	0.811216	0.811216	0.713036	0.968430	0.580097	1.436733	-5.436712
T	0.304755	-1.822002	-1.436712	-0.960978	-0.123829	0.006232	0.199913	0.125531	0.270648	-0.217543	0.433653	-5.436712
V	-0.882123	-3.188784	1.051128	-0.603822	0.580097	-0.079160	-0.123829	0.163201	0.370643	0.464155	-0.035832	-4.266787
W	-4.266787	-5.436712	-1.554068	-5.436712	-2.578731	-3.629357	-4.266787	-4.266787	-3.629357	-3.629357	-2.851749	2.671813
Y	-2.151309	-5.436712	-1.132931	-1.436712	-1.328187	-1.822002	-2.349249	-2.151309	-2.151309	-1.227258	-0.807355	2.684822
