A	2.272526	-1.850857	0.734106	0.450313	0.896377	0.224432	0.551242	0.224432	0.817522	1.353016	0.450313	0.971145	-3.658211
C	-3.658211	-3.658211	-3.658211	-3.658211	-1.850857	-2.488286	-3.658211	-1.410284	-3.658211	-1.850857	-2.488286	-2.488286	-3.658211
D	-1.073249	-2.488286	0.341789	1.353016	0.341789	0.450313	0.645569	0.096676	0.450313	-0.800230	-0.372809	-2.488286	-3.658211
E	1.511714	4.010674	0.817522	1.236606	0.341789	1.742668	0.896377	0.551242	1.295985	0.096676	-0.800230	0.450313	-3.658211
F	-1.850857	-1.073249	0.896377	-1.850857	-1.073249	-1.410284	-1.410284	-3.658211	-2.488286	-0.800230	-0.570749	-1.850857	1.460730
G	-0.570749	-3.658211	-1.073249	0.734106	1.042228	-0.043502	0.896377	0.896377	1.511714	1.174679	-0.043502	0.096676	-3.658211
H	-2.488286	-3.658211	-0.570749	-2.488286	-2.488286	-1.073249	-1.850857	-1.073249	-0.800230	-0.800230	-0.372809	-0.800230	-3.658211
I	-2.488286	-3.658211	1.460730	-0.043502	0.734106	-1.073249	0.341789	-0.043502	-0.800230	-0.198780	-0.570749	-1.073249	-3.658211
K	0.341789	-2.488286	-1.410284	-0.198780	-2.488286	-0.372809	0.341789	0.896377	0.734106	0.341789	1.236606	0.645569	-3.658211
L	-1.410284	-1.073249	0.817522	0.450313	0.450313	0.224432	0.645569	-0.372809	-0.800230	0.896377	0.734106	1.109973	-0.198780
M	-2.488286	-3.658211	0.341789	-1.410284	-2.488286	-2.488286	-1.850857	-3.658211	-2.488286	-1.850857	-2.488286	-1.410284	-1.850857
N	0.341789	-3.658211	0.224432	-0.372809	-0.198780	0.096676	-0.043502	0.224432	-0.800230	-0.800230	0.341789	0.341789	-3.658211
P	-3.658211	-3.658211	-1.073249	0.971145	1.236606	0.096676	-0.198780	1.174679	-0.800230	-0.043502	-1.073249	-3.658211	-3.658211
Q	0.450313	-3.658211	-1.073249	0.645569	-0.372809	0.450313	0.551242	0.224432	-0.043502	-0.198780	1.109973	0.896377	-3.658211
R	0.971145	-1.850857	-3.658211	-0.800230	-1.410284	0.096676	-1.410284	-1.410284	0.341789	0.224432	1.460730	0.645569	-3.658211
S	1.236606	-1.073249	-0.570749	0.450313	1.042228	0.971145	0.551242	1.109973	1.109973	0.450313	-0.800230	1.174679	-3.658211
T	-0.198780	-1.073249	-1.850857	-0.570749	0.645569	0.341789	0.224432	0.096676	-0.043502	0.551242	0.096676	0.224432	-3.658211
V	-1.073249	-2.488286	0.645569	-1.410284	-0.198780	0.341789	0.450313	0.450313	0.096676	0.096676	-0.198780	-0.198780	-3.658211
W	-3.658211	-3.658211	-1.073249	-2.488286	-3.658211	-3.658211	-2.488286	-3.658211	-3.658211	-2.488286	-3.658211	-1.850857	2.541461
Y	-2.488286	-2.488286	-0.198780	-1.073249	-1.850857	-1.410284	-1.850857	-2.488286	-3.658211	-2.488286	-0.800230	-1.073249	3.184139
