A	0.761413	-1.746996	0.659629	0.130520	1.551253	0.302473	0.751552	-3.670760
C	-4.950868	-6.758223	-6.758223	-4.510296	-5.588298	-6.758223	-4.173261	-6.758223
D	1.426652	-0.230746	-0.827486	-1.158310	-3.298792	-1.315280	-1.400671	-6.758223
E	1.972247	4.139055	0.036193	1.077827	-2.203634	0.605911	0.945680	-5.588298
F	-1.990039	-6.758223	0.874772	-0.270383	0.649045	-0.396279	-2.203634	2.402279
G	-1.016756	-4.950868	0.068325	-0.510296	1.109056	-2.649699	-0.047417	-6.758223
H	-0.154597	-2.454442	-0.030303	-1.050864	-1.746996	0.883828	0.003328	-3.472821
I	-0.827486	-3.472821	0.954304	0.874772	0.996664	-0.136171	-0.950868	-0.331958
K	-1.050864	-4.950868	-0.211329	0.605911	0.261368	0.874772	1.607006	-3.670760
L	-0.331958	-3.143513	1.053954	1.469393	0.288901	0.247401	0.419196	1.767298
M	-0.887858	-5.588298	-0.686761	-2.128867	-2.548770	-2.454442	-1.692134	-0.608476
N	0.515572	-3.472821	-0.270383	-1.400671	-1.588298	-0.440811	-0.950868	-5.588298
P	-4.950868	-4.950868	-1.990039	0.865658	-1.016756	-0.047417	-2.758223	-6.758223
Q	-0.634102	-2.128867	-0.440811	-0.013389	-0.983436	0.538693	0.204673	-6.758223
R	-1.491437	-4.950868	-0.634102	-0.534222	-1.639282	0.856487	0.492075	-5.588298
S	1.132041	-3.472821	-0.211329	-0.331958	0.538693	0.175467	0.480182	-6.758223
T	0.605911	-3.670760	-0.230746	0.068325	0.431601	0.355519	0.800197	-4.950868
V	-0.192169	-2.875580	1.004989	0.847256	1.805926	0.649045	0.865658	-1.315280
W	-4.950868	-6.758223	-1.692134	-4.950868	-4.950868	-1.746996	-5.588298	1.323926
Y	-0.857356	-4.510296	-0.047417	-1.400671	-2.875580	-0.486760	-1.491437	2.712944
