A	1.636933	-0.504446	1.125684	0.385776	0.209334	0.469474	0.004190	0.600808	-0.631879
C	-5.479115	-7.975541	-3.124684	-5.307162	-4.146271	-4.612971	-4.075537	-3.399192	-7.197933
D	-0.092898	-1.228307	0.485646	1.118160	-0.481400	-1.322440	-1.395956	-1.502125	-9.782896
E	1.424576	3.877044	-0.134988	1.527575	0.276787	-0.220653	0.398256	0.627555	-8.612971
F	-2.168186	-3.275101	0.457597	-1.262277	-0.153084	-0.211143	-0.850681	-1.158100	2.052661
G	0.054338	-5.674371	-0.387362	0.594043	0.270012	-0.071229	-2.196056	-0.126024	-7.975541
H	-0.873003	-0.663955	-0.470013	-1.467746	-0.475695	-0.612971	0.370023	-0.215890	-2.669154
I	-1.598021	-3.658775	0.849418	-0.395417	0.599458	0.714956	0.136712	-1.228307	0.129245
K	0.624903	-5.153539	-0.591220	0.216400	0.485646	0.897464	1.326772	1.246219	-2.791374
L	-1.218746	-1.885050	0.652514	0.365263	1.056505	0.691064	1.211281	0.632846	2.063476
M	-1.434168	-3.658775	-0.726936	-2.149901	-2.214940	-2.205467	-1.768875	-1.915617	-1.190439
N	-0.557688	-3.738502	0.505970	-0.337364	-0.548677	-0.693445	-0.647828	-0.670456	-6.323464
P	-5.390578	-1.322440	-1.818555	1.189007	0.233912	0.401360	-0.180661	-2.669154	-2.214940
Q	0.472428	0.100893	-0.319371	0.038480	-0.090716	0.160718	0.703688	0.566662	-4.182983
R	0.346065	-3.465483	-1.654902	-0.566756	0.022445	0.285211	0.636801	0.669345	-4.008109
S	1.503951	-2.214940	0.636801	0.352493	0.398256	0.323340	-0.001946	1.136899	-5.390578
T	0.475376	-1.312237	-0.141747	-0.519040	0.357295	0.371606	0.064161	0.781968	-4.470013
V	-0.572833	-0.918710	0.626230	-0.230227	0.860735	1.078966	0.622246	0.410630	-1.302106
W	-4.888078	-6.924915	-2.214940	-3.882029	-2.940546	-3.236001	-2.695433	-4.563727	1.342195
Y	-1.082456	-2.580772	-0.237449	-2.168186	-1.104296	-1.082456	-0.953966	-0.990106	2.541777
