A	0.497906	-2.351472	0.779231	0.497906	-0.509014	-0.039528	-0.441269	0.565334	-0.198226	-5.209453
C	-5.209453	-5.209453	-5.209453	-4.039528	-5.209453	-5.209453	-4.039528	-3.402098	-5.209453	-5.209453
D	-5.209453	-5.209453	-4.039528	1.258152	-0.314636	-1.100929	-1.209453	-3.402098	-2.624491	-5.209453
E	-5.209453	-5.209453	-2.961526	1.648528	0.390459	0.462972	-0.376563	-0.580097	0.148099	-5.209453
F	-5.209453	-5.209453	1.085167	-1.209453	-0.143364	-0.255257	0.721284	-0.143364	0.191426	-4.039528
G	-1.750022	-4.039528	-2.121991	0.057333	1.601118	0.807355	1.062010	-3.402098	0.352789	-5.209453
H	-1.594744	-5.209453	-0.817136	-0.817136	-0.441269	-0.441269	-1.100929	-0.441269	-0.376563	-3.402098
I	-1.454566	1.038474	-0.143364	-1.594744	0.691413	0.352789	0.314109	1.318024	-2.351472	-4.039528
K	2.414428	-4.039528	1.412598	0.148099	-0.090512	0.721284	0.462972	-0.441269	-0.198226	-0.255257
L	-1.594744	2.852593	0.888579	-0.441269	0.721284	0.532014	0.565334	0.274362	1.930098	-1.594744
M	-2.961526	-0.143364	-0.314636	-3.402098	-2.351472	-2.961526	-1.594744	-2.121991	-0.905673	-4.039528
N	-5.209453	-5.209453	0.233490	0.103430	-1.100929	-0.255257	0.057333	-0.441269	-0.090512	-5.209453
P	-5.209453	-5.209453	-2.624491	1.298341	0.750549	0.691413	1.107959	0.057333	0.191426	-4.039528
Q	-0.733720	0.750549	1.174251	0.352789	-1.100929	-0.090512	-0.198226	-0.198226	0.565334	-5.209453
R	3.122583	-5.209453	1.130397	-1.000000	0.532014	0.314109	1.107959	0.965472	0.314109	4.180716
S	0.103430	-0.441269	-0.733720	0.532014	0.103430	0.233490	-0.314636	0.009715	-0.314636	-5.209453
T	-0.580097	1.632897	-1.750022	-0.090512	-1.209453	-0.143364	-0.817136	0.629750	-0.090512	-5.209453
V	-1.000000	1.878009	-1.454566	-0.654865	0.462972	0.721284	-0.198226	1.796171	-0.255257	-5.209453
W	-5.209453	-5.209453	-1.100929	-3.402098	-1.209453	-1.209453	-2.351472	-1.326810	-3.402098	-4.039528
Y	-4.039528	-4.039528	0.497906	-1.924051	-0.509014	-0.905673	-0.509014	-2.121991	0.807355	-5.209453
