A	0.453755	-2.200250	0.419647	0.312200	0.700972	0.643025	0.487075	0.643025	0.643025	0.453755	-5.287712
C	-4.117787	-5.287712	-3.480357	-5.287712	-5.287712	-4.117787	-5.287712	-4.117787	-4.117787	-5.287712	-5.287712
D	-5.287712	-5.287712	-5.287712	1.675184	-0.333516	0.487075	0.196103	-0.811979	-2.429731	-2.702750	-5.287712
E	-5.287712	-5.287712	-2.702750	1.585732	0.643025	0.836409	0.862035	0.155231	-2.200250	0.196103	-5.287712
F	-5.287712	-5.287712	1.278342	-1.532825	-0.733124	-1.405069	-1.405069	-0.117787	0.836409	-0.117787	-4.117787
G	-0.895395	-4.117787	-3.039785	0.348912	0.783750	0.729096	0.983751	0.756682	-2.702750	-0.519528	-5.287712
H	-1.673003	-5.287712	-2.429731	-2.002310	-0.519528	-1.287712	-1.673003	-1.532825	-0.454822	-1.673003	-4.117787
I	-1.532825	0.729096	0.613154	-1.673003	-0.068544	-0.519528	-0.733124	0.783750	0.862035	-1.078259	-5.287712
K	2.602552	-5.287712	1.473839	-0.333516	0.384713	0.274530	0.756682	0.487075	-0.587273	0.274530	-0.068544
L	-2.429731	2.903347	1.473839	-0.895395	0.613154	0.274530	0.911960	0.783750	0.936289	1.914411	-2.702750
M	-2.429731	-0.020926	0.069840	-2.200250	-1.673003	-1.673003	-1.287712	-1.828281	-0.333516	-1.287712	-5.287712
N	-4.117787	-5.287712	-0.117787	-0.221623	-0.658356	0.196103	-1.179188	-0.068544	-1.532825	-0.519528	-5.287712
P	-5.287712	-5.287712	-2.429731	1.457121	0.960215	0.312200	0.025171	-0.221623	-1.828281	0.025171	-5.287712
Q	-2.002310	0.613154	0.672290	0.235850	-0.168771	-0.658356	-0.454822	-0.168771	-0.587273	0.960215	-5.287712
R	3.049910	-5.287712	1.117429	-0.658356	0.487075	0.155231	-0.333516	0.960215	1.200128	0.348912	4.198620
S	0.551491	-1.078259	-1.287712	0.613154	0.274530	1.095992	1.220082	0.519643	0.312200	0.348912	-5.287712
T	-2.002310	1.786429	-2.702750	-0.117787	-0.276485	0.155231	0.069840	-0.733124	0.348912	-0.117787	-5.287712
V	-1.078259	1.950692	-0.658356	-1.179188	-0.276485	0.155231	0.487075	0.551491	1.585732	0.274530	-5.287712
W	-5.287712	-5.287712	-0.658356	-2.702750	-0.454822	-2.702750	-2.200250	-3.480357	-0.811979	-4.117787	-5.287712
Y	-5.287712	-5.287712	-0.276485	-1.532825	-1.287712	-0.587273	-1.405069	-1.405069	-1.179188	0.155231	-4.117787
