A	-0.584963	-3.169925	0.289507	-0.584963	0.115477	0.115477	1.133856	0.444785	1.039528	0.115477	0.584963	-3.169925
C	-3.169925	-3.169925	-3.169925	-3.169925	-3.169925	-3.169925	-3.169925	-3.169925	-3.169925	-3.169925	-3.169925	-3.169925
D	-3.169925	-3.169925	-1.362570	2.392317	-0.082462	0.712718	0.289507	-0.921997	-1.362570	-3.169925	-3.169925	-3.169925
E	-3.169925	-3.169925	-3.169925	0.712718	0.289507	1.039528	-0.584963	0.289507	0.830075	-3.169925	1.222392	-3.169925
F	-3.169925	-3.169925	2.096862	-0.584963	-0.311944	-0.311944	-2.000000	-2.000000	-0.082462	-0.082462	-0.584963	-3.169925
G	-2.000000	-3.169925	-0.921997	0.938599	0.938599	0.289507	1.384664	0.444785	-0.082462	-3.169925	0.444785	-3.169925
H	-3.169925	-3.169925	-2.000000	-2.000000	-0.082462	-2.000000	-0.921997	-0.921997	-2.000000	-0.584963	-2.000000	-3.169925
I	-1.362570	1.133856	0.584963	-1.362570	0.289507	-0.082462	0.444785	0.289507	0.115477	1.530515	-2.000000	-3.169925
K	2.537434	-3.169925	0.938599	-2.000000	-0.584963	0.115477	0.115477	0.712718	0.712718	-0.311944	0.584963	-0.584963
L	-3.169925	2.571542	1.222392	-1.362570	0.289507	0.938599	0.115477	-0.311944	0.938599	0.289507	1.598259	-2.000000
M	-3.169925	0.115477	-0.584963	-2.000000	-0.584963	-2.000000	-3.169925	-3.169925	-1.362570	-0.921997	-0.584963	-3.169925
N	-3.169925	-3.169925	-0.584963	0.115477	-0.311944	-0.584963	0.115477	-1.362570	-0.921997	-1.362570	-0.584963	-3.169925
P	-3.169925	-3.169925	-2.000000	1.384664	0.115477	-1.362570	-0.311944	0.444785	0.830075	-2.000000	-0.584963	-3.169925
Q	-0.311944	-0.082462	-0.082462	-0.311944	-0.921997	0.444785	0.289507	1.133856	-0.584963	-0.921997	-0.082462	-3.169925
R	3.147488	-3.169925	0.584963	-3.169925	1.222392	-0.311944	-0.921997	1.133856	0.584963	1.949016	-0.082462	4.103871
S	-0.311944	-0.584963	-2.000000	0.712718	-0.082462	0.830075	0.444785	0.938599	0.115477	0.289507	-0.311944	-3.169925
T	-2.000000	1.598259	-2.000000	0.289507	-0.082462	0.712718	0.444785	0.289507	0.115477	0.830075	0.444785	-3.169925
V	-0.082462	2.230954	-1.362570	-3.169925	0.289507	0.115477	0.938599	-0.921997	0.289507	1.222392	0.115477	-3.169925
W	-3.169925	-3.169925	0.830075	-1.362570	-0.584963	-2.000000	-1.362570	-2.000000	-1.362570	-0.921997	-3.169925	-3.169925
Y	-3.169925	-3.169925	-0.584963	-2.000000	-0.584963	-0.584963	-3.169925	-0.311944	-2.000000	-0.921997	0.712718	-3.169925
