A	-0.127112	-2.375039	0.209923	0.482942	0.910363	0.482942	0.209923	1.239670	0.910363	1.239670	-1.205114	-0.127112	-2.375039
C	-2.375039	-2.375039	-2.375039	-2.375039	-2.375039	-2.375039	-2.375039	-2.375039	-2.375039	-2.375039	-2.375039	-2.375039	-2.375039
D	-2.375039	-2.375039	-2.375039	1.928741	0.482942	0.712423	0.910363	-0.567685	-0.127112	-0.127112	-2.375039	-2.375039	-2.375039
E	-2.375039	-2.375039	-1.205114	1.507604	0.209923	1.624961	0.482942	-0.567685	0.910363	0.209923	-2.375039	-1.205114	-2.375039
F	-2.375039	-2.375039	1.834414	-0.567685	-1.205114	-1.205114	-0.127112	-1.205114	-1.205114	-0.567685	0.910363	-0.127112	-2.375039
G	-1.205114	-2.375039	-2.375039	0.482942	0.209923	0.910363	-0.567685	0.910363	0.209923	0.910363	-1.205114	-2.375039	-2.375039
H	-2.375039	-2.375039	-2.375039	-1.205114	-0.567685	0.209923	-1.205114	-2.375039	-0.127112	-1.205114	0.482942	-1.205114	-2.375039
I	-2.375039	0.712423	0.482942	-2.375039	0.712423	-0.567685	-0.567685	-1.205114	-0.567685	0.209923	1.834414	-1.205114	-2.375039
K	2.743902	-2.375039	0.712423	-2.375039	-0.127112	-1.205114	-0.127112	0.209923	1.084392	0.712423	-0.567685	-0.567685	-1.205114
L	-2.375039	2.794886	1.624961	-0.567685	-0.127112	-1.205114	1.834414	-0.567685	0.209923	0.910363	1.239670	2.179549	-2.375039
M	-2.375039	0.482942	0.482942	-1.205114	-0.127112	-2.375039	-0.567685	-2.375039	-0.567685	-0.567685	-0.127112	-0.567685	-2.375039
N	-2.375039	-2.375039	-1.205114	-1.205114	-2.375039	0.209923	-0.127112	-1.205114	-0.127112	-2.375039	-2.375039	-0.127112	-2.375039
P	-2.375039	-2.375039	-2.375039	1.624961	0.712423	-1.205114	-1.205114	0.209923	-1.205114	0.209923	-2.375039	-1.205114	-2.375039
Q	-2.375039	-1.205114	0.910363	-2.375039	-0.127112	0.209923	0.482942	1.084392	-0.127112	-0.567685	-1.205114	1.379848	-2.375039
R	3.148523	-2.375039	-0.567685	-2.375039	0.482942	0.209923	-2.375039	1.239670	-0.127112	-1.205114	1.379848	-0.127112	3.986904
S	-2.375039	-0.127112	-1.205114	0.482942	-0.567685	0.482942	0.482942	0.712423	0.910363	-0.127112	-0.567685	-0.127112	-2.375039
T	-2.375039	1.834414	-2.375039	0.209923	0.482942	0.482942	0.482942	-0.127112	0.209923	0.482942	-0.127112	0.712423	-2.375039
V	-2.375039	1.379848	0.209923	-0.127112	-1.205114	0.209923	-0.127112	1.084392	0.209923	0.482942	0.712423	0.712423	-2.375039
W	-2.375039	-2.375039	-1.205114	-2.375039	-0.567685	-2.375039	-1.205114	-2.375039	-2.375039	-2.375039	-2.375039	-2.375039	-2.375039
Y	-2.375039	-2.375039	0.209923	-2.375039	0.482942	-1.205114	-1.205114	-2.375039	-1.205114	-0.567685	-0.127112	0.209923	-1.205114
