A	1.272324	-1.857422	0.307090	0.411678	-0.288761	0.113928	0.917143	0.213739	-6.333155
C	-5.163230	-6.333155	-5.163230	-6.333155	-4.085228	-4.085228	-4.525800	-5.163230	-6.333155
D	-6.333155	-6.333155	-3.047753	0.658366	-1.163230	-2.578268	-2.718446	-3.475174	-6.333155
E	-4.525800	-6.333155	-3.475174	1.084697	-0.660730	-0.932276	-0.975603	0.377651	-6.333155
F	-6.333155	-5.163230	1.353345	-1.066369	0.555588	0.006695	0.754307	-0.462791	-5.163230
G	-0.809593	-5.163230	-1.020272	0.856669	0.394765	-0.890212	-2.578268	-0.038535	-6.333155
H	-0.770913	-6.333155	-0.932276	-1.438338	-0.525800	-1.163230	-0.085228	-0.932276	-2.873724
I	-0.462791	1.115993	-0.373153	-0.890212	0.644125	1.494981	0.940640	-1.778566	-6.333155
K	2.157696	-6.333155	0.997762	0.154685	0.928939	-0.209034	-0.849340	0.477416	-0.344471
L	-1.214214	2.782539	0.377651	0.251807	0.615212	1.253684	0.028788	1.616671	-4.085228
M	-1.857422	-0.061692	-0.462791	-3.245693	-2.123702	-2.029375	-1.778566	-1.857422	-6.333155
N	-6.333155	-5.163230	1.063449	-0.261693	-0.696531	-0.733243	-1.020272	0.555588	-6.333155
P	-6.333155	-6.333155	-4.085228	1.234801	0.819129	0.806396	-0.158230	0.360332	-6.333155
Q	-0.558368	0.893257	0.629741	0.232899	-0.733243	-0.432289	-0.133483	0.780587	-6.333155
R	2.595363	-6.333155	1.095205	-0.849340	0.194322	-0.085228	0.006695	-0.209034	4.228133
S	0.940640	0.232899	0.325056	1.136486	0.134450	-0.085228	0.251807	0.524826	-6.333155
T	-0.733243	1.680865	-1.703799	-0.235123	-0.432289	0.629741	0.477416	0.394765	-6.333155
V	0.113928	1.715332	-1.438338	-0.235123	0.893257	1.308896	1.680865	0.093109	-4.085228
W	-6.333155	-6.333155	-0.462791	-2.718446	-0.373153	-2.224631	-0.733243	-3.748193	-6.333155
Y	-3.748193	-6.333155	0.740986	-1.378959	-0.432289	-0.625796	0.174639	-0.085228	-5.163230
