A	-0.374561 1.538757 1.932084 -1.077985 0.530281 1.866924 -1.869217 0.705817 1.834380
C	-7.404820 -7.404820 -7.403510 -7.385576 -7.404781 -3.947355 -7.404326 -7.404820 -7.404571
D	2.351238 -0.456892 0.357043 -3.673095 -0.964624 -1.979043 -1.988241 0.387146 -1.610486
E	1.879031 0.078938 -1.708943 -3.894421 0.168239 -1.951719 -1.398665 0.704208 -0.045411
F	-0.020727 -1.652366 -0.061604 3.129046 -3.802181 -3.130396 -2.351952 -0.761311 -2.045729
G	-2.958214 0.880407 1.994268 -3.035288 -0.444553 -2.386299 -2.989114 0.034559 1.382025
H	-7.404551 -0.774039 -0.603634 -2.612032 -0.681164 -7.378366 2.207824 -0.793067 -1.495199
I	0.547325 -0.782159 -0.549895 -0.981503 -0.170547 0.762633 -2.028828 0.080254 0.334584
K	-2.912566 0.860504 -2.851915 -3.328365 1.337015 -5.080259 0.649248 0.436394 -1.628082
L	0.271261 0.173179 -0.688218 -0.794738 0.988956 -0.022039 -2.588287 0.311157 0.837215
M	-2.809590 -1.754714 -2.417753 -0.778249 -2.255749 -1.707982 -3.957315 -2.930752 -1.656363
N	-1.991714 0.222552 -0.696686 -2.323487 0.011129 -3.644903 0.149712 -0.071861 -2.224965
P	0.244914 -3.930011 -0.579810 -7.402983 -0.082857 2.176942 -7.359603 1.130918 -0.694004
Q	-1.184202 -0.416030 -0.693831 -7.361044 -0.160798 -2.924752 -0.192612 -0.308509 -0.136090
R	-1.982699 1.159435 -0.694331 -7.225137 0.935777 -7.370940 3.233057 0.275133 -0.822712
S	-2.109259 0.755944 0.634835 -2.123648 0.321367 0.030209 -1.395951 0.507992 1.705306
T	-1.634778 0.265883 -0.047300 -3.814490 0.566509 0.740910 -2.952713 -0.406633 -0.508100
V	0.782632 0.430529 -0.312993 -1.041239 0.982535 2.319456 -2.950911 0.121665 0.723258
W	-0.292069 -3.944393 -1.628448 1.959740 -2.952034 -5.847891 -7.386358 -1.727934 -3.879395
Y	0.211040 -2.186695 0.251459 1.879784 -1.837903 -7.352493 -3.924278 -0.459794 -2.003501
