A	0.518114	-1.392564	-0.109417	-0.351778	0.212936	0.088795	0.079505	0.070155	0.661980	-5.709330
C	-6.346760	-4.931722	-4.429222	-5.268757	-4.931722	-4.231283	-4.658704	-5.268757	-3.408160	-7.516685
D	-3.212904	-2.887328	0.854002	1.804679	0.843065	-0.208346	-0.706113	-1.292683	-2.346760	-6.346760
E	-1.418653	-1.049079	-1.615818	0.875632	0.476253	-0.314561	-0.539405	0.381161	0.469157	-7.516685
F	0.959048	0.311452	0.704902	-1.199272	-1.069602	-0.989208	-0.266387	-0.706113	-0.722269	2.905643
G	-1.199272	-3.307232	-2.115806	-0.006910	1.255630	1.003934	0.843065	-0.931722	-0.643241	-6.346760
H	0.143311	1.018590	-0.469561	-1.132981	-0.568318	-0.553789	-0.174610	0.311452	-0.539405	-4.231283
I	0.060744	-1.528000	0.454859	-1.222064	-0.788764	0.012746	0.169816	0.143311	-1.245222	-2.962096
K	0.611309	-3.307232	-1.028845	-0.290273	-0.185768	0.287446	0.032137	-1.366938	0.403668	-6.346760
L	-0.208346	0.440417	0.617741	-0.706113	-0.208346	0.558794	0.775637	1.094340	0.440417	2.604201
M	-1.445223	-1.809326	-1.090420	-3.516685	-2.748501	-2.115806	-1.709330	-1.366938	-2.450596	-0.429222
N	-0.627942	-4.231283	-0.483262	-0.057253	-0.067536	-0.197013	-0.016839	0.098025	-0.805879	-7.516685
P	-4.658704	1.359064	0.311452	2.320549	1.793360	1.444765	1.071093	-0.026837	-1.916772	-7.516685
Q	-1.049079	-0.057253	-1.222064	-0.442543	-0.208346	0.002951	-0.185768	0.769873	0.221407	-7.516685
R	1.139740	1.653240	1.589224	-1.418653	-0.674335	-0.351778	-0.006910	-0.163538	0.195842	-4.931722
S	1.071093	-1.615818	-0.266387	0.396204	0.552093	0.643186	0.604849	0.490342	1.501515	-5.709330
T	0.178543	-1.341759	-1.528000	-0.339265	-0.377134	0.490342	0.462026	0.775637	1.572766	-5.709330
V	0.826501	-0.612803	-0.364400	-1.418653	-0.026837	0.303494	0.358296	1.144202	0.624145	-2.073741
W	-4.231283	-2.505458	-2.748501	-3.408160	-3.124368	-2.683795	-2.962096	-2.297516	-4.429222	-2.032869
Y	1.234859	2.387950	1.559463	-1.366938	-1.445223	-1.499877	-0.612803	-0.643241	-0.026837	2.282597
