A	0.301625	-1.661313	-0.028371	-1.294104	0.379909	0.301625	0.405088	0.354283	0.160899	0.190164	-5.769838
C	-5.769838	-5.769838	-3.962483	-4.599913	-5.769838	-4.599913	-4.599913	-5.769838	-3.962483	-4.599913	-5.769838
D	-3.962483	-3.184875	0.815125	1.730008	0.379909	1.134044	0.301625	-0.758611	-1.466057	-1.769838	-5.769838
E	-1.560384	-0.815642	-0.286022	0.697768	0.246970	0.547575	0.429835	-0.650897	-0.758611	0.923649	-5.769838
F	0.991713	0.004949	0.888374	-1.466057	-0.936948	-1.769838	-0.456955	0.037517	-0.456955	-2.310406	3.067002
G	-1.215249	-3.962483	-1.661313	0.190164	0.635304	1.072512	1.163853	1.008239	-1.140481	-0.936948	-5.769838
H	-0.062479	0.718002	-1.769838	-0.326894	0.004949	-0.703749	-0.207595	-0.412286	0.524783	-0.815642	-4.599913
I	0.037517	-2.310406	0.852214	-2.310406	-0.503051	-0.599913	-0.936948	0.524783	0.190164	-1.294104	-2.911857
K	0.635304	-2.682375	-0.815642	-1.069398	-0.207595	-0.207595	0.379909	0.037517	-0.550669	0.379909	-5.769838
L	0.004949	-0.169925	1.330824	-0.936948	-0.412286	0.354283	0.301625	0.656427	1.330824	0.635304	2.510933
M	-2.155128	-2.484436	-0.286022	-2.682375	-2.484436	-2.155128	-2.682375	-1.466057	-0.936948	-1.769838	-0.875020
N	-0.286022	-4.599913	-0.650897	-0.028371	0.069366	-0.326894	0.069366	-0.097413	-0.062479	-0.246276	-5.769838
P	-4.599913	-0.368958	0.888374	2.089697	1.993375	1.503958	0.501625	0.454164	-0.368958	-3.184875	-5.769838
Q	-1.466057	-0.456955	-1.140481	-1.001654	-0.169925	-0.169925	0.379909	-0.758611	0.833789	0.354283	-5.769838
R	0.870407	1.817002	-0.758611	0.697768	-1.001654	-1.140481	-0.503051	-0.207595	0.218847	0.131029	-4.599913
S	1.221684	-1.377520	0.100527	0.570012	0.478090	0.888374	1.008239	0.974996	0.677245	1.263585	-5.769838
T	0.160899	-1.466057	-0.650897	-0.503051	-0.286022	0.190164	0.328194	0.454164	0.218847	1.572237	-5.769838
V	1.134044	-2.310406	0.328194	-2.155128	0.246970	-0.550669	-0.412286	0.454164	0.906119	0.974996	-3.521910
W	-3.521910	-3.184875	-5.769838	-4.599913	-2.155128	-3.184875	-4.599913	-2.310406	-2.310406	-3.962483	-2.155128
Y	1.249753	3.124980	0.757639	0.190164	-0.815642	-1.887195	-1.069398	-0.703749	-0.207595	0.069366	2.216004
