A	0.452512	-1.662965	-0.247928	-1.662965	-0.584963	-0.247928	0.025091	1.167110	0.921997	-1.025535	0.781820	-2.832890
C	-2.832890	-2.832890	-2.832890	-2.832890	-2.832890	-2.832890	-2.832890	-2.832890	-2.832890	-2.832890	-2.832890	-2.832890
D	-2.832890	-2.832890	-0.247928	2.567989	-0.584963	0.781820	1.470891	-0.584963	-0.584963	-1.025535	-0.247928	-2.832890
E	-2.832890	-1.662965	0.025091	-0.584963	-1.025535	0.254573	-0.247928	0.254573	-0.584963	-1.662965	0.254573	-2.832890
F	1.376563	0.025091	0.921997	-1.025535	0.254573	-0.247928	-0.584963	-2.832890	-0.584963	0.452512	-1.662965	3.127112
G	-1.025535	-1.662965	-1.662965	0.781820	1.559427	0.781820	0.626542	1.721699	1.275634	0.254573	-1.662965	-2.832890
H	0.025091	0.254573	-0.584963	-0.584963	-1.025535	0.025091	-1.662965	-0.584963	-0.247928	0.254573	-0.247928	-2.832890
I	0.025091	-0.584963	1.376563	-2.832890	-1.025535	-1.662965	-0.584963	0.025091	0.626542	-1.025535	-1.025535	-2.832890
K	-0.584963	-2.832890	0.452512	-0.247928	-1.662965	-0.247928	-0.584963	-1.025535	-0.584963	-1.025535	0.452512	-2.832890
L	-1.025535	-2.832890	0.452512	-0.584963	-0.247928	-0.584963	0.781820	0.781820	0.254573	0.781820	-0.247928	0.781820
M	-1.662965	-2.832890	0.254573	-2.832890	-1.662965	-1.025535	-2.832890	-1.662965	-1.025535	-1.025535	-2.832890	-0.584963
N	-1.025535	-2.832890	0.025091	-1.662965	-1.662965	0.626542	0.025091	-0.584963	0.452512	-1.025535	-1.025535	-2.832890
P	-2.832890	-2.832890	0.626542	2.061928	0.921997	0.921997	1.275634	0.452512	0.254573	0.254573	-1.662965	-2.832890
Q	-2.832890	-1.025535	-1.025535	-1.662965	-1.025535	-1.025535	0.254573	0.254573	-0.247928	0.626542	0.025091	-2.832890
R	0.626542	2.524662	-1.662965	-2.832890	0.921997	-1.025535	-0.247928	-0.247928	-1.025535	1.049753	0.452512	-2.832890
S	0.452512	0.025091	0.025091	0.781820	1.275634	1.559427	0.025091	0.254573	0.781820	0.921997	1.642843	-2.832890
T	0.626542	-1.025535	-2.832890	0.025091	0.452512	0.452512	0.626542	0.781820	0.025091	0.626542	1.275634	-2.832890
V	1.167110	-1.662965	-0.247928	-1.662965	-0.584963	-0.584963	-1.025535	-1.025535	0.254573	0.626542	0.452512	-2.832890
W	-2.832890	-2.832890	-1.025535	-2.832890	-2.832890	-1.025535	-2.832890	-2.832890	-2.832890	-2.832890	-2.832890	-2.832890
Y	2.000000	2.803735	0.921997	-2.832890	1.167110	-1.662965	-0.247928	-1.025535	-0.247928	0.254573	0.626542	2.729352
