A	-0.413818	-1.110202	0.719544	-0.642180	0.571485	-0.259867	0.763309	-7.208234
C	-4.623272	-7.208234	-4.960307	-7.208234	-4.120772	-5.400879	-3.922832	-6.038309
D	-2.254038	-4.120772	1.655952	0.006085	-3.099710	-2.038309	-2.375344	-7.208234
E	-1.571610	-4.350253	-0.740629	0.433817	-1.433447	-0.334790	1.252222	-7.208234
F	1.522236	0.460651	0.359722	-1.008562	-0.289371	-0.245338	-1.466767	1.756828
G	-3.099710	-4.960307	0.397245	-0.147538	0.873915	-1.084113	-1.989066	-7.208234
H	1.262425	1.977261	-0.259867	-0.480314	1.156994	0.627816	-0.824530	-3.748803
I	0.100105	-2.653646	-0.304353	0.230557	0.433817	0.397245	-0.532277	-2.578878
K	-1.307368	-1.110202	-0.068683	0.770476	-0.107572	-0.936771	0.291612	-7.208234
L	0.077168	-0.761151	-0.043327	0.674409	-0.107572	1.262425	0.674409	3.589225
M	-0.761151	-2.653646	-1.807355	-2.998781	-3.748803	-1.369031	-2.313417	-0.274544
N	0.177628	-4.120772	-0.463401	-0.289371	-0.824530	-0.304353	-1.058487	-7.208234
P	-5.400879	-0.567989	1.194778	1.936424	1.307465	0.460651	-3.453347	-7.208234
Q	-1.337870	-0.680757	-1.058487	-0.230954	-1.136772	0.546653	0.433817	-7.208234
R	-0.289371	2.994502	-1.608322	-0.550023	-0.446683	0.529858	-0.147538	-7.208234
S	0.666747	-2.254038	0.387955	0.077168	0.945318	0.251197	1.252222	-7.208234
T	0.350186	-2.732501	-0.259867	0.018178	0.486994	0.251197	1.205394	-7.208234
V	0.415647	-2.197007	-0.055950	0.756107	0.880554	1.189440	1.448191	-1.433447
W	-3.208234	-3.325591	-2.507795	-4.350253	-4.350253	-2.815917	-4.350253	-3.922832
Y	1.799494	1.434720	0.018178	-1.765291	-1.466767	-0.463401	-1.058487	1.580484
