A	0.659880	0.381263	0.816251	-0.149907	0.075997	0.280666	0.097422	0.942226	-1.923733
C	-6.041730	-7.308517	-4.168965	-6.138592	-4.580596	-3.933477	-4.221054	-3.666465	-5.438152
D	-1.465381	-6.540332	1.150659	1.461734	-0.699107	-1.667368	-1.678705	-2.417493	-11.308517
E	-0.428359	-0.439887	-1.013896	1.550824	-0.143610	-0.854989	0.073972	1.064892	-11.308517
F	0.602032	-0.680755	0.396468	-1.883826	-0.241082	0.102729	-0.459307	-1.235379	1.634273
G	-0.912715	-2.697492	-1.440080	0.583172	0.279495	-0.049362	-2.455987	-1.146125	-10.138592
H	0.065164	1.059103	-0.339310	-1.095109	0.175047	-0.315225	0.541279	-0.407461	-3.174090
I	-0.015908	-0.907371	0.502657	-1.453648	0.168736	0.965352	0.232459	-1.161948	-0.246977
K	0.746766	-2.753928	0.143853	0.167470	0.954019	-0.353775	-0.546966	0.598280	-1.834811
L	0.059034	1.539617	0.703322	-0.256288	0.451059	0.999182	1.376122	0.376341	3.231354
M	-1.171526	-1.096629	-0.709534	-2.937829	-2.290317	-1.703964	-1.375933	-2.138592	-0.292405
N	-0.246133	-4.194775	0.003373	-0.324989	-0.276816	-0.639189	-0.315225	-0.748423	-11.308517
P	-3.838875	1.146168	0.064484	1.759674	0.570779	0.737413	0.318789	-2.495537	-8.221054
Q	-0.549045	0.222133	-0.533524	-0.028906	-0.185851	-0.122557	0.590746	0.535895	-9.501162
R	0.769050	1.369808	-0.309045	-1.130474	0.634914	-0.241082	0.147067	0.219693	-1.962003
S	1.271035	-0.491933	0.632164	0.628489	0.390513	0.482951	0.400782	1.532998	-9.060589
T	0.502155	-0.531467	-0.527362	-0.403694	0.049448	0.601564	0.460391	1.061830	-6.089348
V	0.457805	0.278323	-0.001601	-0.996768	0.745494	1.275447	0.967535	0.642677	0.573649
W	-3.911912	-3.769358	-2.350689	-3.666465	-2.734870	-3.488338	-2.126122	-4.991104	-2.262757
Y	0.566945	1.212716	0.318219	-2.293799	-0.630357	-1.093591	-0.393384	-0.636976	1.673808
