A	-0.828888	1.398918	1.226965	0.805827	-0.218835	-0.828888	0.382616	0.923184	0.678072	-3.076816
C	-3.076816	-3.076816	-3.076816	-3.076816	-1.906891	-3.076816	-1.906891	-3.076816	-3.076816	-3.076816
D	1.315502	-3.076816	-0.828888	1.623624	0.382616	-0.491853	-1.269461	-1.906891	-3.076816	-3.076816
E	2.280736	-1.906891	-1.906891	1.477773	0.678072	-0.491853	-1.269461	0.010647	-1.269461	-3.076816
F	0.382616	-3.076816	1.132638	-1.906891	-1.269461	0.010647	-0.491853	-3.076816	-3.076816	2.142353
G	-1.269461	-1.906891	-1.906891	0.678072	1.477773	1.315502	0.010647	0.010647	-0.218835	-3.076816
H	1.552541	-3.076816	0.010647	-0.828888	0.678072	0.208587	-0.218835	0.537894	-0.828888	-3.076816
I	-0.828888	-0.218835	1.623624	-1.269461	-0.491853	0.010647	1.031709	-0.828888	-1.906891	-1.906891
K	-3.076816	-3.076816	-3.076816	0.382616	0.382616	0.805827	0.678072	0.010647	0.382616	-3.076816
L	-0.218835	0.010647	-0.218835	-1.906891	0.208587	0.010647	1.398918	0.923184	-1.906891	1.315502
M	-0.218835	-1.906891	-1.906891	-3.076816	-3.076816	-1.269461	-1.269461	-3.076816	-3.076816	-1.269461
N	-0.218835	-3.076816	0.678072	0.010647	-1.906891	-0.218835	0.010647	0.208587	-1.269461	-3.076816
P	-3.076816	2.630544	-3.076816	0.678072	0.678072	0.537894	-0.491853	-0.218835	-3.076816	-3.076816
Q	-1.269461	-3.076816	-1.906891	0.382616	0.010647	0.208587	-1.269461	0.805827	-0.218835	-3.076816
R	-3.076816	-3.076816	-0.828888	-3.076816	0.010647	0.678072	-0.218835	-1.269461	2.236067	-1.906891
S	0.010647	-1.269461	0.010647	0.923184	0.678072	0.923184	0.923184	0.923184	1.989274	-3.076816
T	-0.218835	1.691369	-1.269461	-0.218835	-0.491853	0.010647	0.805827	1.132638	1.552541	-3.076816
V	-1.906891	1.877381	1.818002	-1.269461	0.537894	-0.491853	0.208587	0.805827	-0.218835	-3.076816
W	-1.269461	-3.076816	-1.269461	-3.076816	-3.076816	-3.076816	-3.076816	-1.906891	-3.076816	1.934412
Y	-0.218835	-3.076816	0.010647	-1.269461	-3.076816	-1.906891	-1.269461	-1.906891	-1.906891	2.762388
