A	-1.044394	1.813587	1.540568	-1.044394	0.125531	-1.044394	0.125531	-1.044394	0.125531	1.813587	-1.044394
C	-1.044394	-1.044394	-1.044394	-1.044394	-1.044394	-1.044394	-1.044394	-1.044394	-1.044394	-1.044394	-1.044394
D	1.203533	-1.044394	-1.044394	2.043069	-1.044394	2.241008	0.125531	-1.044394	0.125531	-1.044394	-1.044394
E	0.125531	0.125531	0.125531	1.203533	1.203533	-1.044394	0.125531	0.125531	-1.044394	0.125531	-1.044394
F	0.762961	-1.044394	0.125531	-1.044394	-1.044394	-1.044394	-1.044394	-1.044394	-1.044394	-1.044394	1.540568
G	-1.044394	-1.044394	-1.044394	0.762961	-1.044394	1.203533	0.125531	1.203533	0.125531	-1.044394	-1.044394
H	1.540568	-1.044394	-1.044394	-1.044394	-1.044394	0.125531	0.125531	-1.044394	0.762961	-1.044394	-1.044394
I	-1.044394	-1.044394	0.762961	-1.044394	0.762961	-1.044394	0.125531	0.125531	-1.044394	-1.044394	-1.044394
K	-1.044394	-1.044394	-1.044394	0.125531	-1.044394	0.125531	1.203533	0.762961	0.125531	0.125531	-1.044394
L	-1.044394	0.125531	0.125531	0.125531	0.762961	0.125531	-1.044394	0.125531	1.203533	-1.044394	0.125531
M	0.125531	-1.044394	0.125531	-1.044394	-1.044394	-1.044394	-1.044394	-1.044394	-1.044394	-1.044394	-1.044394
N	0.125531	-1.044394	-1.044394	-1.044394	-1.044394	-1.044394	-1.044394	0.762961	0.762961	-1.044394	-1.044394
P	-1.044394	1.540568	-1.044394	1.203533	1.203533	0.125531	-1.044394	-1.044394	-1.044394	-1.044394	-1.044394
Q	0.125531	-1.044394	-1.044394	-1.044394	-1.044394	-1.044394	-1.044394	-1.044394	-1.044394	0.125531	-1.044394
R	-1.044394	-1.044394	0.125531	-1.044394	0.125531	-1.044394	0.762961	0.125531	0.125531	0.762961	-1.044394
S	0.762961	-1.044394	0.125531	0.125531	0.125531	-1.044394	1.203533	0.125531	1.203533	1.813587	-1.044394
T	0.762961	0.762961	0.125531	-1.044394	0.125531	0.762961	1.203533	0.762961	0.125531	0.125531	-1.044394
V	-1.044394	1.540568	1.203533	-1.044394	1.203533	0.125531	-1.044394	0.762961	0.125531	0.125531	-1.044394
W	-1.044394	-1.044394	0.125531	-1.044394	-1.044394	-1.044394	-1.044394	-1.044394	-1.044394	-1.044394	1.540568
Y	-1.044394	-1.044394	-1.044394	-1.044394	-1.044394	-1.044394	-1.044394	0.125531	-1.044394	-1.044394	2.415037
