A	-1.155651	2.384489	1.705475	-0.146549	0.315355	0.410933	0.471306	1.048363	-4.289507
C	-5.459432	-5.459432	-5.459432	-5.459432	-4.289507	-4.289507	-5.459432	-4.289507	-5.459432
D	1.125531	-5.459432	0.177193	1.667273	0.315355	-2.000000	-2.000000	-2.874469	-5.459432
E	1.790867	-0.505235	-1.704544	1.730393	0.140481	-1.249978	0.247928	0.529253	-5.459432
F	-0.101880	-1.844722	1.216525	-1.459432	-1.249978	-0.448204	-2.000000	-1.576789	2.146048
G	-2.601451	-2.174029	-1.459432	0.664690	0.247928	-0.505235	-1.459432	-0.830075	-5.459432
H	1.414012	-4.289507	-0.101880	-0.904843	0.064130	-0.758992	0.857981	0.379772	-5.459432
I	-1.350907	-0.192645	1.008174	-1.249978	0.764570	1.560159	0.064130	-1.459432	-3.652077
K	-2.000000	-5.459432	-0.564614	0.471306	0.282035	-0.289507	0.247928	1.429312	-2.371969
L	0.064130	0.140481	-0.758992	-1.155651	0.315355	0.500570	0.212994	-0.393342	0.584963
M	-1.704544	-3.211504	-1.576789	-5.459432	-3.211504	-2.174029	-1.350907	-3.211504	-0.192645
N	0.500570	-3.652077	0.064130	-0.393342	-0.505235	-1.704544	-0.758992	-1.067114	-5.459432
P	-5.459432	2.504909	-2.371969	1.234055	0.500570	0.102811	-0.340491	-4.289507	-5.459432
Q	-0.983698	-2.874469	-0.904843	-0.240263	-1.067114	-0.192645	0.500570	0.584963	-5.459432
R	-1.249978	-5.459432	-0.626542	0.024384	-0.505235	-0.340491	0.612031	0.177193	1.198780
S	1.087463	-1.704544	0.500570	0.410933	0.282035	0.347923	0.740241	1.474259	-5.459432
T	1.162620	0.715494	-0.758992	-0.626542	0.529253	1.367117	0.715494	1.268489	-5.459432
V	-0.904843	1.692853	0.880418	-0.340491	1.546193	1.705475	1.488936	0.441435	-1.704544
W	-5.459432	-5.459432	-2.601451	-4.289507	-2.874469	-4.289507	-3.652077	-5.459432	0.966833
Y	-0.240263	-2.000000	0.690316	-5.459432	-1.249978	-1.704544	-1.249978	-1.155651	3.016302
