A	-3.208094 1.062260 1.406711 1.197350 0.769186 3.096420 1.872994 0.827222 -0.006530
C	-9.709742 -5.898588 -4.232685 -5.501639 -6.173941 -2.378781 -3.563731 -5.052454 -2.964473
D	-4.423260 -1.820871 -0.916807 0.351090 -0.735562 -2.464696 -1.560694 -0.485450 -3.477565
E	-3.140154 0.929861 -0.327718 2.050132 0.815134 -2.231942 1.161656 1.342077 -1.182937
F	-0.527774 -0.042121 -0.015969 -3.630322 -1.601904 -1.295057 -0.557119 -1.796731 -2.618386
G	-5.230327 -1.603779 0.732234 -1.810622 -0.982471 -0.202728 -0.870002 -1.009216 -3.771500
H	-3.841667 -1.372094 -2.187142 -6.705753 -1.624003 -5.035823 -2.467722 -0.782323 -4.687985
I	-0.421527 0.655856 0.196443 1.412370 0.544555 0.243908 -0.151868 -0.700324 1.217529
K	3.548449 0.093709 -1.867131 -5.246601 0.551928 -7.307948 -0.624853 0.930513 0.816632
L	0.355075 1.546956 0.828853 -0.385982 1.364528 -1.997267 2.073148 0.652594 2.850423
M	-3.293517 -2.096530 -1.464887 -2.280377 -1.068477 -2.881295 -2.212782 -1.652194 -0.876223
N	-7.213622 -0.953344 -0.771678 -2.142328 -0.346390 -2.882558 0.141229 -0.288889 -2.480010
P	-7.682094 -4.759946 0.185077 0.305788 0.623509 1.520095 -3.381940 0.156345 -4.271868
Q	-3.560582 -0.152949 -0.523318 -1.790919 0.153185 -9.240724 0.117006 0.490034 -2.218330
R	2.005594 0.163841 -3.117071 -9.566394 -0.279221 -9.590392 -1.716282 0.718349 -6.718212
S	-3.418325 -0.214337 0.773463 1.189679 0.054129 0.303202 0.071746 0.507777 -0.420762
T	-3.662318 0.269696 -0.194962 0.950609 0.519320 -0.705392 -0.467406 0.104903 -0.182089
V	-1.725747 1.156332 1.360825 1.177880 0.512126 1.570793 0.632631 0.478914 2.039061
W	-5.328325 -2.278514 -1.102670 -8.576845 -4.391265 -6.064948 -4.642796 -4.256665 -9.308556
Y	-0.996778 0.197035 0.475216 -9.365712 -0.793587 -2.860129 -1.538589 -2.043967 -4.947702
