A	-3.823608 0.340569 1.584895 0.786279 0.765153 1.880881 1.193620 0.835483 1.982510
C	-9.582838 -9.460834 -3.371845 -2.648314 -9.605883 -6.077136 -6.194936 -9.623387 -2.900193
D	-5.003892 -1.412493 -1.540493 -1.032471 0.244354 1.460491 -0.132780 -0.930419 -0.018703
E	-2.885039 0.584262 -0.693915 0.594533 0.510174 -1.903641 0.862641 0.697192 -0.141869
F	2.263455 -1.665066 -0.613167 0.340722 -2.453455 -2.135909 -1.874137 -1.890915 -3.394038
G	-9.280133 -1.932593 -0.115341 -2.725941 -0.402256 0.604553 -1.966720 0.062953 1.261037
H	-6.246454 -0.547257 -0.419669 -1.804925 -0.570237 -5.616419 0.316422 -0.224102 -2.343706
I	2.160107 0.618765 0.563558 1.485592 -1.263875 -1.715012 -0.217350 -0.898549 0.193916
K	-3.823448 1.290330 -0.238555 -3.192228 1.476765 -2.310475 -0.767835 0.993734 -3.425472
L	1.202211 -0.112475 0.302374 2.328365 -1.421361 -4.072276 0.571741 0.635344 0.932924
M	-2.151631 -2.814577 -1.174713 0.586862 -2.178548 -9.234573 -2.017803 -2.545245 -1.838399
N	-8.837082 -0.096712 -0.318006 -3.149633 -0.182825 0.744452 1.241865 -0.400576 -1.634867
P	-7.547114 -9.058788 -0.029886 -5.803531 1.072367 -0.062689 0.733290 1.127012 -3.597072
Q	-4.428482 0.333543 -0.405753 0.359982 0.308414 -3.921928 0.835837 0.128003 0.913470
R	-5.066531 1.608677 0.167219 -6.712340 0.170584 -4.157487 -0.309710 0.985521 -1.960508
S	-6.101822 0.197143 1.178950 -1.565921 0.891320 1.850687 0.150289 0.321863 1.379022
T	-5.122755 0.256714 0.065297 -0.984457 0.804655 1.595208 -0.189108 -0.648887 -0.896555
V	1.029842 1.113100 0.382229 0.893572 -0.042118 0.560754 0.040954 0.141571 1.096059
W	-0.069249 -2.295029 -3.025667 -1.264443 -5.341672 -5.221451 -3.303382 -3.468718 -9.632148
Y	2.250131 -0.755522 0.286219 -1.189437 -1.562747 -4.002185 -1.847352 -0.862738 -3.572111
