A	0.839535	-1.745427	0.386279	0.286051	0.650926	-0.832890	0.386279	0.767023	1.945187	-4.832890
C	-4.832890	-4.832890	-4.832890	-4.832890	-4.832890	-4.832890	-4.832890	-4.832890	-4.832890	-4.832890
D	0.567989	-3.025535	-0.440573	1.265142	-0.278301	-1.547488	-2.584963	-1.218180	-1.974909	-4.832890
E	-0.278301	0.650926	-3.025535	1.037475	-0.203533	-0.440573	-0.724366	-0.623437	0.337035	-4.832890
F	-0.132450	-3.025535	1.342036	-0.440573	-0.950247	-1.218180	-1.218180	-1.373458	-2.584963	0.767023
G	-4.832890	-4.832890	-3.025535	0.121306	1.211504	0.839535	1.006314	-1.974909	-0.832890	-4.832890
H	0.178337	-1.373458	-0.278301	-1.373458	-1.078003	-0.832890	-0.440573	-0.623437	-2.584963	-4.832890
I	-0.357157	-2.247928	0.000000	-1.373458	-1.745427	-0.832890	0.524662	0.061928	-2.584963	-2.584963
K	-1.078003	-1.974909	-0.278301	0.690672	0.433897	0.803735	0.000000	-1.974909	-1.974909	-4.832890
L	-0.529109	-1.547488	0.061928	-0.529109	-0.357157	-0.529109	0.233199	1.155795	-1.974909	3.996040
M	-0.724366	-4.832890	-0.132450	-1.745427	-3.662965	-1.745427	-2.247928	-1.745427	-3.662965	0.178337
N	-0.278301	-2.584963	-1.078003	-0.623437	-0.064706	-0.529109	-0.724366	-0.203533	-2.584963	-4.832890
P	-4.832890	3.307940	-0.440573	1.895030	1.733164	1.461731	1.097847	-0.357157	-1.078003	-4.832890
Q	-0.832890	-0.950247	-1.373458	-0.357157	-0.278301	-0.064706	-0.529109	0.567989	-1.078003	-4.832890
R	1.291231	2.344530	2.100801	-0.623437	0.690672	1.674905	0.974465	-0.357157	-1.218180	-4.832890
S	1.993658	-3.025535	-0.278301	0.729352	0.874469	1.316857	0.567989	1.366782	2.616259	-4.832890
T	0.061928	-2.247928	-1.745427	-0.724366	-0.203533	-0.132450	0.803735	1.291231	1.770736	-4.832890
V	-0.278301	-1.745427	-0.529109	-1.974909	-0.278301	-0.278301	0.567989	1.291231	0.567989	-1.373458
W	-2.247928	-4.832890	-1.745427	-3.025535	-1.547488	-2.584963	-2.584963	-1.974909	-4.832890	-4.832890
Y	0.386279	-1.974909	1.342036	-0.623437	-1.745427	-1.974909	-0.724366	-1.218180	-1.547488	-2.584963
