A	0.273018	-1.415037	-0.337035	-1.415037	-0.000000	-2.584963	-0.000000	0.502500	0.874469	1.890771	-2.584963
C	-2.584963	-2.584963	-2.584963	-2.584963	-2.584963	-2.584963	-2.584963	-2.584963	-2.584963	-2.584963	-2.584963
D	1.890771	-2.584963	-0.777608	0.273018	-1.415037	0.502500	-0.777608	-0.000000	-0.777608	-1.415037	-2.584963
E	0.273018	-0.337035	-0.337035	1.029747	-1.415037	1.297681	-1.415037	-1.415037	-1.415037	-0.337035	-2.584963
F	-0.337035	-2.584963	1.624491	-0.777608	0.502500	-2.584963	-0.777608	-1.415037	-0.777608	-0.777608	-0.337035
G	-1.415037	-2.584963	-2.584963	0.700440	0.874469	1.523562	0.502500	1.523562	-0.337035	-0.337035	-2.584963
H	-0.000000	1.029747	-2.584963	0.874469	0.273018	-1.415037	-0.000000	-0.777608	-0.337035	-2.584963	-2.584963
I	-0.337035	-1.415037	0.700440	-1.415037	-2.584963	-0.777608	0.273018	-0.337035	0.502500	-2.584963	-2.584963
K	-1.415037	-0.000000	-1.415037	-1.415037	1.169925	-0.000000	1.415037	-0.337035	-1.415037	-1.415037	-2.584963
L	-0.000000	-2.584963	1.297681	0.273018	-0.777608	-0.000000	-1.415037	-0.777608	0.700440	-2.584963	3.922832
M	-2.584963	-2.584963	-0.000000	-0.777608	-2.584963	-2.584963	-0.777608	-1.415037	-0.777608	-2.584963	0.000000
N	-0.000000	-1.415037	-0.000000	-0.000000	-0.000000	-0.000000	-0.777608	0.502500	-0.337035	-1.415037	-2.584963
P	-2.584963	2.426265	-0.777608	1.415037	1.297681	0.874469	0.700440	0.874469	-0.000000	-0.000000	-2.584963
Q	-2.584963	0.700440	-0.337035	-0.000000	-0.000000	-0.000000	-0.000000	-0.777608	0.502500	-1.415037	-2.584963
R	0.874469	2.426265	0.874469	0.502500	1.718818	0.874469	0.874469	0.700440	-0.337035	-2.584963	-2.584963
S	1.718818	-2.584963	-0.777608	1.029747	-0.337035	1.029747	0.502500	0.700440	1.169925	2.584963	-2.584963
T	-0.337035	-1.415037	-2.584963	-1.415037	-0.777608	-0.777608	0.502500	1.029747	1.169925	1.297681	-2.584963
V	-1.415037	-0.337035	-0.777608	-0.777608	-0.777608	-0.000000	0.502500	-0.000000	0.700440	0.700440	-1.415037
W	-2.584963	-2.584963	-2.584963	-2.584963	-2.584963	-2.584963	-2.584963	-2.584963	-2.584963	-2.584963	-2.584963
Y	0.502500	-2.584963	1.624491	-1.415037	-0.777608	-2.584963	-0.777608	-1.415037	-0.777608	-1.415037	-2.584963
