A	-0.135418	-0.687253	0.968345	-0.135418	-0.016959	0.563665	1.633640	-3.525972
C	-4.226412	-6.811375	-3.953394	-6.811375	-4.226412	-3.723912	-3.953394	-6.811375
D	2.045051	-2.335641	-1.327559	-1.498492	-5.641450	-2.110935	-1.800147	-6.811375
E	0.046606	1.679476	-1.745286	0.107489	-2.419057	-0.000803	1.174467	-6.811375
F	-0.207748	-3.953394	1.348497	-0.493962	-1.544588	-1.104016	-2.335641	-0.972171
G	-2.702850	-1.800147	-1.249132	-0.636449	1.000803	-1.138949	-1.368431	-6.811375
H	0.136993	-0.851373	-0.516754	-1.004020	2.452481	0.030976	-2.928732	-6.811375
I	-0.083454	-4.226412	0.519542	0.563665	0.046606	0.151521	-0.563447	-1.036588
K	-1.978485	-1.036588	-0.636449	1.008804	-0.016959	-0.661628	-0.851373	-6.811375
L	-0.066541	-3.525972	1.335830	1.559313	-0.323535	1.223424	0.151521	4.132422
M	-0.283898	-3.196665	-0.323535	-1.800147	-2.335641	-1.211462	-1.800147	-0.880637
N	1.094012	-2.335641	-0.910508	-1.036588	-1.592206	-0.245321	-1.800147	-6.811375
P	-3.953394	1.373501	-1.692434	0.627417	0.366045	0.366045	-2.182018	-6.811375
Q	-0.972171	1.257404	-0.910508	0.107489	-1.692434	0.637774	0.165905	-6.811375
R	0.062069	3.076227	-0.941010	0.180147	1.391973	0.235749	-1.978485	-6.811375
S	0.926718	-1.857178	-0.000803	0.015174	0.289288	1.181564	1.607532	-6.811375
T	-0.100568	-4.226412	0.235749	0.450720	-0.427670	0.848621	1.373501	-5.641450
V	-0.207748	-2.256786	1.188625	0.901152	0.077369	0.366045	1.709244	-0.563447
W	-3.525972	-6.811375	-1.916557	-3.056487	-2.702850	-3.351943	-6.811375	-6.811375
Y	0.315330	-2.601921	0.678473	-1.104016	-2.419057	-1.174750	-2.811375	-5.004020
