A	0.652287	0.337625	0.954728	0.180532	-0.014933	0.230179	0.417353	1.563957	-1.840303
C	-6.282271	-7.562379	-4.740377	-6.282271	-5.910302	-5.369734	-4.669294	-4.415537	-5.755024
D	0.514055	-2.943469	0.365399	0.849737	-1.456844	-1.549555	-1.994694	-2.269071	-9.369734
E	0.320264	2.180893	-1.434569	1.429750	-0.404671	-0.509423	0.078383	1.055220	-9.369734
F	-0.091284	-2.803680	1.126871	-1.124181	-0.202943	0.028476	-0.740377	-2.016587	1.078641
G	-0.379630	-2.392454	-1.951881	0.570213	0.449647	0.197272	-1.773544	-0.819949	-9.369734
H	-0.348060	-2.693777	-0.735830	-1.718682	-0.283597	-0.509423	0.185335	-1.369734	-5.755024
I	-0.165774	-1.700849	0.457609	-0.883904	0.119111	0.746285	0.371733	-1.573694	-0.247553
K	0.273672	-2.591657	-0.009435	0.175714	0.849737	-0.001227	-0.572883	-0.091284	-9.369734
L	-0.088383	0.211467	0.907554	0.728298	0.500631	0.814522	1.150394	-0.135515	3.788205
M	-1.391023	-2.803680	-0.560769	-2.543185	-2.480990	-2.119435	-1.487091	-2.480990	-0.126560
N	0.126621	-2.922650	-0.178058	-0.593301	-0.441215	-0.509423	-0.132524	-0.713309	-9.369734
P	-6.282271	1.961183	-0.560769	1.452837	0.672952	0.654021	0.504479	-2.084331	-9.369734
Q	-0.471132	-0.250793	-0.548757	0.197272	-0.147543	0.156276	0.599293	0.479280	-8.199809
R	0.792658	2.001226	0.384319	-0.878883	1.577721	0.633081	-0.293586	-0.528956	-7.562379
S	1.431773	-1.419907	0.244056	0.784768	0.262353	0.538659	0.634838	1.887949	-7.562379
T	0.396795	-1.307688	-0.536844	-0.404671	-0.190447	0.581187	0.713413	1.292935	-5.065953
V	0.257800	-0.290249	0.143994	-0.486327	0.490965	0.933476	1.069578	0.765655	0.643589
W	-3.468867	-6.282271	-2.072817	-3.697308	-2.511753	-3.769821	-2.693777	-6.784771	-4.740377
Y	-0.051191	0.407111	0.710084	-1.994694	-1.118251	-1.510199	-0.643515	-1.502455	-1.533683
