A	0.007190	0.351890	1.038610	-0.044973	0.475537	0.391680	-0.312690	0.475537	0.907508	-7.452241
C	-7.452241	-4.867279	-4.594260	-5.644886	-3.837531	-5.204314	-4.166839	-3.569598	-3.148460	-7.452241
D	1.630573	-4.594260	0.134599	1.832005	0.497585	-0.088107	-1.889999	-1.025976	-2.822885	-7.452241
E	3.002572	1.708261	-1.157620	1.186195	0.526469	0.189810	-2.094689	0.375895	0.277380	-7.452241
F	-0.776284	-3.697354	1.083034	-1.677454	0.198810	-0.964401	0.490273	-2.094689	-1.744882	2.351083
G	-1.277316	-5.204314	-2.822885	0.834317	1.457652	0.720186	0.738818	0.007190	0.415037	-6.282316
H	-0.077202	-4.867279	-1.852328	-0.924764	-0.003093	-0.724321	-1.112391	0.189810	0.438023	-5.204314
I	-3.059924	0.707630	1.544938	-1.407847	-0.690690	0.302646	1.048601	-1.068537	-2.684057	-2.009298
K	-1.968425	-7.452241	-1.090297	-0.166839	0.302646	0.568739	-0.503874	0.375895	0.554786	-6.282316
L	-2.094689	0.216644	0.896487	-0.848615	-0.250117	0.997939	1.787954	0.757212	-0.578797	0.153238
M	-1.852328	-3.837531	-0.563498	-2.619351	-2.822885	-1.581877	-0.741435	-1.204314	-2.897652	-2.897652
N	-0.984636	-4.166839	-0.811996	0.285851	-0.391545	-0.178446	-1.068537	0.225478	-0.625693	-7.452241
P	-7.452241	-0.811996	-0.034389	1.226359	0.834317	0.445604	0.189810	-1.228240	-2.009298	-7.452241
Q	-1.112391	-2.897652	-1.889999	-0.143902	-0.378100	-0.237922	-0.811996	0.885381	0.134599	-7.452241
R	-1.644886	-4.867279	-1.112391	-0.794030	-0.338499	-0.034389	-0.518551	0.512100	-0.013449	-5.204314
S	0.656283	-0.099094	-0.312690	0.636547	0.603041	0.554786	0.153238	1.320073	2.117140	-7.452241
T	0.057534	1.793906	-0.460719	-0.066379	-0.325537	0.359936	0.554786	0.744975	1.261145	-7.452241
V	-1.613037	2.803082	1.167979	-0.758754	0.017401	0.547759	0.589418	0.077189	0.086918	-4.594260
W	-4.166839	-6.282316	-4.364778	-3.569598	-2.684057	-3.148460	-2.897652	-3.059924	-4.166839	2.756603
Y	-0.405117	-2.441014	0.840080	-1.551374	-1.435433	-1.435433	0.225478	-2.051362	-1.302494	2.694327
