A	-1.194757	0.441868	1.724106	0.162795	0.849637	0.328805	0.580030	-0.565400	0.546710	0.929364	-5.194757
C	-5.194757	-5.194757	-4.024832	-5.194757	-4.024832	-4.024832	-4.024832	-5.194757	-4.024832	-2.336776	-5.194757
D	1.982663	-4.024832	0.405156	1.995068	0.477668	1.029245	0.441868	-1.439869	-0.426573	-3.387402	-5.194757
E	3.142865	1.768139	-1.086232	0.793928	1.076706	1.188947	-0.128668	-1.086232	-0.361867	0.248187	-5.194757
F	-1.580047	-4.024832	0.612598	-2.336776	-0.494317	-1.086232	-0.985303	0.072030	-1.909355	-1.909355	2.113582
G	-2.107294	-5.194757	-1.909355	0.980169	1.004915	1.188947	1.145093	0.546710	0.765245	0.328805	-4.024832
H	-0.426573	-5.194757	-2.107294	-1.439869	-0.565400	-0.802439	-0.426573	-1.312114	0.162795	-0.565400	-5.194757
I	-2.107294	-0.024832	1.566794	-0.494317	-0.361867	-1.086232	0.072030	1.463455	-1.439869	-1.580047	-2.946829
K	-4.024832	-5.194757	-1.194757	-1.439869	0.477668	0.367486	0.289059	-0.361867	0.441868	0.903275	-5.194757
L	-3.387402	-0.075816	0.644447	-0.802439	0.118126	0.118126	0.980169	1.583320	0.644447	-0.240561	-0.890976
M	-1.909355	-5.194757	-0.802439	-2.107294	-3.387402	-1.439869	-1.580047	-0.426573	-1.312114	-1.580047	-2.107294
N	-1.194757	-5.194757	-1.439869	-0.985303	-0.494317	-0.494317	-0.985303	-1.194757	0.024412	-1.194757	-5.194757
P	-5.194757	-1.194757	0.477668	1.427295	1.408869	0.328805	-0.240561	-0.426573	-2.107294	-1.580047	-4.024832
Q	-1.439869	-3.387402	-1.909355	-0.024832	-1.086232	-0.183530	-0.890976	-1.086232	0.024412	0.072030	-5.194757
R	-2.946829	-3.387402	-1.439869	-1.439869	-1.194757	-0.361867	-0.183530	-0.299939	0.822051	0.289059	-5.194757
S	0.765245	0.328805	-0.890976	0.580030	0.822051	0.546710	0.405156	0.289059	1.463455	1.879385	-5.194757
T	-0.183530	2.113582	-0.802439	0.612598	-0.640168	0.289059	0.822051	0.024412	0.765245	1.332720	-5.194757
V	-1.194757	2.687886	1.390206	-0.426573	-0.494317	-0.240561	0.929364	1.583320	0.248187	0.072030	-5.194757
W	-4.024832	-5.194757	-2.609794	-3.387402	-3.387402	-3.387402	-3.387402	-2.946829	-2.107294	-2.107294	2.977671
Y	-0.426573	-1.580047	-0.024832	-1.735325	-1.312114	-0.802439	-1.909355	-1.194757	-1.909355	-0.985303	2.687886
