A	-0.533432	-0.974005	0.306103	0.504043	0.504043	-0.196397	0.306103	0.504043	0.306103	0.833350	-0.196397	-2.781360
C	-2.781360	-2.781360	-2.781360	-2.781360	-2.781360	-2.781360	-2.781360	-2.781360	-2.781360	-2.781360	-2.781360	-2.781360
D	1.773229	-2.781360	0.833350	1.847997	-0.974005	0.306103	0.833350	-2.781360	-0.533432	-0.533432	-1.611435	-2.781360
E	3.025995	1.428094	0.306103	1.327165	-0.974005	0.076621	0.504043	0.076621	0.076621	0.306103	0.076621	-2.781360
F	-0.196397	-2.781360	1.773229	-1.611435	-0.196397	0.306103	-1.611435	-2.781360	0.076621	-0.974005	-2.781360	2.172837
G	-2.781360	-2.781360	-2.781360	0.833350	0.678072	0.076621	1.694374	2.051530	1.218640	0.973528	0.833350	-2.781360
H	-1.611435	-2.781360	-1.611435	-0.533432	-0.196397	-0.974005	0.076621	-0.533432	-1.611435	0.076621	-0.196397	-2.781360
I	-2.781360	-0.974005	1.847997	-0.974005	-0.196397	0.504043	-1.611435	-2.781360	-0.533432	-0.974005	-1.611435	-2.781360
K	-2.781360	-2.781360	-0.974005	-0.533432	-0.974005	0.306103	0.504043	0.306103	-0.974005	-2.781360	0.076621	-2.781360
L	-2.781360	-0.974005	0.076621	0.306103	0.504043	0.504043	0.076621	0.833350	1.101283	0.504043	0.833350	-1.611435
M	-1.611435	-1.611435	-1.611435	-2.781360	-2.781360	-0.533432	-1.611435	-1.611435	-0.533432	-0.533432	-0.974005	-1.611435
N	0.076621	-2.781360	-0.533432	-0.533432	-1.611435	-2.781360	-1.611435	-0.974005	-0.974005	0.306103	-0.974005	-2.781360
P	-2.781360	-2.781360	-0.533432	-0.533432	0.973528	0.306103	0.678072	0.678072	-0.974005	-2.781360	-2.781360	-2.781360
Q	-2.781360	-2.781360	-1.611435	-0.196397	0.306103	0.306103	0.076621	-0.196397	-0.533432	0.306103	0.076621	-2.781360
R	-0.974005	-2.781360	-1.611435	-1.611435	-0.533432	0.076621	-0.533432	-0.196397	-0.533432	0.306103	0.678072	-2.781360
S	0.678072	0.076621	-0.974005	1.218640	0.833350	1.522421	0.678072	1.101283	1.101283	1.847997	2.051530	-2.781360
T	-1.611435	2.284729	-1.611435	0.076621	1.101283	-0.533432	-0.196397	0.076621	1.218640	-0.196397	0.833350	-2.781360
V	-2.781360	2.960107	0.973528	-2.781360	1.218640	0.076621	0.076621	0.504043	0.678072	0.076621	0.076621	-2.781360
W	-2.781360	-2.781360	-1.611435	-2.781360	-0.974005	-2.781360	-2.781360	-2.781360	-2.781360	-1.611435	-1.611435	2.818553
Y	0.504043	-2.781360	0.076621	-0.533432	-2.781360	-0.533432	-1.611435	-2.781360	-0.974005	-2.781360	-0.974005	2.485427
