A	-2.672425	0.787006	0.415037	-0.865070	-0.865070	-0.865070	0.415037	-2.672425
C	-2.672425	-2.672425	-2.672425	-2.672425	-2.672425	-2.672425	-2.672425	-2.672425
D	2.028014	-2.672425	1.327575	0.185556	-0.865070	-1.502500	-2.672425	-2.672425
E	2.546743	-2.672425	-0.424498	1.210218	-0.865070	0.185556	0.185556	-2.672425
F	1.082462	-2.672425	0.415037	-0.865070	-0.865070	-2.672425	-1.502500	2.338802
G	-2.672425	-2.672425	0.612977	0.415037	0.415037	0.185556	-0.087463	-2.672425
H	-0.865070	-2.672425	-1.502500	-0.865070	0.185556	1.082462	0.185556	-2.672425
I	-1.502500	1.210218	1.082462	1.082462	1.719892	0.415037	-0.865070	-2.672425
K	-2.672425	-2.672425	1.082462	0.942285	-0.865070	0.185556	1.436099	-2.672425
L	-2.672425	-0.424498	-0.424498	0.185556	1.082462	0.415037	0.185556	0.612977
M	-1.502500	-1.502500	-2.672425	-2.672425	-2.672425	-0.865070	-1.502500	-1.502500
N	-2.672425	-2.672425	0.612977	-0.865070	-0.865070	-0.087463	-1.502500	-2.672425
P	-2.672425	-0.424498	-0.424498	1.436099	1.436099	-0.424498	-0.865070	-2.672425
Q	-2.672425	-2.672425	-2.672425	-1.502500	-2.672425	0.185556	-0.087463	-2.672425
R	-2.672425	-2.672425	-2.672425	0.415037	-0.087463	-0.087463	0.415037	-2.672425
S	-0.865070	0.415037	-0.865070	-0.424498	0.185556	1.436099	1.436099	-2.672425
T	0.942285	2.851137	-1.502500	-2.672425	-0.087463	0.185556	1.210218	-2.672425
V	-0.424498	1.882164	0.787006	0.942285	0.942285	0.942285	0.415037	-2.672425
W	-2.672425	-2.672425	-1.502500	-2.672425	-1.502500	-2.672425	-2.672425	2.497500
Y	0.942285	-2.672425	0.415037	-2.672425	-1.502500	-1.502500	-1.502500	2.338802
