A	0.413801	1.523448	1.235207	-0.063021	0.012464	0.000155	0.354598	1.047580	-6.940507
C	-5.903032	-6.603472	-4.712701	-6.100971	-5.305791	-4.978981	-4.069493	-4.978981	-9.188434
D	1.024974	-3.875551	0.244108	1.404723	-0.753806	-2.893814	-1.729003	-2.964433	-9.188434
E	2.129826	1.496314	-1.238608	1.648011	-0.125714	-1.903032	0.087108	0.884703	-9.188434
F	0.092916	-2.741351	0.565618	-1.835287	-0.108950	0.404490	-1.099646	-1.528438	2.339165
G	-1.510715	-3.064313	-2.720829	0.776989	0.223077	-0.184214	-1.060440	-0.237878	-9.188434
H	-0.297410	-4.234238	-0.743419	-1.484531	-0.053366	-0.948836	0.267407	-0.432712	-4.884654
I	-1.034882	0.297898	1.193920	-1.620478	0.196349	1.485316	-0.012261	-1.510715	-0.658028
K	-0.274797	-7.381079	1.166641	0.610847	1.240449	-0.712701	0.163609	0.636922	-4.355544
L	-0.867634	0.833587	0.036773	-0.677670	0.578095	1.403555	1.231263	0.003242	2.159879
M	-1.126388	-2.182810	-0.462216	-3.287567	-2.584808	-1.016007	-1.060440	-2.155011	-0.605352
N	-0.403799	-3.745491	-0.424392	-0.780105	-0.387534	-1.160528	-0.496691	-0.806891	-9.188434
P	-6.603472	0.257098	-0.727978	1.582436	0.454971	0.141362	-0.108950	-2.641540	-9.188434
Q	-0.610062	-0.600657	-1.153635	0.075422	-0.267337	-0.774806	0.664485	0.443652	-9.188434
R	-0.839706	-3.318070	-0.399716	-0.738254	1.009704	-0.339811	0.736749	-0.034249	-3.787555
S	1.169393	0.342460	0.282733	0.626949	0.209775	0.095811	0.909598	1.920417	-9.188434
T	0.477346	1.449549	-0.263622	-0.289833	-0.082526	0.716200	0.332675	1.148630	-9.188434
V	-0.278541	1.971752	0.861074	-1.139947	0.606794	1.454069	0.656664	0.418434	-0.582029
W	-3.745491	-5.903032	-3.704619	-3.704619	-2.566382	-3.745491	-2.566382	-6.330453	1.473121
Y	0.223077	-0.518663	-0.018509	-2.377863	-1.126388	-0.245187	-1.188434	-1.188434	2.474345
