A	-2.097456 0.856393 1.795393 1.358813 0.805390 2.880748 2.179205 0.930636 2.003415
C	-9.563501 -5.972498 -2.134883 -2.777506 -6.015796 -4.384548 -4.064502 -5.437526 -2.874175
D	-3.475044 -1.079149 -0.646315 -0.409773 -0.469346 1.083411 -1.245971 -1.091965 0.300560
E	-0.570936 0.985796 -1.020680 1.567555 0.451760 -1.859698 1.111419 0.861053 0.143260
F	1.379721 -1.107865 -0.016900 -0.323339 -2.140062 -3.610151 -1.950169 -2.175012 -5.681066
G	-5.020289 -1.367501 0.885507 -3.118364 -1.434122 0.039209 -1.426401 -0.234577 0.315105
H	-2.985661 -0.066349 -0.876186 -2.833267 -0.877971 -8.443166 -0.052778 -0.416812 -0.821101
I	0.820224 0.095033 -0.091787 0.496563 -0.039423 -0.975170 -0.386913 -0.936453 0.204489
K	-1.036792 0.890545 -1.117405 -5.824579 1.337254 -5.137356 -0.843339 0.711736 -5.026191
L	0.290184 0.313534 -0.328634 1.632278 0.936710 -1.592980 0.998419 0.732090 0.845456
M	-3.030046 -3.119166 -1.061023 -0.550047 -1.346481 -4.331569 -1.683530 -1.855003 -2.818655
N	-2.210429 -1.112244 -1.419515 -2.989004 -0.861138 -1.025471 0.333859 -0.700572 0.848721
P	-2.545139 -6.740108 -0.514788 -4.238839 0.509345 1.467843 -0.158600 1.162880 -2.797796
Q	-1.673628 0.164204 -0.132704 -1.303992 0.110107 -4.551419 0.615226 0.217335 -0.540124
R	2.780365 1.200341 -0.770885 -9.103267 0.612437 -5.156926 -0.447052 1.103357 -3.156177
S	-4.139007 0.552320 1.159707 0.953614 0.222790 1.248013 -0.063394 0.393768 1.521825
T	-2.345195 0.727905 0.155345 1.102779 0.507434 0.077352 -1.243865 -0.174039 -0.717890
V	0.160208 0.825045 -0.029120 0.780114 0.809151 0.483432 0.415685 0.065627 1.208442
W	-0.658328 -2.018784 -0.979299 -1.197858 -4.986170 -8.573874 -2.530627 -4.387637 -9.651614
Y	1.617581 -0.732131 0.771492 -1.049493 -2.032684 -8.498693 -1.761409 -1.296467 -5.025063
