A	0.902852	-1.235753	0.253134	0.164050	0.875054	0.357269	0.580236	0.527641	0.093431	-6.130571
C	-4.323216	-6.130571	-2.515861	-2.515861	-3.272590	-2.375683	-2.671139	-2.515861	-3.043108	-6.130571
D	-2.671139	-6.130571	2.516888	1.233564	0.295694	-0.032538	-0.817688	-0.530658	-1.362386	-6.130571
E	-1.297681	-2.845168	0.758173	0.742874	0.614263	0.316513	-0.646755	0.527641	0.580236	-6.130571
F	0.274571	-0.423211	0.527641	-1.575982	-0.863784	-1.654837	-0.687627	-1.011629	-0.646755	-1.176374
G	0.274571	-3.043108	-2.022046	0.742874	1.071553	1.021714	1.008981	0.093431	-0.355784	-6.130571
H	0.019177	-4.323216	-0.687627	-0.059108	-0.199833	-1.064481	0.093431	-0.389104	-0.086176	-6.130571
I	-0.059108	0.019177	0.069102	-1.176374	-0.291367	-0.323216	0.019177	-0.032538	-1.826790	-6.130571
K	0.788293	-6.130571	0.253134	0.545386	-0.323216	0.186842	0.527641	-1.501214	0.663845	-6.130571
L	0.164050	1.890409	-1.430131	-0.291367	0.209279	0.274571	0.416324	1.359277	1.328861	-6.130571
M	-1.826790	-0.493946	-1.501214	-2.375683	-2.247928	-1.011629	-1.297681	-0.729691	-1.430131	-6.130571
N	-1.430131	-2.515861	-0.960646	-0.355784	0.164050	0.164050	0.093431	0.044355	-0.607009	-6.130571
P	-3.545608	-4.323216	-0.355784	1.297790	0.727410	0.316513	-0.170569	-2.671139	-3.272590	-6.130571
Q	-0.032538	2.155987	-0.911402	0.069102	0.069102	0.630981	0.545386	0.491481	0.416324	-6.130571
R	1.083749	-4.323216	0.069102	-0.530658	-0.260206	-0.170569	0.231373	-1.826790	0.614263	-6.130571
S	0.930125	1.339071	0.164050	0.742874	0.680001	0.889020	0.630981	1.008981	1.154832	-6.130571
T	0.274571	1.689608	-2.845168	0.069102	-0.141886	0.527641	0.545386	0.996134	0.889020	-6.130571
V	0.377224	0.930125	-0.773019	-0.729691	0.093431	0.396906	-0.170569	0.742874	-0.170569	-6.130571
W	-3.272590	-4.323216	-3.043108	-3.545608	-2.515861	-3.043108	-2.845168	-1.826790	-3.043108	-6.130571
Y	0.943571	-0.729691	0.140892	-1.297681	-1.362386	-1.738253	-0.687627	-0.773019	0.140892	4.270576
