A	0.115477	-1.125531	-0.375509	-1.125531	-0.030374	0.772590	0.309855	0.681824	0.115477	0.183222	-4.584963
C	-4.584963	-4.584963	-2.777608	-3.415037	-4.584963	-2.777608	-3.415037	-2.337035	-4.584963	-2.777608	-4.584963
D	-2.337035	-3.415037	2.377934	1.709658	0.898853	0.772590	0.044394	-0.702319	-0.584963	-1.726982	-4.584963
E	-0.476438	-2.777608	1.254241	0.727920	-0.109229	0.115477	0.857981	0.183222	-0.702319	0.309855	-4.584963
F	0.481127	-1.125531	0.727920	-1.299560	-1.299560	-0.970253	-1.726982	-1.726982	-0.375509	-0.702319	-2.777608
G	0.481127	-2.337035	-1.299560	1.014950	0.977280	1.403722	1.513070	1.431846	-0.109229	-0.109229	-4.584963
H	-0.970253	-4.584963	-1.497500	-0.584963	0.183222	-0.702319	-0.584963	-0.702319	0.044394	-0.702319	-4.584963
I	0.309855	-0.192645	0.533979	-1.299560	-0.476438	-0.030374	-0.476438	0.183222	-0.375509	-1.299560	-4.584963
K	0.183222	-4.584963	-0.192645	-0.192645	-0.476438	0.183222	0.115477	0.309855	-1.125531	0.426265	-4.584963
L	0.247928	1.732450	-0.109229	-0.281182	-0.476438	-1.497500	0.369234	0.426265	1.403722	1.539159	-4.584963
M	-2.337035	-0.375509	-1.125531	-2.777608	-2.777608	-1.497500	-2.777608	-0.970253	-0.192645	-1.726982	-4.584963
N	-0.702319	-2.337035	0.044394	-0.030374	-0.030374	-0.584963	-0.192645	0.115477	-0.970253	-1.299560	-4.584963
P	-3.415037	-2.777608	-1.299560	1.285402	1.087463	0.533979	-0.584963	-0.476438	-1.726982	-3.415037	-4.584963
Q	-0.030374	2.000000	-1.299560	-0.281182	0.183222	-0.476438	0.481127	-0.702319	0.815917	0.857981	-4.584963
R	0.977280	-4.584963	-0.970253	-0.476438	-1.125531	-0.584963	-0.830075	-0.584963	-2.777608	0.584963	-4.584963
S	0.584963	1.403722	-0.375509	0.977280	1.513070	1.122397	1.189825	1.014950	1.486500	0.815917	-4.584963
T	0.584963	1.820179	-2.000000	-0.476438	0.369234	0.584963	0.634206	0.681824	0.772590	0.727920	-4.584963
V	0.426265	0.898853	-2.337035	-0.192645	-0.030374	0.044394	-0.281182	0.115477	0.533979	0.634206	-4.584963
W	-4.584963	-4.584963	-2.777608	-2.337035	-2.777608	-4.584963	-3.415037	-4.584963	-1.726982	-4.584963	-4.584963
Y	1.513070	0.115477	0.727920	-1.125531	-1.299560	-0.970253	-0.970253	-0.375509	0.183222	0.309855	4.255815
