A	-0.700440	-2.507795	-1.337870	0.777608	0.777608	-1.337870	-0.259867	0.350186	0.350186	-0.700440	0.077168	-2.507795
C	-2.507795	-2.507795	-2.507795	-1.337870	-2.507795	-2.507795	-2.507795	-2.507795	-1.337870	-2.507795	-2.507795	-2.507795
D	-2.507795	-2.507795	2.758992	1.492205	-0.700440	1.106915	0.350186	0.350186	-0.700440	0.579668	-2.507795	-2.507795
E	-2.507795	-2.507795	0.951637	1.106915	-0.259867	-0.700440	-0.700440	1.247093	-2.507795	-0.259867	0.579668	-2.507795
F	-0.700440	0.350186	0.951637	-0.259867	-1.337870	-1.337870	0.077168	-1.337870	-1.337870	-0.700440	-0.259867	-1.337870
G	0.579668	-2.507795	-0.700440	1.600730	1.247093	1.374848	1.701659	1.600730	1.795986	0.350186	-0.259867	-2.507795
H	-1.337870	-2.507795	-1.337870	-1.337870	-0.259867	-0.259867	-1.337870	-0.700440	-2.507795	0.077168	0.579668	-2.507795
I	0.077168	-0.259867	0.579668	-0.700440	-2.507795	0.350186	-1.337870	0.077168	0.077168	-2.507795	-1.337870	-2.507795
K	0.350186	-2.507795	-0.700440	-1.337870	-1.337870	-0.259867	-2.507795	0.077168	0.350186	-2.507795	0.077168	-2.507795
L	-1.337870	1.884523	-1.337870	-2.507795	-0.700440	0.350186	-0.259867	0.777608	-2.507795	-0.259867	1.247093	-2.507795
M	-1.337870	-2.507795	-1.337870	-1.337870	-2.507795	-1.337870	-1.337870	-2.507795	-1.337870	-0.259867	-2.507795	-2.507795
N	0.350186	-1.337870	-1.337870	-0.700440	0.077168	-1.337870	-0.259867	-0.259867	1.247093	0.350186	-1.337870	-2.507795
P	-2.507795	-2.507795	-1.337870	1.106915	1.600730	-1.337870	0.350186	-0.700440	0.077168	-2.507795	-2.507795	-2.507795
Q	-0.259867	1.106915	-0.259867	-0.700440	0.077168	0.350186	0.077168	0.077168	0.350186	0.951637	0.077168	-2.507795
R	0.579668	-2.507795	-1.337870	-0.700440	-1.337870	-1.337870	0.579668	-0.259867	-0.259867	-2.507795	0.077168	-2.507795
S	0.350186	0.777608	-0.700440	0.777608	1.701659	0.777608	1.247093	0.579668	0.777608	1.884523	1.247093	-2.507795
T	0.077168	2.387023	-2.507795	-1.337870	0.077168	0.350186	0.777608	-0.700440	0.579668	0.077168	0.579668	-2.507795
V	0.777608	0.777608	-1.337870	-2.507795	0.350186	0.951637	-0.700440	-0.700440	0.077168	0.777608	0.350186	-2.507795
W	-2.507795	-2.507795	-2.507795	-2.507795	-2.507795	-2.507795	-2.507795	-2.507795	-2.507795	-0.700440	-2.507795	-2.507795
Y	2.387023	0.077168	0.579668	-0.700440	-1.337870	0.579668	0.077168	-0.700440	-0.700440	0.350186	0.951637	4.039100
