A	0.752072	-0.662965	-0.662965	-0.662965	0.752072	0.752072	0.415037	0.752072	-1.832890	1.254573	1.025091	-0.025535	-1.832890
C	-1.832890	-1.832890	-1.832890	-1.832890	-1.832890	-1.832890	-0.662965	-0.662965	-1.832890	-1.832890	-1.832890	-1.832890	-1.832890
D	-1.832890	-1.832890	1.921997	1.781820	-1.832890	-1.832890	1.025091	0.752072	-0.025535	-0.025535	-1.832890	-1.832890	-1.832890
E	-1.832890	-1.832890	-0.025535	0.415037	0.752072	0.415037	-0.662965	-0.662965	1.025091	0.415037	-1.832890	-0.662965	-1.832890
F	0.415037	1.025091	1.254573	-1.832890	-1.832890	-1.832890	-0.662965	-1.832890	-0.662965	-0.025535	-1.832890	-0.662965	-1.832890
G	1.025091	-0.662965	-0.662965	1.025091	1.254573	1.781820	1.025091	1.781820	1.452512	1.025091	0.752072	-0.025535	-1.832890
H	-1.832890	-1.832890	-0.662965	-1.832890	-0.025535	-1.832890	-0.662965	-1.832890	-0.662965	-1.832890	-0.662965	-0.662965	-1.832890
I	-0.025535	-0.662965	1.254573	-1.832890	-0.662965	-1.832890	-0.025535	-0.025535	0.415037	-1.832890	0.415037	-1.832890	-1.832890
K	-1.832890	-0.662965	-0.662965	-0.025535	-1.832890	0.415037	0.415037	-0.662965	1.025091	0.415037	-1.832890	-0.025535	-1.832890
L	-1.832890	0.752072	0.415037	-0.662965	0.415037	-0.025535	1.254573	-0.025535	-0.662965	-1.832890	1.254573	2.275634	-1.832890
M	-1.832890	0.752072	-0.662965	-1.832890	-1.832890	-1.832890	-1.832890	-1.832890	-1.832890	-0.025535	-0.662965	-0.662965	-1.832890
N	-0.662965	-1.832890	-1.832890	0.415037	-1.832890	-1.832890	-0.025535	-1.832890	-0.662965	-0.025535	-0.025535	-1.832890	-1.832890
P	-1.832890	-1.832890	-1.832890	1.254573	-0.025535	0.415037	-1.832890	1.254573	-0.025535	-0.025535	-1.832890	-1.832890	-1.832890
Q	-0.662965	0.752072	-0.662965	-0.025535	1.025091	0.752072	-0.025535	-1.832890	-0.662965	-0.662965	0.752072	1.452512	-1.832890
R	0.752072	-1.832890	-1.832890	-0.662965	0.415037	-0.662965	-1.832890	-1.832890	-0.025535	0.415037	-1.832890	0.752072	-1.832890
S	1.254573	-0.662965	-1.832890	1.254573	1.025091	1.025091	-1.832890	1.025091	1.025091	0.752072	1.254573	1.025091	-1.832890
T	0.752072	2.275634	-1.832890	-1.832890	0.415037	0.415037	1.025091	0.415037	-0.662965	-0.662965	1.452512	-0.662965	-1.832890
V	1.025091	1.025091	0.415037	-0.662965	-1.832890	0.415037	0.752072	-0.025535	-0.025535	0.415037	-1.832890	-0.662965	-1.832890
W	-1.832890	-1.832890	-1.832890	-0.662965	-1.832890	-0.662965	-1.832890	-1.832890	-0.662965	-1.832890	-1.832890	-1.832890	-1.832890
Y	1.254573	-0.662965	1.025091	-1.832890	0.415037	-1.832890	-1.832890	-0.662965	-0.662965	-0.025535	-0.025535	-1.832890	3.874469
