A	0.121092	-0.903570	-0.146841	-0.302120	0.630766	0.238449	0.121092	-3.761551
C	-3.761551	-3.761551	-2.591626	-3.761551	-2.591626	-2.591626	-3.761551	-3.761551
D	-3.761551	-1.954196	2.013236	-1.513624	-2.591626	-1.954196	-3.761551	-3.761551
E	-2.591626	-2.591626	-0.903570	0.630766	-3.761551	-2.591626	1.408374	-3.761551
F	0.867805	-1.954196	0.630766	-1.176589	-1.176589	-0.476149	-1.954196	-3.761551
G	-1.176589	-1.954196	-0.674088	-0.476149	0.121092	-1.513624	-1.513624	-3.761551
H	0.867805	-3.761551	0.238449	-0.674088	0.238449	1.133267	0.238449	-3.761551
I	0.938888	-1.513624	-0.903570	0.867805	1.639328	0.542230	-1.954196	-3.761551
K	-1.513624	-3.761551	1.596001	1.249676	-3.761551	-1.513624	1.133267	-3.761551
L	0.447902	0.938888	-0.903570	1.357390	-0.006664	2.045804	0.867805	-3.761551
M	-0.903570	-0.146841	-0.302120	-1.954196	-2.591626	-0.903570	-1.176589	-3.761551
N	-2.591626	-2.591626	0.346973	-1.513624	-0.006664	-0.302120	-0.006664	-3.761551
P	-2.591626	-3.761551	-1.954196	-0.006664	0.447902	-0.903570	-3.761551	-3.761551
Q	-0.674088	3.080799	-0.674088	-0.302120	-0.476149	0.238449	0.346973	-3.761551
R	-0.146841	-2.591626	0.121092	0.630766	-3.761551	-0.903570	0.793038	-3.761551
S	1.192645	0.793038	-0.903570	0.346973	1.133267	0.867805	0.542230	-3.761551
T	0.447902	1.408374	-0.476149	-0.302120	0.867805	0.346973	0.714182	-3.761551
V	1.071339	0.447902	-1.176589	1.192645	1.875073	0.793038	0.793038	-3.761551
W	-2.591626	-2.591626	-0.903570	-3.761551	-3.761551	-2.591626	-2.591626	-3.761551
Y	1.357390	-1.513624	-0.674088	-1.954196	-3.761551	-1.176589	-0.903570	4.217159
