A	0.853906	0.039661	0.846652	0.184778	0.132054	0.503481	0.417977	0.794831	-8.107544
C	-6.937619	-4.107544	-2.237179	-4.492834	-3.803763	-1.883542	-2.664601	-3.096317	-8.107544
D	-2.840757	-5.249563	1.556014	0.886102	-0.271494	-1.296972	-0.721682	-1.723840	-8.107544
E	-1.467299	-1.681279	0.300786	1.090287	0.347783	-0.429824	0.648178	0.721386	-8.107544
F	0.184778	-0.710939	-0.202157	-1.345993	-0.648112	-0.248009	-0.627764	-0.942637	1.059247
G	0.408156	-1.503918	-0.917719	0.846652	0.760507	0.809828	-1.130264	0.026882	-8.107544
H	-0.100517	-5.859617	-0.100517	-0.648112	-0.121702	0.026882	0.039661	-0.295367	-5.020081
I	0.403220	0.566648	0.132054	-0.765469	0.332287	0.224493	0.013989	-2.036082	-8.107544
K	0.588554	-5.859617	1.150433	0.717415	0.179014	-0.045498	-0.689692	0.760507	-6.937619
L	0.201932	1.735592	-0.492834	-0.086564	0.672996	0.352912	1.582454	0.470829	-3.478187
M	-1.560650	-0.065885	-0.893225	-2.009512	-1.345993	-1.431587	-1.234100	-1.723840	-2.988603
N	-0.893225	-2.176807	0.132054	-0.255795	-0.128834	-0.107544	-0.637902	-0.648112	-8.107544
P	-3.478187	-4.492834	-1.173853	1.167999	0.179014	-0.369452	-1.396738	-3.041455	-8.107544
Q	-0.086564	1.970607	-0.438659	0.101909	0.126076	0.290131	0.689307	0.592896	-8.107544
R	0.850284	-3.339360	0.489577	-0.100517	-0.157717	0.046008	-0.578113	0.631393	-6.937619
S	1.068629	1.236197	0.327084	0.597224	0.760507	0.958545	0.995088	1.343152	-8.107544
T	0.447045	1.165086	-1.101919	-0.093524	0.347783	0.748881	0.618674	0.733234	-8.107544
V	0.566648	1.345727	-0.955259	-0.568385	0.571056	0.721386	0.605842	0.512676	-6.300189
W	-2.937619	-4.224901	-3.274654	-4.224901	-2.988603	-4.492834	-2.988603	-5.859617	-6.937619
Y	0.610132	-1.580067	-0.150442	-1.639938	-1.033403	-1.033403	-0.578113	-0.403640	4.136894
