A	-0.384644 0.722338 0.717077 -2.090225 -0.198020 -1.486610 0.372533 0.038352 2.313304
C	-7.714277 -4.256571 -7.714277 -7.714277 -7.714277 -7.714277 -7.714102 -7.714150 -3.322087
D	-1.822534 -1.383921 1.500863 -4.008343 1.068877 3.837929 0.565697 0.232219 -0.703140
E	1.851735 1.006320 0.997657 -7.318534 1.189780 0.279547 1.434476 1.168180 -0.109163
F	-0.693509 -0.956594 0.637951 2.860788 -0.009193 -7.632320 -0.853152 0.069488 -3.904306
G	-1.928215 -0.429708 0.784154 -3.084386 -0.761991 -7.696428 -1.455424 -1.287473 1.632268
H	-1.742941 -0.279238 -1.446730 -3.540241 -2.119943 -7.643233 -0.111305 -3.350701 -3.339465
I	1.770685 -0.976645 -1.421569 -1.563241 0.519576 -0.215479 0.081301 -0.103231 -1.272318
K	-2.584395 0.360789 -3.487023 -7.221976 0.329068 -7.436968 -0.983755 0.166870 -3.686031
L	1.693320 0.534968 -1.098771 -1.806862 0.297645 -1.010222 -0.241216 1.405012 -0.958976
M	-0.827717 -2.306459 -1.756955 -1.542794 -0.864040 -1.939217 -2.633212 -1.519098 -3.148471
N	-1.047171 -0.052736 -0.814585 -3.150270 -0.781529 -1.629340 0.657415 -0.200750 -1.976078
P	-1.103854 -2.857772 -1.308187 -7.637246 0.178275 -1.381528 1.420283 0.466682 -2.863336
Q	0.009164 0.593910 0.458182 -3.319809 0.604204 -3.907121 -0.248735 0.038237 0.852106
R	-1.333909 1.507018 -2.278696 -7.533707 0.305588 -3.935978 -1.121888 -0.142322 -2.528626
S	-0.579163 0.018683 1.481785 -7.449971 0.236834 -1.925210 0.220397 0.068541 2.336723
T	-0.530072 0.373184 0.293119 -7.598838 0.241374 -1.763161 -0.116827 -0.410766 -0.290212
V	1.464428 0.835247 -0.867810 -0.384215 -0.056968 0.107066 0.539886 0.263902 -0.407092
W	-6.267301 -2.376238 -2.940645 2.795538 -2.726566 -7.660759 -1.484946 -1.054189 -7.497529
Y	-1.764092 -0.638937 0.491030 1.725401 -0.941720 -7.226195 -0.622177 0.345458 -7.655904
