A	-2.087463	-2.087463	0.160465	-0.280108	0.497500	-0.917538	1.197939	0.160465	0.770518	-2.087463
C	-2.087463	-2.087463	-2.087463	-2.087463	-2.087463	-2.087463	-2.087463	-2.087463	-0.917538	-2.087463
D	-0.917538	-0.917538	3.131706	2.304855	1.527247	0.160465	0.160465	-0.917538	-2.087463	-2.087463
E	0.160465	-2.087463	-2.087463	0.497500	-0.917538	-0.280108	-2.087463	-0.917538	0.497500	-2.087463
F	0.770518	-0.280108	1.000000	-2.087463	-0.917538	-0.917538	-0.917538	-0.917538	-2.087463	1.795180
G	0.497500	-0.917538	-2.087463	-0.917538	0.497500	1.795180	1.000000	0.160465	-2.087463	-2.087463
H	0.160465	3.270089	-0.280108	-2.087463	-0.280108	-0.917538	0.160465	0.160465	-2.087463	-2.087463
I	0.160465	-2.087463	-0.917538	-0.917538	-0.280108	0.160465	-2.087463	-0.917538	-0.280108	-2.087463
K	0.770518	-2.087463	-2.087463	-0.917538	-0.917538	0.497500	-0.280108	-0.917538	0.497500	-2.087463
L	-0.280108	0.160465	-0.280108	-0.280108	0.160465	0.160465	0.160465	0.160465	-0.280108	3.270089
M	-0.917538	-2.087463	-2.087463	-2.087463	-0.917538	0.160465	-0.917538	-0.917538	-2.087463	-0.280108
N	-0.917538	-2.087463	-2.087463	0.160465	0.160465	-2.087463	1.197939	1.197939	-0.917538	-2.087463
P	-2.087463	-2.087463	-0.917538	2.121991	-0.917538	0.160465	-0.917538	-0.917538	-0.917538	-2.087463
Q	-0.917538	-2.087463	-2.087463	0.160465	-0.917538	-0.917538	0.160465	0.497500	-0.280108	-2.087463
R	1.197939	-0.917538	-0.917538	-0.917538	0.160465	0.160465	-0.917538	-2.087463	-0.917538	-2.087463
S	-0.280108	0.497500	-0.280108	-0.917538	1.371969	1.197939	1.197939	0.160465	1.371969	-2.087463
T	1.000000	-0.917538	-2.087463	-0.917538	0.497500	0.770518	0.160465	-0.280108	1.795180	-2.087463
V	0.497500	1.197939	-0.917538	-2.087463	0.160465	-2.087463	0.160465	1.795180	1.371969	-2.087463
W	-2.087463	-2.087463	-2.087463	-2.087463	-2.087463	-2.087463	-2.087463	-0.917538	-2.087463	-2.087463
Y	0.497500	-2.087463	0.497500	-0.280108	-0.917538	-0.917538	-0.917538	0.770518	-0.280108	1.197939
