A	0.685489	-0.792558	-0.792558	-0.792558	2.232977	-0.014950	1.154975	-2.599913
C	-2.599913	-2.599913	-2.599913	-2.599913	-2.599913	-2.599913	-2.599913	-2.599913
D	-0.792558	-2.599913	3.239291	0.685489	-1.429988	-1.429988	-1.429988	-2.599913
E	-0.351985	-2.599913	-0.351985	0.258068	0.859519	0.487550	0.859519	-2.599913
F	1.609541	-1.429988	-0.792558	-2.599913	-2.599913	-0.792558	-0.792558	1.014797
G	-2.599913	-1.429988	-0.792558	0.258068	0.258068	-0.792558	-0.792558	-2.599913
H	1.014797	2.962330	-1.429988	-0.014950	-1.429988	-0.351985	-0.792558	-2.599913
I	0.859519	-2.599913	-2.599913	-0.351985	-1.429988	0.685489	-0.351985	-0.351985
K	-0.351985	-2.599913	-2.599913	1.014797	-2.599913	-0.792558	1.282730	-2.599913
L	-0.014950	-1.429988	-2.599913	1.014797	-0.014950	0.859519	1.014797	3.694708
M	-0.351985	-2.599913	-2.599913	-2.599913	-2.599913	-1.429988	-2.599913	-1.429988
N	-0.351985	-2.599913	-0.014950	-0.792558	-0.351985	-1.429988	-2.599913	-2.599913
P	-2.599913	-0.351985	1.154975	1.154975	1.508612	0.258068	-2.599913	-2.599913
Q	-1.429988	-2.599913	0.258068	-0.014950	-1.429988	0.487550	-0.014950	-2.599913
R	-1.429988	2.570012	-2.599913	0.258068	-2.599913	-1.429988	0.258068	-2.599913
S	-0.792558	-0.792558	0.258068	-1.429988	0.685489	-0.014950	0.859519	-2.599913
T	0.487550	-0.014950	-2.599913	0.258068	-0.014950	0.487550	0.258068	-2.599913
V	0.487550	-2.599913	-1.429988	0.685489	1.154975	1.954676	1.282730	-0.014950
W	-2.599913	-2.599913	-2.599913	-1.429988	-1.429988	-2.599913	-2.599913	-1.429988
Y	1.014797	-0.792558	-1.429988	-0.792558	-2.599913	-0.014950	-2.599913	-1.429988
