A	0.612802	-0.034599	1.068978	0.055882	0.504510	0.387425	0.334183	1.036013	-2.846630
C	-6.306062	-6.306062	-6.306062	-6.306062	-4.058134	-4.498707	-3.721099	-4.498707	-6.306062
D	-0.863118	-6.306062	2.229214	1.834768	0.181778	-0.863118	-1.751473	-2.306062	-6.306062
E	-0.669437	-5.136137	0.221415	1.693938	0.520487	0.387425	0.201733	0.944237	-6.306062
F	0.141022	-2.691352	-0.106389	-1.830328	-0.669437	-0.743819	-1.039275	-2.423419	1.380439
G	-0.564595	-4.058134	-1.187121	0.612802	0.352150	-0.208030	-3.721099	-1.537877	-6.306062
H	0.685460	3.200246	-0.346060	-1.351865	-0.822246	-0.905182	0.932343	-0.181940	-6.306062
I	0.567382	-1.136137	-0.058134	-0.669437	0.597820	1.101206	0.404745	-1.136137	0.161544
K	1.153370	-5.136137	-2.306062	-0.106389	0.055882	-0.405195	-1.751473	0.671218	-6.306062
L	-0.598703	1.878814	0.520487	-0.234599	0.932343	0.932343	0.567382	0.387425	3.450078
M	-1.913744	-2.002281	-1.239972	-2.846630	-1.751473	-1.676705	-1.605622	-1.913744	-0.181940
N	-0.375324	-5.136137	-0.156315	-0.435697	-0.405195	0.099080	-0.058134	-0.905182	-6.306062
P	-5.136137	-1.136137	-0.598703	1.362823	-0.011441	-0.156315	0.472015	-4.498707	-6.306062
Q	-0.948510	-1.086893	0.077643	-0.181940	-0.034599	0.181778	0.504510	0.656834	-6.306062
R	0.472015	0.033788	-3.020659	-1.473172	-0.598703	-1.086893	-1.187121	0.582682	-6.306062
S	0.858845	-0.317377	1.079801	0.455490	0.504510	0.387425	0.297565	1.353934	-6.306062
T	1.058073	0.141022	-0.669437	-0.405195	0.120203	0.520487	0.807680	1.308648	-5.136137
V	0.551919	-0.289253	-0.863118	-0.905182	1.122298	1.537859	1.629103	0.699563	1.498069
W	-2.691352	-4.498707	-2.846630	-4.498707	-4.498707	-4.498707	-2.306062	-6.306062	-3.020659
Y	0.055882	-1.294834	-0.531275	-2.846630	-0.706149	-1.294834	-0.261668	-1.239972	0.278901
