A	-5.900869 0.388877 1.133340 -0.012167 0.182522 -0.991542 0.954086 0.156622 -0.159280
C	-9.023997 -9.024003 -9.024005 -5.425137 -5.564577 -9.023551 -9.024005 -5.563717 -5.511793
D	-8.661916 -0.734491 -2.166373 -1.264492 1.260435 -1.356192 -0.657095 -0.656049 -2.874186
E	-8.372048 0.825265 -0.054266 -0.630197 1.795725 -0.862990 1.342282 0.773681 -2.467474
F	-1.062065 -1.537525 -0.723129 -3.223436 -2.275297 -8.998253 -0.964872 -1.235586 -0.723387
G	-8.922342 -2.781282 -1.619164 -5.399712 -1.103073 -3.424059 0.260565 -0.755834 -4.076919
H	-8.715465 -0.636481 -2.092156 -0.527063 -0.733109 0.544798 -0.888899 -1.130555 -9.007060
I	3.352179 0.925244 1.653436 1.470594 -0.294247 -1.468228 -0.424153 0.313397 2.081401
K	-8.818074 0.494803 -0.389674 1.576387 1.023057 2.724685 -0.877235 0.652236 -8.936367
L	2.376768 0.623691 1.064759 1.730470 -0.778724 -3.963329 1.474161 1.428292 2.768904
M	-1.798808 -2.796006 -0.932962 -1.711502 -2.169913 -5.024809 -1.615482 -2.030395 -1.283492
N	-8.883804 -0.405299 -0.775342 0.357716 -0.470889 -0.161066 1.046030 -0.325109 -7.357301
P	-8.914955 -8.020184 0.924088 -8.118445 0.670869 -0.646496 -1.368201 0.850156 -5.144339
Q	-8.720970 0.421234 -0.133103 -2.429851 0.144769 -0.519292 0.558916 0.005009 -2.466090
R	-8.802427 1.011381 -0.408799 -0.830973 0.142199 2.054404 -1.652148 1.135469 -4.268678
S	-8.935957 0.042294 0.445417 1.255815 0.136614 -0.233515 0.792476 0.009969 -4.695427
T	-8.733627 0.011058 -0.572879 0.430189 0.037944 0.947142 -0.639247 -0.288942 -2.294010
V	1.910940 1.811849 0.820997 0.930011 0.108957 -0.382363 0.105354 0.370990 2.495332
W	-5.566736 -3.994586 -1.999412 -9.023018 -3.294264 -8.983588 -4.635714 -4.803961 -8.941209
Y	-8.715211 -1.105597 -0.453147 -4.461011 -2.178861 -8.996903 -0.963329 -1.555291 -1.037219
