A	-1.120878 1.097031 1.159487 0.494442 0.865392 1.891015 0.773460 0.742446 0.116234
C	-9.928891 -6.660552 -4.294814 -3.911183 -5.403859 -4.753783 -4.902040 -4.708623 -4.994544
D	-4.896589 -0.469897 -0.185592 2.727446 0.670001 -0.096724 1.853820 0.322680 0.249300
E	-1.471609 0.735106 -0.913640 0.745855 1.330409 1.656377 2.120664 1.199211 0.871563
F	1.760919 -1.337740 -0.599370 -2.360198 -1.715799 -0.776162 -1.399334 -1.286952 0.614237
G	-4.392289 -0.923293 0.118525 -1.310518 -0.222808 -1.054051 -0.299021 -0.571309 -0.909716
H	-5.223455 0.184356 -1.812050 -4.967219 -1.155907 -3.584068 -0.830845 -0.898285 -3.183837
I	2.273957 0.333808 0.139621 0.283964 -0.653936 -0.240762 -0.312337 -0.613114 1.465003
K	-4.448616 0.609952 -1.407172 -9.925683 0.616766 -1.872816 -2.033073 0.497511 -2.456399
L	1.062578 -0.071230 -0.308680 0.236839 -0.059648 -0.486825 0.561568 0.715934 1.683427
M	-2.434974 -2.438673 -1.606843 -2.519781 -2.762397 -2.961189 -2.573558 -2.682537 -0.400633
N	-9.189845 0.070447 -1.268219 -2.630635 -0.592471 -0.882832 0.062680 -0.306306 -1.830137
P	0.182339 -7.508920 -0.252157 -9.676526 0.637907 0.956562 -0.414649 1.340722 -2.408439
Q	-2.903673 -0.037701 -0.866294 -0.016010 -0.016238 -0.862145 -0.056533 -0.239168 -0.847347
R	-6.696039 1.001197 -0.747444 -9.744771 0.040197 -5.475343 -2.233691 0.579418 -0.445488
S	-3.700464 0.484274 1.814961 0.351246 0.521306 0.900747 -0.506250 0.117413 -0.602775
T	-1.841756 0.560668 1.620399 1.068065 0.659380 0.646330 -0.821044 -0.468879 -1.405941
V	1.649432 0.872254 0.702115 1.287851 0.460430 1.293064 0.265437 0.325670 1.381848
W	-0.549489 -2.489467 -2.679461 -4.175325 -4.186099 -5.980202 -3.757767 -5.131923 -2.477793
Y	1.618069 -0.814641 -0.175908 -9.252766 -1.056263 -3.290581 -1.594060 -1.038919 0.263001
