A	2.528600	-0.130061	0.919000	0.396260	0.517058	-0.273018	-0.176157	0.396260	-0.042064	-5.442943
C	-5.442943	-4.273018	-3.635589	-3.635589	-5.442943	-5.442943	-5.442943	-4.273018	-5.442943	-5.442943
D	-5.442943	-5.442943	-0.967210	1.590480	0.000000	-0.130061	-0.742504	-2.857981	-1.983512	-5.442943
E	-3.635589	-5.442943	-1.442943	1.123111	0.000000	-0.085391	-0.967210	-0.742504	0.193681	-5.442943
F	-4.273018	-5.442943	1.617752	-0.888355	-0.176157	-0.431716	0.731982	0.364411	-0.324002	-2.157541
G	1.250543	-2.157541	-0.967210	0.517058	1.617752	0.298523	0.851677	-1.050626	-0.130061	-5.442943
H	-3.195016	-5.442943	-2.857981	-2.857981	-1.560300	-1.442943	-2.857981	-0.888355	-0.888355	-3.635589
I	-1.334419	0.706804	0.804984	-0.967210	-0.130061	0.828520	0.874469	1.490747	-1.560300	-4.273018
K	0.573865	-5.442943	-2.584963	-0.324002	-0.223775	0.156969	-0.548126	-1.233490	0.851677	4.100088
L	-1.560300	-0.548126	1.123111	-0.085391	0.331844	-0.085391	1.367628	1.267863	1.490747	-1.442943
M	-2.857981	-3.195016	0.731982	-1.828234	-1.139163	-1.560300	-0.742504	-1.334419	-1.233490	-5.442943
N	-4.273018	-5.442943	0.119299	0.229482	-0.223775	-0.813587	-0.488747	-0.431716	-0.376854	-5.442943
P	-5.442943	-5.442943	0.229482	0.655089	1.335134	1.631198	1.383605	1.044897	1.233014	-5.442943
Q	-1.828234	-0.273018	0.229482	0.119299	-0.431716	-0.324002	-0.223775	-0.813587	0.119299	-5.442943
R	0.628519	-4.273018	-3.635589	-0.548126	-1.828234	-0.888355	-1.828234	-1.139163	0.193681	0.706804
S	2.416591	1.123111	-0.042064	0.655089	0.229482	0.517058	-0.130061	0.331844	0.364411	-5.442943
T	-0.273018	2.814444	-1.688056	0.264416	-0.085391	0.919000	0.000000	0.156969	0.119299	-5.442943
V	0.040872	2.598716	-0.273018	-0.130061	0.601451	0.874469	0.517058	1.562681	0.000000	-5.442943
W	-5.442943	-5.442943	-2.355481	-2.857981	-2.157541	-2.355481	-1.688056	-3.195016	-2.584963	-5.442943
Y	-3.635589	-4.273018	0.896907	-1.233490	-0.967210	-1.233490	-0.813587	-1.828234	0.119299	-2.355481
