A	2.543374	-0.357848	0.707336	0.488802	1.235175	0.104887	0.707336	0.309577	-0.484481	0.522122	-5.252665
C	-5.252665	-5.252665	-4.082740	-4.082740	-5.252665	-4.082740	-3.445311	-5.252665	-5.252665	-4.082740	-5.252665
D	-4.082740	-5.252665	-1.144141	1.350961	0.454694	0.678072	0.586538	-1.144141	-3.445311	-1.793234	-5.252665
E	-5.252665	-5.252665	-1.793234	1.255129	0.995262	0.617699	0.818797	0.190278	-1.637956	0.586538	-5.252665
F	-4.082740	-5.252665	1.508886	-1.793234	-1.793234	-1.144141	-1.144141	-0.419775	0.764143	0.309577	-5.252665
G	0.648201	-3.004738	-2.394684	1.018798	0.678072	0.586538	0.617699	0.231150	-1.252665	-0.357848	-5.252665
H	-2.394684	-5.252665	-2.394684	-2.165203	-1.252665	-2.165203	-1.043212	-1.967263	-0.698077	-1.497778	-5.252665
I	-1.967263	0.871456	1.350961	-1.370022	-0.552226	-0.082740	-0.698077	1.109278	1.313389	-1.144141	-5.252665
K	0.897082	-5.252665	-3.004738	-0.698077	0.060218	0.383959	0.845367	0.383959	-0.776932	0.678072	4.124003
L	-3.004738	-1.144141	1.541750	-0.357848	-0.241438	0.707336	0.270897	1.589685	1.636078	1.821476	-4.082740
M	-1.967263	-2.667703	0.995262	-3.004738	-1.967263	-1.370022	-2.667703	-0.948885	-0.082740	-1.967263	-5.252665
N	-3.445311	-5.252665	-1.370022	-0.484481	-0.860348	0.060218	-0.186576	-0.484481	-0.033497	-0.082740	-5.252665
P	-5.252665	-5.252665	-0.860348	1.589685	1.131039	-0.033497	0.309577	-0.082740	-0.484481	0.586538	-5.252665
Q	-1.144141	-0.133724	0.736019	-0.298469	-0.552226	-0.133724	-0.698077	0.190278	-1.144141	0.383959	-5.252665
R	1.018798	-3.445311	-5.252665	-1.370022	-1.370022	-0.484481	-0.186576	-0.623309	-0.419775	0.060218	0.995262
S	2.315291	1.173599	-0.033497	0.995262	0.871456	1.350961	1.369386	0.454694	-0.552226	-0.082740	-5.252665
T	-0.298469	2.704437	-2.394684	0.231150	0.060218	0.347247	0.231150	-0.241438	0.419760	-0.357848	-5.252665
V	0.383959	2.726045	-0.357848	-0.484481	0.845367	0.419760	-0.298469	0.648201	1.508886	-0.186576	-5.252665
W	-5.252665	-5.252665	-2.667703	-3.445311	-1.793234	-2.667703	-3.445311	-1.793234	-1.793234	-2.667703	-5.252665
Y	-5.252665	-5.252665	1.018798	-1.967263	-1.497778	-1.637956	-1.043212	-1.144141	-0.082740	-0.082740	-3.445311
