A	2.789012	-0.614710	0.800328	0.259759	1.104108	0.908852	1.192645	1.500767	0.908852	-0.614710	-0.112210	-3.199672
C	-3.199672	-3.199672	-3.199672	-3.199672	-3.199672	-3.199672	-3.199672	-3.199672	-3.199672	-3.199672	-3.199672	-3.199672
D	-3.199672	-3.199672	-3.199672	0.555215	0.415037	1.429684	0.415037	-0.614710	-0.614710	-2.029747	-3.199672	-3.199672
E	-3.199672	-3.199672	-3.199672	1.192645	0.800328	0.682971	0.085730	1.009781	0.682971	-2.029747	0.085730	-3.199672
F	-2.029747	-3.199672	1.811555	-3.199672	0.259759	-2.029747	-1.392317	-0.341691	-0.614710	1.276061	-0.614710	-3.199672
G	0.259759	-3.199672	-0.341691	-0.112210	0.085730	0.415037	1.104108	0.415037	0.259759	-0.951745	0.259759	-3.199672
H	-3.199672	-3.199672	-3.199672	-0.614710	-0.951745	-2.029747	-3.199672	-2.029747	-2.029747	-0.951745	-2.029747	-2.029747
I	-1.392317	0.259759	1.500767	-0.951745	-0.341691	-0.341691	0.085730	-0.112210	0.800328	1.429684	-0.951745	-3.199672
K	-0.112210	-3.199672	-3.199672	-0.112210	-2.029747	0.085730	-0.341691	1.009781	0.415037	-3.199672	0.800328	4.142402
L	-3.199672	-2.029747	1.500767	-0.112210	0.555215	0.085730	0.800328	-0.112210	0.259759	1.695145	2.284143	-3.199672
M	-2.029747	-2.029747	1.192645	-3.199672	-3.199672	-3.199672	-3.199672	-3.199672	-0.614710	0.555215	-0.951745	-3.199672
N	-3.199672	-3.199672	-1.392317	0.085730	-0.951745	0.415037	-0.951745	-0.614710	0.415037	-0.341691	0.085730	-3.199672
P	-3.199672	-3.199672	-1.392317	1.811555	1.104108	-0.112210	0.415037	0.259759	1.192645	-0.112210	0.259759	-3.199672
Q	-2.029747	-0.341691	-0.341691	-0.614710	-0.341691	0.259759	0.085730	-0.341691	-0.951745	-0.951745	0.682971	-3.199672
R	1.192645	-3.199672	-3.199672	-1.392317	-3.199672	-1.392317	-1.392317	-0.951745	-0.614710	-2.029747	-0.951745	-2.029747
S	2.284143	0.682971	-2.029747	1.104108	0.555215	1.354917	0.555215	1.276061	0.259759	-0.341691	-0.112210	-3.199672
T	-0.112210	2.844722	-3.199672	0.908852	0.555215	-0.112210	0.259759	-0.341691	0.085730	0.085730	-0.112210	-3.199672
V	-0.341691	2.760330	-0.341691	-0.614710	1.009781	0.085730	0.682971	-0.112210	0.259759	1.192645	0.085730	-3.199672
W	-3.199672	-3.199672	-2.029747	-3.199672	-3.199672	-3.199672	-1.392317	-3.199672	-3.199672	-0.614710	-3.199672	-3.199672
Y	-3.199672	-3.199672	1.276061	-1.392317	-0.614710	-1.392317	-0.112210	-0.614710	-1.392317	-0.951745	-0.614710	-3.199672
