A	2.510615	-1.019900	0.395138	0.395138	1.424885	0.668156	0.668156	1.269607	0.395138	1.095578	-1.019900	1.269607	-2.189825
C	-2.189825	-2.189825	-2.189825	-2.189825	-2.189825	-2.189825	-2.189825	-2.189825	-2.189825	-2.189825	-2.189825	-1.019900	-2.189825
D	-2.189825	-2.189825	-2.189825	1.269607	0.058103	1.095578	0.897638	0.897638	-1.019900	-1.019900	-1.019900	-2.189825	-2.189825
E	-2.189825	-2.189825	-2.189825	1.269607	0.395138	1.095578	0.395138	-1.019900	0.897638	-0.382470	-1.019900	-1.019900	-2.189825
F	-2.189825	-2.189825	2.019629	-0.382470	-1.019900	-1.019900	-1.019900	-2.189825	-1.019900	-0.382470	0.058103	-0.382470	-2.189825
G	-0.382470	-2.189825	-2.189825	1.565063	1.269607	-0.382470	0.058103	1.565063	0.897638	-0.382470	-2.189825	-1.019900	-2.189825
H	-2.189825	-2.189825	-2.189825	-0.382470	-0.382470	-1.019900	-2.189825	0.058103	-1.019900	-0.382470	-1.019900	0.058103	-2.189825
I	-2.189825	0.668156	1.565063	-1.019900	-1.019900	0.395138	-0.382470	-1.019900	0.058103	0.058103	1.269607	-0.382470	-2.189825
K	0.897638	-2.189825	-0.382470	-1.019900	-2.189825	-1.019900	-0.382470	-0.382470	0.897638	0.058103	-2.189825	0.897638	3.934297
L	-2.189825	-1.019900	1.269607	0.058103	-0.382470	-1.019900	0.668156	0.395138	-0.382470	0.668156	2.439532	1.810175	-2.189825
M	-2.189825	-2.189825	0.668156	-2.189825	-1.019900	-2.189825	0.058103	-2.189825	-1.019900	-1.019900	0.897638	-1.019900	-2.189825
N	-2.189825	-1.019900	-2.189825	-1.019900	-1.019900	0.395138	0.897638	-0.382470	-1.019900	-0.382470	-2.189825	-1.019900	-2.189825
P	-2.189825	-2.189825	-0.382470	0.897638	0.668156	-2.189825	-1.019900	0.058103	-1.019900	0.058103	-1.019900	-0.382470	-2.189825
Q	-1.019900	-0.382470	1.095578	-2.189825	0.058103	0.058103	-1.019900	-0.382470	-1.019900	0.395138	-1.019900	-1.019900	-2.189825
R	1.095578	-2.189825	-2.189825	-1.019900	-2.189825	0.897638	-0.382470	-2.189825	-0.382470	0.058103	-2.189825	-0.382470	-0.382470
S	2.019629	0.668156	-1.019900	1.269607	0.395138	1.424885	1.095578	0.897638	1.692818	1.095578	-0.382470	0.668156	-2.189825
T	0.668156	2.439532	-1.019900	-1.019900	0.668156	0.058103	0.058103	0.897638	0.395138	0.058103	0.058103	0.395138	-2.189825
V	-0.382470	2.704993	-1.019900	-1.019900	0.897638	-0.382470	0.668156	0.058103	0.058103	0.395138	1.095578	-0.382470	-2.189825
W	-2.189825	-2.189825	-1.019900	-2.189825	-0.382470	-2.189825	-2.189825	-2.189825	-2.189825	-1.019900	-1.019900	-2.189825	-2.189825
Y	-2.189825	-2.189825	-1.019900	-2.189825	-2.189825	-1.019900	-1.019900	-2.189825	0.058103	-0.382470	-0.382470	0.058103	-2.189825
