A	2.277697	0.421538	0.809215	0.290691	-0.090258	0.275392	-0.171788	0.462643	-6.598053
C	-3.510590	-6.598053	-6.598053	-6.598053	-6.598053	-6.598053	-5.428127	-6.598053	-6.598053
D	-6.598053	-5.428127	-0.758849	0.979376	-0.526590	-1.968696	-2.715409	-2.598053	-6.598053
E	-3.312650	-6.598053	-1.703235	1.261482	-0.258202	-1.897613	-1.240500	0.732864	-6.598053
F	-2.843165	-4.790698	1.206079	-1.035810	0.489410	0.871589	1.237998	-0.609368	-4.790698
G	1.237998	-2.388599	-0.090258	0.787810	-0.013090	-0.031998	-1.378884	-0.130447	-6.598053
H	-1.897613	-6.598053	-2.715409	-1.643856	-1.074491	-1.829868	-0.998140	-1.114237	-0.925627
I	-0.925627	0.979376	0.921584	-1.285170	0.228496	1.276929	1.568111	-1.378884	-6.598053
K	0.421538	-6.598053	-4.013090	0.005574	0.244298	-1.074491	-1.035810	0.421538	4.006732
L	-0.890693	0.005574	1.542777	-0.192911	0.290691	1.344462	1.510472	1.269226	-6.598053
M	-3.138621	-2.983343	0.489410	-3.138621	-2.294272	-0.890693	-1.155109	-2.043464	-6.598053
N	-2.843165	-4.013090	-0.214348	0.077905	-0.374051	-0.925627	-1.035810	0.320811	-6.598053
P	-4.350125	-6.598053	-2.043464	1.429853	1.623535	0.744022	0.421538	1.214125	-6.598053
Q	-0.609368	-0.398380	0.435371	-0.192911	-0.609368	-0.500020	-0.890693	0.489410	-6.598053
R	0.379227	-5.428127	-4.350125	-1.074491	-1.285170	-1.643856	-1.240500	-0.258202	1.436746
S	2.337849	1.463994	0.901793	0.988787	0.290691	0.515690	-0.856586	0.275392	-6.598053
T	0.077905	2.605907	-0.581244	0.379227	0.180025	0.591772	0.320811	0.462643	-6.598053
V	0.407572	2.471397	0.146781	-0.856586	1.156835	1.230084	1.490736	0.005574	-6.598053
W	-6.598053	-6.598053	-3.138621	-2.489528	-1.197173	-2.598053	-1.428127	-3.740072	-6.598053
Y	-3.740072	-6.598053	0.489410	-1.531963	-0.110212	-0.961428	-0.423127	-0.150969	-0.998140
