A	-3.343677 0.951733 1.394898 0.367112 0.886444 2.872206 2.589490 0.965549 1.494201
C	-8.957584 -8.958503 -5.483426 -8.955964 -8.958216 -4.928209 -3.970390 -8.958373 -4.941793
D	-3.346477 -1.015532 -0.740977 0.645578 -0.324022 -5.642602 -2.054836 -0.417899 0.907269
E	-2.764915 1.409592 -0.162593 2.356431 0.641172 -3.382966 1.244851 1.418848 0.530161
F	-3.571713 -0.454154 0.047214 -5.057106 -1.886396 -1.448060 -2.089746 -1.972529 -2.958158
G	-6.358582 -1.960396 0.981777 -2.645897 -1.904127 -0.258946 -0.863399 -0.845313 -1.480655
H	-4.343938 -2.930116 -2.221004 -5.690516 -3.157299 -8.862589 -5.152845 -2.193555 0.149085
I	-5.680641 0.349266 0.075889 1.597422 0.636584 0.700077 -0.621613 -0.453265 -2.126329
K	3.996613 0.227174 -4.495540 -8.756830 0.854814 -4.734674 -1.436198 1.141734 -2.847352
L	-4.049317 1.511357 0.087457 -1.815418 1.508773 -0.398106 1.804541 0.687867 0.555975
M	-8.736073 -2.371882 -1.235185 -2.978409 -1.235063 -2.681154 -1.855150 -2.673299 -3.344357
N	-5.508440 -0.927848 -1.006768 -2.142901 -1.112313 -5.709035 -0.779120 -0.654349 1.851431
P	-2.889364 -2.818659 0.247847 0.289749 0.969347 1.453670 -0.633873 0.302161 -4.583712
Q	-4.159759 -0.302102 -0.544856 -1.910925 0.264198 -4.913986 -0.453439 0.512304 -0.207944
R	1.570055 0.273967 -4.057360 -8.878294 -0.835878 -8.944162 -3.496191 0.506409 -5.209839
S	-5.015979 -0.365306 1.064993 0.970480 -0.193308 0.054198 -0.051677 0.546326 1.859914
T	-2.566119 0.698322 -0.298190 1.506734 0.541313 -1.143048 -0.494459 0.164009 -0.034695
V	-4.668175 1.021039 1.468271 0.888889 0.716726 2.110290 0.927634 0.254514 0.164454
W	-6.105747 -2.012053 -1.173000 -8.921152 -5.393974 -4.286952 -4.757930 -3.664014 -8.836910
Y	-5.150537 -0.085895 0.586368 -8.666516 -1.605280 -3.400431 -4.469220 -1.640965 -5.252847
