A	1.114257	-3.700440	0.809618	-0.288626	0.164631	0.299560	-0.807355	0.809618	0.233672	-0.739610
C	-5.507795	-5.507795	-5.507795	-4.337870	-4.337870	-4.337870	-4.337870	-5.507795	-5.507795	-5.507795
D	-5.507795	-4.337870	0.299560	2.069634	0.422943	0.128830	-1.115477	-2.048363	-4.337870	-5.507795
E	-5.507795	-5.507795	-2.649814	2.449307	0.959811	0.164631	-0.496567	0.164631	0.854149	-5.507795
F	0.854149	-3.259867	1.095832	-3.259867	-1.204014	-1.507795	-0.337870	-1.298341	-0.674905	0.480890
G	0.331409	-3.700440	-2.420332	0.716207	1.930997	0.959811	0.832055	-2.420332	0.740133	-5.507795
H	-1.893085	-5.507795	-1.507795	-1.625152	-0.241008	-0.674905	-0.553598	0.266992	0.164631	-5.507795
I	-0.612977	0.616327	0.667131	-3.259867	0.015767	-0.441705	1.019682	0.590237	-2.922832	1.039100
K	1.941354	-5.507795	-1.752907	-0.023979	0.331409	0.918470	-0.023979	-1.204014	0.918470	-5.507795
L	-0.496567	3.785102	1.592868	-2.222392	0.199564	0.480890	1.657112	0.939289	0.128830	2.926834
M	-3.259867	-0.739610	-0.388854	-5.507795	-2.649814	-1.893085	-1.752907	-1.893085	-3.700440	-0.496567
N	-3.259867	-5.507795	-1.752907	-0.878438	-0.337870	-0.496567	-0.150243	-0.553598	-0.241008	-5.507795
P	-5.507795	-4.337870	1.930997	1.365649	0.897347	1.396087	1.411069	1.237039	-2.420332	-5.507795
Q	-1.893085	1.114257	-0.496567	-1.032061	-0.496567	0.266992	-0.553598	0.199564	1.203012	-5.507795
R	1.425896	-5.507795	-1.752907	-1.507795	-2.048363	-0.496567	-1.298341	-0.953206	0.422943	-5.507795
S	1.318754	-3.700440	-0.674905	0.266992	-0.288626	-0.150243	-0.612977	0.092118	1.185692	-5.507795
T	-0.106915	-3.259867	-3.259867	-1.204014	-0.553598	0.563668	-0.612977	0.563668	0.980045	-5.507795
V	-0.194912	0.266992	-0.441705	-2.222392	0.452207	0.452207	1.132450	1.605948	-0.807355	2.857434
W	-5.507795	-5.507795	-2.420332	-5.507795	-2.922832	-4.337870	-4.337870	-3.700440	-5.507795	-5.507795
Y	0.786826	-5.507795	0.786826	-2.048363	-1.893085	-2.048363	-1.752907	-0.807355	-0.288626	-3.259867
