A	0.618910	-4.392317	0.440573	-1.106915	0.726624	0.375867	0.777608	-0.392317	0.000000	0.777608	-0.932886
C	-4.392317	-4.392317	-4.392317	-4.392317	-4.392317	-4.392317	-4.392317	-4.392317	-4.392317	-4.392317	-4.392317
D	-4.392317	-4.392317	-0.182864	2.681824	0.726624	0.561879	0.502500	-0.283793	-3.222392	-4.392317	-4.392317
E	-4.392317	-4.392317	-2.584963	2.352516	1.446886	1.244307	0.965235	-0.182864	-0.283793	0.000000	-4.392317
F	1.008562	-4.392317	1.050626	-3.222392	-2.144390	-4.392317	-2.584963	-1.807355	-0.932886	-1.807355	0.083416
G	0.502500	-4.392317	-1.534336	0.920566	0.162271	1.091498	1.091498	0.502500	-1.807355	-0.637430	-4.392317
H	-1.304855	-4.392317	-2.144390	-1.807355	-0.637430	-0.932886	0.375867	-0.392317	0.777608	0.673772	-4.392317
I	0.726624	0.673772	1.349150	-4.392317	-0.932886	0.502500	-1.106915	1.207595	0.826851	-3.222392	0.502500
K	1.508549	-4.392317	-4.392317	-0.637430	-0.182864	-0.182864	0.826851	-0.088537	-0.932886	1.567685	-4.392317
L	-0.932886	3.804899	2.135160	-2.144390	0.162271	-0.392317	-0.283793	1.538420	1.415037	0.000000	3.285402
M	-2.584963	-0.088537	-0.283793	-4.392317	-3.222392	-3.222392	-3.222392	-2.584963	-0.283793	-2.584963	-0.932886
N	-1.534336	-4.392317	-2.584963	-0.932886	-0.182864	0.083416	-0.777608	0.000000	-0.932886	-0.182864	-4.392317
P	-4.392317	-4.392317	1.925095	1.091498	1.925095	0.826851	0.308122	-0.182864	0.000000	-1.534336	-4.392317
Q	-2.144390	0.237039	-1.534336	-1.534336	-0.088537	-0.283793	0.237039	-0.509674	1.508549	1.169925	-4.392317
R	1.624491	-4.392317	-3.222392	-1.807355	-1.304855	-1.304855	0.083416	-1.106915	-0.637430	1.008562	-4.392317
S	0.965235	-4.392317	-1.106915	-0.182864	0.673772	1.091498	0.618910	0.440573	-0.392317	0.726624	-4.392317
T	-0.283793	-3.222392	-2.584963	-2.144390	-0.777608	-0.088537	0.000000	0.502500	-0.088537	1.050626	-4.392317
V	0.162271	0.618910	-0.088537	-3.222392	-0.283793	0.618910	0.440573	1.315042	1.244307	-0.777608	2.599204
W	-3.222392	-4.392317	-1.807355	-4.392317	-4.392317	-3.222392	-4.392317	-4.392317	-3.222392	-4.392317	-4.392317
Y	0.673772	-4.392317	-0.283793	-2.584963	-2.144390	-2.584963	-3.222392	-1.534336	-0.932886	-0.777608	-4.392317
