A	-0.259867	-2.507795	0.077168	-2.507795	0.951637	-0.259867	0.350186	-2.507795
C	-2.507795	-2.507795	-2.507795	-2.507795	-2.507795	-2.507795	-2.507795	-2.507795
D	-2.507795	-2.507795	2.121562	-0.700440	-2.507795	-2.507795	-2.507795	-2.507795
E	-2.507795	-2.507795	-0.259867	1.701659	-0.700440	-1.337870	1.106915	-2.507795
F	0.951637	0.579668	1.374848	-2.507795	-2.507795	0.579668	-0.700440	-2.507795
G	-0.259867	-2.507795	1.600730	-0.700440	-1.337870	-2.507795	-1.337870	-2.507795
H	-1.337870	-2.507795	-1.337870	0.579668	-0.700440	1.884523	-0.259867	-2.507795
I	0.350186	0.579668	0.077168	-0.700440	1.701659	0.077168	-1.337870	0.077168
K	0.579668	-2.507795	-2.507795	2.325095	-1.337870	-0.700440	1.492205	-2.507795
L	1.247093	3.199564	-0.259867	-0.259867	1.106915	-0.259867	-1.337870	3.164631
M	-2.507795	-0.259867	-2.507795	-2.507795	-1.337870	-2.507795	-2.507795	-1.337870
N	-2.507795	-2.507795	-1.337870	-0.259867	-1.337870	-2.507795	-0.700440	-2.507795
P	-2.507795	-2.507795	0.777608	0.951637	1.374848	-0.259867	-2.507795	-2.507795
Q	-2.507795	1.967939	-1.337870	-0.700440	-2.507795	-0.700440	1.106915	-2.507795
R	-0.259867	-2.507795	-2.507795	0.350186	-2.507795	0.077168	0.951637	-2.507795
S	0.777608	-2.507795	0.350186	-0.700440	-2.507795	-2.507795	1.247093	-2.507795
T	-1.337870	-2.507795	-2.507795	-1.337870	-0.700440	0.777608	0.951637	-2.507795
V	1.106915	-1.337870	-2.507795	-0.259867	2.325095	1.967939	-1.337870	2.758992
W	-2.507795	-2.507795	-2.507795	-2.507795	-2.507795	-0.259867	-2.507795	-2.507795
Y	2.121562	-1.337870	-0.259867	-2.507795	-1.337870	0.077168	-0.259867	-2.507795
