A	1.092949	-1.443035	0.840117	0.133267	0.248795	0.047223	0.347138	0.628872	-0.928861
C	-8.942881	-8.942881	-7.772956	-7.772956	-7.772956	-7.772956	-6.694953	-8.942881	-8.942881
D	-7.772956	-8.942881	0.609788	1.519621	-0.814887	-1.443035	-1.716469	-3.103677	-8.942881
E	-3.676094	-7.135526	-2.357918	2.016397	0.192187	-0.290932	0.179300	0.913934	-8.942881
F	0.422895	-1.728562	-0.010666	-2.743209	-0.605259	-0.739533	-0.477315	-1.777974	0.309193
G	0.195391	-4.467148	-1.221782	0.510390	0.156467	-1.130704	-3.342968	-0.422262	-8.942881
H	-0.364508	-7.135526	-0.225205	-0.935854	0.217621	-1.091132	0.702777	0.089165	-8.942881
I	0.230171	0.833963	0.702777	-1.965601	0.570847	1.504202	0.355754	-2.559177	1.668835
K	1.522175	-6.084900	0.119840	0.633603	1.098094	-0.457052	-0.789329	1.435414	-7.772956
L	-0.117922	3.207104	1.203688	-1.309886	0.729544	1.491226	1.269007	-0.117922	2.914225
M	-2.743209	-0.299927	-0.978540	-4.313524	-3.072516	-2.198047	-2.320829	-3.042014	-1.106831
N	-1.473239	-7.135526	-0.070976	-0.322661	-0.539869	-0.697328	-0.795676	0.116463	-8.942881
P	-7.135526	-8.942881	0.989703	1.270527	-0.281994	0.481810	1.009860	-3.459065	-7.772956
Q	-0.369234	2.058351	-0.286456	-0.014363	-0.018068	-0.010666	0.860443	0.933252	-8.942881
R	1.290139	-4.467148	-0.978540	-0.577652	0.123208	-1.060238	-0.304445	1.020738	-7.772956
S	1.130256	-2.132309	0.422895	0.643020	0.254950	0.109687	-0.308978	1.146900	-7.772956
T	-0.098175	-1.106831	-0.255505	-0.508253	0.264133	0.568377	0.422895	0.811171	-4.834357
V	0.198588	1.186080	0.092605	-1.403722	1.121862	1.681458	1.089509	-0.467148	2.753435
W	-5.328171	-5.328171	-2.871419	-6.357918	-4.639100	-6.084900	-3.103677	-7.772956	-8.942881
Y	0.604978	-2.249394	0.050765	-3.306256	-0.834357	-1.365452	-0.393096	-0.685493	-2.054138
