A	-2.962438 1.091002 1.248219 0.955536 0.804886 2.894119 0.362152 0.950126 -0.193711
C	-9.628820 -9.629887 -9.627231 -9.630040 -9.621658 -4.245145 -9.628375 -6.067657 -4.183669
D	-5.532892 -0.954898 -0.408834 -1.657646 -0.393380 -2.394396 -2.823101 -0.196426 -2.086238
E	-3.349053 0.893098 0.042723 0.829408 0.770105 -2.191432 0.702755 1.370187 -1.491356
F	-1.063886 -0.521614 0.111253 -2.518218 -1.099352 -0.238221 -1.472521 -1.600459 -1.647440
G	-5.023889 -2.167786 0.656322 -1.678598 -0.675217 -0.142481 -2.394458 -0.595201 -5.385000
H	-3.341669 -2.309288 -2.282621 -0.038679 -1.206595 -4.895927 0.183023 -1.305289 -5.063479
I	-1.377085 0.898092 0.517693 1.242121 0.624872 0.298306 -0.956213 -0.223984 1.375990
K	3.828120 0.275133 -2.298928 1.167910 0.580861 -9.096947 1.614870 0.730232 -1.716737
L	-1.465165 1.657850 0.904429 -0.347590 1.302617 -0.396016 1.652115 0.514972 3.168042
M	-4.353862 -1.542500 -1.540023 -2.433531 -1.335117 -3.214398 -3.258411 -2.189865 -1.000196
N	-4.476376 -0.662730 -0.729832 -1.118614 -0.544864 -3.397074 0.181255 -0.541496 -2.531478
P	-3.665906 -3.215322 -0.027881 0.866079 0.604417 1.557062 -2.358328 -0.391346 -5.389298
Q	-3.473239 -0.764734 -0.563062 -0.345971 0.163159 -8.641458 1.883449 0.517836 -1.973628
R	1.628895 -0.060018 -2.531433 -2.161201 -0.510885 -8.541550 0.665920 0.764620 -4.061329
S	-3.888396 -0.372901 0.650511 1.250173 0.013572 -0.104229 -1.541013 0.452199 -0.834709
T	-3.066524 0.195075 -0.086415 0.487667 0.505663 -0.586930 -2.199878 0.234791 -0.634325
V	-2.052500 1.365323 1.411676 0.834786 0.504018 1.745874 -0.356292 0.652495 1.977837
W	-4.977890 -2.166218 -1.223461 -5.092296 -5.371618 -5.453406 -2.590032 -4.337728 -6.564170
Y	-1.404649 -0.324108 0.129217 -4.862983 -1.123723 -2.306473 -1.646528 -1.789382 -4.247379
