A	-4.591503 0.529477 1.063158 0.164663 0.414192 2.778570 0.310768 0.247818 0.047022
C	-10.047789 -4.405626 -4.374320 -7.011532 -4.990117 -6.628242 -4.932687 -4.709053 -5.107734
D	-9.898011 -1.242076 -2.187760 -3.402089 -0.430622 -0.490460 -1.670952 -1.048108 -2.023188
E	-9.845268 0.573656 -0.277034 -0.117834 0.315527 -0.361772 0.112033 0.369682 -1.105157
F	-0.265112 -0.589147 0.150206 2.230953 -1.909027 -5.852019 -0.001663 -1.576742 -1.797594
G	-9.730118 -2.319391 -0.543741 -4.735943 -0.431057 1.136926 -1.775614 0.119006 -0.295613
H	-9.352641 -0.260193 -0.925440 -0.785761 -0.291663 -3.165355 0.625370 0.036755 -1.195404
I	3.172625 0.478535 1.088372 0.568404 -0.535901 -2.253904 0.073203 -0.849986 -0.111231
K	-9.821607 1.130206 0.156492 -1.398140 1.531938 -2.620974 0.916341 1.180848 1.419377
L	2.112820 0.898196 0.829198 0.807399 -0.191205 -3.862589 0.911610 1.291262 0.725884
M	-1.147681 -2.602445 -1.157567 -0.595280 -2.104499 -6.117034 -2.492004 -2.201430 -3.046842
N	-9.508663 -0.957916 -1.228206 -4.923306 -0.311184 0.409981 -0.063886 -0.289711 -0.852261
P	-6.268382 -9.694292 0.228763 -8.038199 0.933406 -0.138756 0.458737 0.901127 -4.010355
Q	-9.736051 0.116216 -0.006029 -0.490926 0.296289 -1.392758 0.523156 -0.127217 -0.930298
R	-8.816915 1.157406 0.074719 -2.191511 0.899341 -3.319400 0.452640 0.862074 2.823961
S	-9.710010 -0.017674 0.450122 -0.884844 0.449459 1.871647 0.463639 0.221555 -0.145382
T	-4.468734 0.321928 -0.166250 -0.753030 0.338797 0.812534 -0.685338 -0.261839 -1.958409
V	2.259128 1.007440 0.781195 0.307121 0.271019 -0.478547 0.431522 -0.001264 0.392535
W	-8.518078 -2.084107 -1.927590 -0.180803 -2.901421 -10.049904 -2.607021 -3.611579 -10.050406
Y	-1.082903 -0.039159 0.192803 2.016960 -1.493865 -8.642230 -0.234526 -0.823320 -0.699752
