A	2.129538	-7.859146	1.098681	0.161833	1.035671	0.506082	0.549183	0.841293	0.356387	-6.051792
C	-7.859146	-7.859146	-5.274184	-7.859146	-6.051792	-5.274184	-6.051792	-6.051792	-6.689221	-7.859146
D	-2.019943	-4.104259	0.719226	1.193422	0.126695	-0.138047	-0.632734	-0.669322	-1.475442	-7.859146
E	2.088125	4.227985	1.134500	1.586386	0.937704	0.533171	0.023497	0.742624	0.404123	-7.859146
F	-3.383413	-7.859146	-1.064731	-2.051792	-1.519296	-1.432882	-1.148340	-2.375331	-1.391541	2.690157
G	-0.825723	-6.689221	-0.484107	0.392336	0.680982	0.484039	0.828229	-1.032598	0.415814	-6.689221
H	-1.148340	-0.339510	-1.165660	-1.064731	-1.001166	-0.669322	-0.369299	-0.155243	-0.409998	-6.689221
I	-2.546264	-5.274184	1.193422	-0.798451	-0.181427	-0.226151	0.046241	0.119564	-2.117680	1.210303
K	-0.300726	-6.689221	0.015835	0.559760	0.008132	0.783808	1.087760	-0.015225	1.565545	-7.859146
L	-2.592360	-5.274184	0.626683	0.154874	0.421624	0.888207	0.275280	-0.528230	0.182513	3.066222
M	-1.988782	-6.689221	-0.063107	-3.229790	-2.458267	-2.019943	-2.416203	-2.964329	-2.259234	-0.620742
N	-0.771684	-7.859146	0.319518	-0.095934	0.202900	-0.087657	0.467283	0.606420	-0.420355	-7.859146
P	-7.859146	-4.771684	-1.928409	0.723936	0.969783	-0.319988	-0.379366	-0.657023	-4.399715	-6.689221
Q	1.155571	-2.546264	0.913168	0.522396	0.249378	0.828229	0.543866	1.243485	0.941753	-7.859146
R	-0.235265	-5.001166	-1.988782	0.202900	-0.608848	0.112397	0.478475	0.533171	0.961830	-6.689221
S	1.606930	-6.051792	0.356387	0.495103	0.751878	0.705003	0.398241	0.374473	0.879790	-7.859146
T	0.433175	-4.771684	-1.497203	-0.409998	-0.063107	0.409980	0.223003	0.549183	1.069372	-6.689221
V	-1.454005	-6.689221	-0.121054	-0.620742	0.255897	0.288058	0.281683	1.193422	-0.031010	-2.186721
W	-5.274184	-7.859146	-4.104259	-4.771684	-4.771684	-5.001166	-4.771684	-4.771684	-5.611219	0.368469
Y	-2.689221	-6.689221	-1.761114	-1.928409	-2.051792	-1.659474	-0.825723	-1.475442	-1.237095	-0.732442
