A	2.428934	-5.650254	1.129648	0.213244	0.951311	0.766661	0.803703	0.934709	0.900920	0.669669	-4.572251
C	-6.820179	-6.820179	-6.820179	-5.650254	-6.820179	-5.650254	-6.820179	-6.820179	-6.820179	-5.650254	-6.820179
D	-2.427862	-4.572251	0.776011	1.193842	0.587089	0.319372	-0.058628	-0.775785	-1.257937	-1.808952	-6.820179
E	1.695521	4.214104	1.200801	1.786226	1.122336	0.934709	0.618613	0.253963	0.226945	0.068564	-5.650254
F	-4.235216	-6.820179	-1.078712	-2.119739	-2.190822	-1.925361	-1.808952	-2.119739	-1.865983	-2.051995	2.904335
G	-0.458235	-5.650254	-0.572251	0.465223	0.406233	0.785301	0.875049	0.866322	-0.860177	0.253963	-6.820179
H	-1.701238	-0.860177	-0.860177	-1.553392	-1.147754	-0.949814	-0.458235	-0.803371	0.037802	-0.596177	-5.012824
I	-3.205469	-6.820179	0.900920	-0.645253	-0.596177	-0.109373	-0.436475	0.226945	-0.126692	-2.516398	0.794531
K	-0.480329	-6.820179	0.406233	0.083703	-0.254125	0.649463	1.114986	1.114986	0.679667	1.517443	-6.820179
L	-3.534777	-1.865983	0.418226	0.510738	0.006370	0.037802	0.441916	-0.092259	-0.393914	0.718980	2.950485
M	-2.344446	-5.650254	-0.458235	-2.119739	-2.937536	-2.265590	-2.516398	-4.235216	-3.205469	-2.427862	-0.949814
N	-0.415037	-6.820179	0.253963	-0.109373	0.037802	0.068564	-0.126692	0.022171	0.418226	-0.572251	-6.820179
P	-6.820179	-3.534777	-1.754090	0.618613	0.967724	-0.092259	-0.332339	-0.436475	-0.860177	-4.572251	-5.012824
Q	1.070085	-2.711655	1.320651	0.488160	0.267284	0.006370	0.369646	0.718980	1.395354	0.785301	-6.820179
R	-0.198127	-3.962198	-1.808952	-0.216553	-0.480329	0.037802	0.128188	0.406233	0.959540	0.943033	-6.820179
S	1.700440	-4.572251	0.083703	0.306526	1.007958	1.107599	0.776011	0.699457	0.280483	0.803703	-6.820179
T	0.394140	-5.012824	-1.754090	-0.332339	0.253963	0.441916	0.293563	0.319372	0.142717	1.200801	-6.820179
V	-1.147754	-3.732716	-0.198127	-0.596177	0.280483	0.098684	0.006370	0.476737	1.070085	0.381945	-2.190822
W	-4.572251	-6.820179	-3.534777	-4.235216	-4.572251	-4.572251	-5.012824	-5.012824	-3.962198	-5.012824	0.659601
Y	-2.344446	-6.820179	-1.987289	-1.701238	-1.377235	-2.051995	-1.336363	-1.601010	-1.507296	-1.507296	-0.919312
