A	2.721769	-4.778077	1.605627	0.288012	1.122790	0.745485	0.929282	0.894348	1.181925	1.181925	0.705739	-4.778077
C	-4.778077	-4.778077	-4.778077	-4.778077	-4.778077	-4.778077	-4.778077	-4.778077	-3.608152	-4.778077	-4.778077	-4.778077
D	-2.193115	-4.778077	0.054813	1.749400	0.176119	0.705739	0.340864	-0.077637	0.054813	-0.669553	-2.530150	-4.778077
E	1.689528	4.253969	0.488709	1.915410	0.441091	0.996710	0.784165	0.233150	-0.669553	-0.385760	-0.009893	-4.778077
F	-3.608152	-4.778077	-0.895434	-1.690614	-1.492675	-1.920096	-3.608152	-1.920096	-1.492675	-2.530150	-1.690614	3.119768
G	-0.895434	-3.608152	-0.895434	0.894348	0.929282	1.210608	1.445925	1.561773	0.821836	-0.009893	0.579475	-4.778077
H	-2.970722	-2.530150	-0.669553	-2.970722	-1.492675	-0.474296	-1.163367	-1.163367	-1.163367	-0.568624	-0.778077	-4.778077
I	-2.193115	-4.778077	1.061127	-1.492675	-0.568624	-1.690614	-1.023190	-0.669553	-0.009893	-0.778077	-4.778077	0.705739
K	-0.568624	-4.778077	0.622802	-0.009893	-0.778077	0.288012	0.821836	1.421595	1.092288	0.116741	1.445925	-4.778077
L	-2.970722	-4.778077	0.288012	-0.009893	0.963390	0.233150	0.054813	-0.302344	-0.223488	-0.474296	0.340864	2.721769
M	-2.970722	-4.778077	0.176119	-4.778077	-1.163367	-4.778077	-2.970722	-2.970722	-2.970722	-3.608152	-1.920096	-1.318646
N	-1.920096	-4.778077	0.116741	-0.669553	-0.223488	0.233150	-0.009893	-0.385760	-0.474296	0.288012	-0.568624	-4.778077
P	-4.778077	-4.778077	-2.193115	0.821836	1.181925	-0.009893	0.116741	-0.223488	0.116741	-0.223488	-3.608152	-4.778077
Q	1.181925	-4.778077	1.293385	0.288012	0.054813	0.288012	0.116741	0.233150	0.288012	1.346044	0.858547	-4.778077
R	-0.385760	-4.778077	-1.492675	-0.385760	-0.778077	-0.385760	0.054813	-0.778077	0.441091	0.894348	0.664866	-4.778077
S	1.627064	-4.778077	-0.669553	0.288012	0.821836	0.996710	1.266317	1.181925	1.238731	0.929282	1.421595	-4.778077
T	0.116741	-3.608152	-1.492675	-1.023190	-0.148721	0.391848	-0.302344	0.054813	0.116741	0.233150	0.858547	-4.778077
V	-1.163367	-4.778077	0.288012	-0.778077	0.534806	-0.009893	-0.568624	-0.385760	0.340864	1.061127	0.340864	-4.778077
W	-4.778077	-4.778077	-2.970722	-3.608152	-3.608152	-4.778077	-4.778077	-4.778077	-4.778077	-4.778077	-4.778077	0.894348
Y	-4.778077	-4.778077	-1.492675	-2.530150	-3.608152	-2.970722	-1.920096	-0.778077	-2.530150	-1.690614	-0.895434	-1.690614
