A	3.067114	-2.977280	1.917538	0.308122	1.498454	0.482152	1.022720	-0.392317	0.482152	1.022720	1.232173	0.905363	-2.977280
C	-2.977280	-2.977280	-2.977280	-2.977280	-2.977280	-2.977280	-2.977280	-2.977280	-1.807355	-2.977280	-2.977280	-2.977280	-2.977280
D	-2.977280	-2.977280	1.022720	1.577309	-0.392317	0.308122	-0.392317	-0.119299	-1.169925	-1.169925	-2.977280	-2.977280	-2.977280
E	1.415037	4.136462	-1.807355	1.652077	-0.119299	0.308122	0.777608	-0.119299	0.637430	-0.119299	0.482152	0.110183	-2.977280
F	-2.977280	-2.977280	-1.807355	-1.807355	-1.169925	-1.807355	-1.807355	-1.807355	-1.807355	-1.169925	-0.729352	-1.169925	3.172467
G	-2.977280	-2.977280	-0.392317	0.308122	0.308122	1.131245	0.482152	1.498454	1.917538	1.131245	0.308122	0.308122	-2.977280
H	-0.119299	-2.977280	-1.807355	-2.977280	-1.807355	-0.119299	0.110183	-1.807355	-0.392317	-0.392317	-1.169925	-1.807355	-2.977280
I	-2.977280	-2.977280	1.652077	-1.169925	0.308122	-1.169925	0.110183	-1.807355	-2.977280	0.482152	-0.729352	-1.807355	-0.392317
K	-0.392317	-2.977280	-0.119299	-0.119299	-0.729352	-0.119299	1.022720	1.022720	1.415037	0.777608	-0.392317	0.308122	-2.977280
L	-2.977280	-2.977280	0.482152	-1.169925	0.637430	0.637430	-0.119299	-0.392317	-1.807355	-1.169925	-1.807355	1.022720	2.659345
M	-1.807355	-2.977280	-0.729352	-2.977280	-2.977280	-1.807355	-1.807355	-1.807355	-1.807355	-1.807355	-1.807355	-2.977280	-1.807355
N	-0.729352	-2.977280	-0.729352	-0.729352	0.110183	0.482152	-1.169925	-0.392317	-0.729352	-0.392317	0.308122	0.110183	-2.977280
P	-2.977280	-2.977280	-2.977280	1.232173	1.326501	0.637430	-0.729352	1.415037	-0.119299	0.110183	-0.392317	-2.977280	-2.977280
Q	-1.169925	-2.977280	1.131245	0.637430	-0.729352	-0.729352	-0.729352	-0.729352	0.777608	0.482152	1.232173	1.326501	-2.977280
R	0.637430	-2.977280	-2.977280	-0.119299	-0.729352	-0.119299	-0.729352	-0.729352	0.110183	-0.392317	0.637430	0.308122	-2.977280
S	1.232173	-2.977280	0.482152	0.777608	1.022720	0.905363	1.415037	1.131245	0.308122	1.022720	0.905363	1.415037	-2.977280
T	-0.392317	-2.977280	-1.807355	-1.807355	0.777608	0.110183	0.482152	1.415037	0.308122	0.308122	0.482152	1.326501	-2.977280
V	-2.977280	-2.977280	0.482152	-0.392317	-0.119299	0.308122	0.637430	-0.392317	-0.392317	0.637430	1.232173	-0.729352	-2.977280
W	-2.977280	-2.977280	-2.977280	-2.977280	-1.807355	-1.807355	-2.977280	-2.977280	-2.977280	-2.977280	-2.977280	-2.977280	0.482152
Y	-2.977280	-2.977280	-2.977280	-0.729352	-2.977280	-1.169925	-1.807355	-2.977280	-1.169925	-1.807355	-2.977280	-1.807355	-1.169925
