A	2.749192	-1.554589	1.730813	-0.384664	1.303392	1.030374	0.252766	0.252766	-0.384664	-0.384664	0.252766	0.693339	0.693339	-1.554589
C	-1.554589	-1.554589	-1.554589	-1.554589	-1.554589	-1.554589	-1.554589	-1.554589	-1.554589	-1.554589	-1.554589	-1.554589	-1.554589	-1.554589
D	-1.554589	-1.554589	-0.384664	1.303392	-1.554589	-0.384664	-0.384664	0.693339	0.693339	1.303392	-0.384664	0.252766	-1.554589	-1.554589
E	1.030374	3.758294	0.252766	0.693339	0.252766	0.252766	0.693339	-0.384664	-1.554589	-0.384664	-1.554589	0.693339	-0.384664	-1.554589
F	-1.554589	-1.554589	-0.384664	-1.554589	-1.554589	-1.554589	-1.554589	-1.554589	-1.554589	-1.554589	-0.384664	-0.384664	-1.554589	3.399607
G	-0.384664	-1.554589	-0.384664	1.532874	1.303392	0.252766	1.730813	1.730813	1.730813	0.693339	1.030374	-0.384664	0.693339	-1.554589
H	-0.384664	-1.554589	-0.384664	-1.554589	-1.554589	0.693339	-0.384664	-0.384664	-1.554589	-1.554589	-0.384664	-1.554589	-1.554589	-1.554589
I	-1.554589	-1.554589	0.252766	-0.384664	-1.554589	-0.384664	-0.384664	-0.384664	-0.384664	-1.554589	-0.384664	-1.554589	-1.554589	-1.554589
K	-0.384664	-1.554589	-0.384664	0.252766	-0.384664	0.693339	0.693339	0.693339	0.693339	-0.384664	0.252766	-0.384664	1.030374	-1.554589
L	-1.554589	-1.554589	0.252766	0.252766	-0.384664	0.252766	-0.384664	-1.554589	-1.554589	0.252766	-1.554589	0.252766	-0.384664	0.693339
M	-1.554589	-1.554589	0.693339	-1.554589	-1.554589	-1.554589	-1.554589	-1.554589	-1.554589	-1.554589	-1.554589	-1.554589	-1.554589	-1.554589
N	-1.554589	-1.554589	-1.554589	-0.384664	-0.384664	-0.384664	-1.554589	0.693339	-0.384664	0.252766	0.693339	1.303392	0.693339	-1.554589
P	-1.554589	-1.554589	-0.384664	1.030374	0.693339	0.693339	-0.384664	0.693339	0.693339	1.030374	0.252766	-1.554589	-1.554589	-1.554589
Q	0.252766	-1.554589	1.030374	0.252766	-1.554589	-0.384664	-1.554589	-0.384664	1.030374	1.030374	0.252766	0.693339	-0.384664	-1.554589
R	-1.554589	-1.554589	-1.554589	-0.384664	-1.554589	-1.554589	1.030374	-1.554589	-1.554589	-0.384664	0.252766	-0.384664	-0.384664	-1.554589
S	1.030374	-1.554589	-0.384664	0.252766	1.303392	1.030374	-0.384664	1.303392	1.303392	1.030374	1.303392	0.252766	1.904843	-1.554589
T	0.252766	-1.554589	0.252766	-1.554589	-0.384664	0.693339	-0.384664	-0.384664	-0.384664	0.252766	0.252766	0.252766	1.030374	-1.554589
V	-0.384664	-1.554589	0.252766	-1.554589	1.303392	-1.554589	1.030374	-1.554589	0.252766	-0.384664	0.252766	1.303392	0.252766	-1.554589
W	-1.554589	-1.554589	-1.554589	-1.554589	-1.554589	-0.384664	-1.554589	-1.554589	-1.554589	-1.554589	-1.554589	-1.554589	-1.554589	0.693339
Y	-1.554589	-1.554589	-1.554589	-0.384664	0.252766	-1.554589	-0.384664	-1.554589	-1.554589	-1.554589	-0.384664	-1.554589	-1.554589	-0.384664
