A	2.078951	-3.321928	0.292782	0.137504	2.161888	0.432959	0.887525	-3.321928
C	-3.321928	-3.321928	-3.321928	-3.321928	-3.321928	-3.321928	-3.321928	-3.321928
D	-0.463947	0.137504	0.137504	-0.036526	0.137504	-3.321928	-3.321928	-3.321928
E	2.638074	3.997744	1.153805	0.678072	-0.463947	0.137504	-0.234465	-3.321928
F	-3.321928	-3.321928	-1.074001	0.137504	-3.321928	-0.234465	-0.736966	2.350497
G	-0.463947	-3.321928	0.786596	0.678072	2.201634	-1.074001	-1.074001	-3.321928
H	-0.736966	-1.514573	-0.463947	-2.152003	-1.074001	0.981853	-0.234465	-3.321928
I	-1.514573	-2.152003	1.070389	-0.234465	-3.321928	-0.736966	-2.152003	2.078951
K	-1.514573	-2.152003	-0.036526	1.153805	0.137504	0.887525	2.517276	-3.321928
L	-2.152003	-2.152003	0.292782	0.981853	-1.514573	-1.074001	0.678072	2.419539
M	-0.036526	-2.152003	-1.074001	-2.152003	-3.321928	-3.321928	-3.321928	-0.463947
N	-0.736966	-3.321928	-1.074001	-1.514573	-2.152003	-0.036526	-1.514573	-3.321928
P	-3.321928	-3.321928	-1.514573	1.070389	-0.463947	0.432959	-2.152003	-3.321928
Q	0.292782	-2.152003	1.070389	0.137504	-0.736966	0.292782	-0.234465	-3.321928
R	-1.074001	-3.321928	-1.514573	-0.463947	-0.463947	0.981853	1.153805	-3.321928
S	0.560715	-1.514573	0.560715	-0.736966	1.689299	-0.234465	0.887525	-3.321928
T	-0.036526	-3.321928	-0.234465	0.137504	-1.074001	0.137504	0.137504	-3.321928
V	-1.514573	-3.321928	0.137504	0.292782	-1.074001	1.070389	-1.514573	-1.514573
W	-3.321928	-3.321928	-1.514573	-2.152003	-3.321928	-1.074001	-3.321928	1.510962
Y	-3.321928	-3.321928	-0.736966	-0.736966	-2.152003	-0.036526	-1.074001	-3.321928
