A	1.753728	-1.578257	1.016231	0.250240	0.240521	0.621181	0.400369	0.343995	-5.589771
C	-8.875173	-8.875173	-8.875173	-8.875173	-7.067818	-8.875173	-6.290211	-7.067818	-8.875173
D	-1.511039	-1.941483	1.214608	1.027579	-0.209837	-0.819891	-1.345743	-1.956310	-8.875173
E	1.785268	3.965113	0.549518	1.622678	0.720084	0.104252	0.482379	0.465789	-8.875173
F	-2.032823	-8.875173	-0.760130	-1.457321	-0.779776	-0.868146	-1.260464	-1.446813	2.561018
G	-0.359474	-8.875173	-0.102859	0.514996	0.359045	0.362037	-1.941483	-0.038334	-8.875173
H	-0.847267	0.812640	-0.819891	-1.154074	-0.264149	-0.287396	0.512305	-0.026550	-6.627246
I	-1.897893	-5.589771	0.672685	-0.548744	0.060728	0.623676	-0.010987	-1.828049	1.454903
K	-0.022644	-5.120286	0.173994	0.304114	0.781698	0.643480	0.504205	1.623925	-6.290211
L	-1.031252	-1.841750	0.139545	0.350034	0.523036	0.038464	0.190916	0.297879	3.043317
M	-1.660854	-5.120286	-0.925347	-2.290211	-2.367379	-2.858365	-2.271547	-2.234928	-0.617786
N	-0.127820	-7.067818	0.633612	-0.394383	-0.268768	-0.098740	-0.050215	-0.531988	-8.875173
P	-7.067818	-1.355537	-2.387333	1.186198	0.520361	-0.007123	0.288476	-3.980356	-6.627246
Q	0.724739	-0.278052	0.752360	0.071733	0.227459	0.487866	0.965998	0.720084	-6.290211
R	-0.259544	-2.603710	-1.748469	-0.254954	0.149966	0.149966	0.608642	1.020023	-7.067818
S	1.699184	-4.042283	0.913953	0.343995	0.613671	0.765975	0.220883	1.044435	-7.705248
T	0.677496	-4.106989	-0.445767	-0.424993	0.256684	0.353044	0.471340	0.971884	-7.705248
V	-0.882235	-2.725426	-0.074273	-0.241270	0.493333	1.066608	1.000960	-0.030468	-0.806395
W	-4.992530	-8.875173	-3.432230	-4.320585	-4.245817	-4.399440	-3.312931	-5.787711	0.093493
Y	-1.478569	-7.067818	-1.446813	-2.216962	-1.062996	-1.566834	-0.526445	-0.984909	-0.456267
