A	0.014774	-2.687929	1.330356	0.102503	0.716952	0.475438	0.337606	0.660257	1.983919	-1.291412
C	-4.495284	-5.132714	-2.194114	-6.302639	-5.132714	-3.215176	-4.495284	-3.215176	-3.215176	-3.215176
D	-1.826905	-6.302639	1.460573	1.452249	0.716952	0.037211	-0.285831	-0.630214	-3.215176	-6.302639
E	0.123626	-5.132714	-0.008018	1.312071	0.408168	0.224838	0.442195	0.947659	0.224838	-6.302639
F	1.072401	-4.054711	0.425282	-2.194114	-1.348443	-1.348443	-1.236550	-1.469749	-2.547751	-0.102967
G	-1.083470	-5.132714	-2.843207	0.475438	1.330356	1.312071	1.028278	-1.748050	-0.989756	-6.302639
H	1.725267	2.907424	0.319413	-1.183698	-0.561172	-0.818823	-0.102967	0.425282	-1.910322	-6.302639
I	-0.901759	-5.132714	1.115214	-1.469749	-0.630214	-0.258245	-0.152892	0.355573	-0.818823	-1.826905
K	-1.602199	-4.495284	-2.419996	0.037211	-1.035852	-0.102967	0.337606	-2.302639	-1.083470	-6.302639
L	-0.779077	-2.419996	0.373318	-0.779077	-0.078637	0.224838	0.373318	0.586104	-0.595280	4.026036
M	0.337606	-6.302639	-0.595280	-2.843207	-2.687929	-2.302639	-2.687929	-1.469749	-2.843207	0.144444
N	0.123626	-6.302639	-1.236550	-0.561172	0.081065	-1.035852	0.337606	0.059305	-2.547751	-6.302639
P	-6.302639	2.835633	-2.843207	1.818895	0.971157	0.959456	0.507933	0.373318	-1.083470	-6.302639
Q	0.263415	-1.183698	-0.740396	0.507933	-0.231177	-0.008018	0.300987	0.601243	-0.401772	-6.302639
R	-0.702726	1.924977	-0.031176	-1.236550	-1.602199	-0.313954	0.244256	-1.132714	-0.989756	-5.132714
S	0.784824	-3.717676	0.491777	0.923773	1.255782	1.312071	0.523910	-0.008018	2.018162	-5.132714
T	1.246183	-3.215176	-2.194114	-0.595280	0.185201	0.555342	0.224838	0.758057	1.602748	-3.215176
V	-1.826905	-2.302639	0.539711	-1.132714	0.355573	0.355573	0.263415	1.525498	1.339413	-0.945087
W	-3.017237	-6.302639	-3.215176	-3.444658	-5.132714	-6.302639	-3.017237	-3.017237	-6.302639	-6.302639
Y	0.645728	-3.017237	0.205156	-1.407821	-0.989756	-1.998858	-1.083470	-1.348443	-1.534455	-3.717676
