A	-0.328054	-2.297681	1.292283	-0.578862	1.267104	0.679599	0.956561	0.384143	0.474909	2.036220	-1.597241
C	-4.882643	-4.882643	-1.267933	-3.712718	-4.882643	-3.712718	-4.882643	-3.712718	-2.634716	-1.795180	-3.712718
D	-1.267933	-4.882643	1.267104	1.501061	0.474909	0.717270	-0.253286	0.336525	-0.182203	-2.634716	-4.882643
E	0.128584	-3.075288	0.336525	1.411978	0.924712	0.824716	0.518236	0.518236	0.601173	0.430240	-4.882643
F	1.134165	-3.712718	1.106042	-1.597241	-1.795180	-1.795180	-3.712718	-1.267933	-0.882643	-3.712718	-0.328054
G	-1.597241	-4.882643	-3.075288	0.518236	0.717270	1.388820	1.215389	1.161751	-1.795180	-2.024662	-4.882643
H	1.365284	2.984636	0.236298	0.518236	-1.267933	-0.328054	-0.114459	-0.049753	0.071553	-2.024662	-4.882643
I	-1.795180	-2.634716	1.241478	-0.673190	-0.673190	-0.490326	-0.882643	0.287282	0.384143	-0.578862	-2.297681
K	-1.423211	-3.712718	-3.075288	0.236298	-1.795180	-0.578862	0.518236	0.012175	-1.795180	-1.423211	-4.882643
L	-0.673190	-2.024662	0.679599	-0.578862	0.128584	0.336525	0.012175	0.012175	0.956561	-0.114459	4.060604
M	0.336525	-3.712718	-0.328054	-3.712718	-2.634716	-3.075288	-1.795180	-3.075288	-1.597241	-2.634716	-0.182203
N	-0.490326	-4.882643	-1.795180	-1.127756	0.071553	-1.127756	0.071553	0.012175	0.336525	-4.882643	-4.882643
P	-4.882643	2.704197	-2.024662	1.775568	1.161751	0.956561	0.640919	0.601173	-0.114459	-1.127756	-4.882643
Q	0.640919	-1.597241	-0.673190	-0.673190	-0.182203	-0.253286	-0.253286	-0.049753	1.077359	-0.774119	-4.882643
R	-0.328054	1.878908	-2.024662	-0.578862	-2.297681	-0.114459	0.183446	-0.114459	-0.673190	-0.882643	-3.075288
S	0.789782	-3.712718	-0.406910	0.560300	1.317029	1.018224	0.956561	0.892144	0.474909	1.775568	-4.882643
T	1.522498	-3.712718	-1.423211	-0.673190	-0.182203	0.236298	-0.049753	0.384143	0.640919	1.845277	-3.712718
V	-1.423211	-2.297681	0.287282	-1.423211	0.640919	-0.328054	0.287282	-0.114459	0.753982	1.267104	-1.127756
W	-2.634716	-4.882643	-2.297681	-3.712718	-4.882643	-3.712718	-3.075288	-3.712718	-2.634716	-4.882643	-4.882643
Y	0.824716	-3.712718	0.236298	-1.795180	-1.267933	-2.297681	-1.597241	-1.423211	-0.774119	-1.597241	-4.882643
