A	-2.000000	-2.000000	1.882643	-0.830075	-0.192645	-0.830075	-0.192645	0.857981	0.584963	1.087463	1.614710	-2.000000
C	-2.000000	-2.000000	-2.000000	-2.000000	-2.000000	-2.000000	-2.000000	-2.000000	-2.000000	-2.000000	-2.000000	-2.000000
D	-2.000000	-2.000000	0.247928	1.754888	-0.830075	1.459432	1.285402	1.285402	0.584963	0.247928	-2.000000	-2.000000
E	0.584963	-2.000000	-0.830075	1.285402	-0.830075	-0.192645	-0.830075	-0.830075	-0.830075	0.584963	-0.192645	-2.000000
F	0.857981	-2.000000	1.882643	-2.000000	-0.192645	-0.830075	-2.000000	-0.830075	-0.830075	-0.830075	-0.192645	-2.000000
G	-2.000000	-2.000000	-2.000000	0.584963	0.857981	0.584963	1.459432	1.459432	0.857981	0.247928	-0.830075	-2.000000
H	1.754888	3.219169	-0.192645	-0.830075	-2.000000	0.247928	-0.192645	0.584963	0.584963	-0.192645	-2.000000	-2.000000
I	-2.000000	-2.000000	1.087463	-0.830075	0.247928	-0.830075	-2.000000	-2.000000	-0.830075	-0.192645	-2.000000	-2.000000
K	-2.000000	-2.000000	-2.000000	-2.000000	-0.830075	-0.830075	-0.192645	0.247928	0.247928	-2.000000	-2.000000	-2.000000
L	-2.000000	-2.000000	-0.192645	-0.192645	0.584963	0.247928	0.584963	-0.830075	-0.830075	1.087463	-0.830075	3.870365
M	-0.192645	-2.000000	-0.830075	-2.000000	-0.830075	-2.000000	-2.000000	-2.000000	-2.000000	-2.000000	-2.000000	-0.192645
N	0.247928	-2.000000	-2.000000	-0.192645	0.247928	-2.000000	0.247928	-0.192645	-0.830075	-0.192645	-2.000000	-2.000000
P	-2.000000	1.882643	-2.000000	1.754888	1.459432	0.247928	0.247928	0.584963	1.285402	-0.830075	-2.000000	-2.000000
Q	1.087463	-2.000000	0.247928	0.247928	-0.192645	0.584963	0.584963	-0.192645	-0.192645	0.857981	-0.192645	-2.000000
R	-2.000000	1.459432	-2.000000	-2.000000	-2.000000	-2.000000	-0.192645	-0.192645	-0.830075	-2.000000	-0.192645	-2.000000
S	0.584963	-2.000000	-0.830075	0.247928	1.087463	1.882643	1.087463	0.857981	1.285402	1.087463	-0.192645	-2.000000
T	1.754888	-2.000000	-2.000000	-0.830075	0.247928	0.247928	-0.830075	-0.192645	-0.830075	-0.192645	2.209453	-2.000000
V	-2.000000	-2.000000	0.247928	0.247928	0.857981	-0.830075	0.247928	-0.830075	0.584963	0.247928	2.108524	-2.000000
W	-2.000000	-2.000000	-0.830075	-2.000000	-2.000000	-2.000000	-2.000000	-2.000000	-2.000000	-0.830075	-2.000000	-2.000000
Y	0.584963	-2.000000	0.247928	-2.000000	-0.830075	-0.192645	-2.000000	-2.000000	-0.830075	-0.830075	-2.000000	-2.000000
