A	0.082462	-1.087463	-1.087463	-1.087463	0.719892	0.082462	-1.087463	-1.087463	1.770518	0.082462	0.082462	1.770518	-1.087463
C	-1.087463	-1.087463	-1.087463	-1.087463	-1.087463	-1.087463	-1.087463	-1.087463	-1.087463	0.082462	-1.087463	-1.087463	-1.087463
D	-1.087463	-1.087463	0.719892	2.000000	0.719892	1.497500	0.082462	-1.087463	0.719892	0.082462	0.082462	-1.087463	-1.087463
E	-1.087463	-1.087463	0.719892	0.082462	0.082462	-1.087463	0.719892	0.719892	0.082462	-1.087463	-1.087463	0.719892	-1.087463
F	0.082462	-1.087463	1.497500	-1.087463	-1.087463	-1.087463	-1.087463	-1.087463	-1.087463	-1.087463	0.082462	-1.087463	-1.087463
G	0.082462	-1.087463	-1.087463	0.719892	1.160465	0.082462	0.082462	0.719892	1.160465	1.160465	-1.087463	-1.087463	-1.087463
H	-1.087463	2.667425	-1.087463	-1.087463	-1.087463	0.082462	0.082462	-1.087463	-1.087463	-1.087463	0.719892	-1.087463	-1.087463
I	-1.087463	-1.087463	0.082462	0.082462	1.160465	-1.087463	-1.087463	-1.087463	-1.087463	0.082462	-1.087463	0.719892	0.082462
K	0.082462	-1.087463	-1.087463	-1.087463	-1.087463	0.719892	0.719892	0.082462	-1.087463	0.719892	-1.087463	-1.087463	-1.087463
L	-1.087463	-1.087463	-1.087463	0.082462	0.082462	0.719892	0.719892	-1.087463	0.082462	0.082462	0.719892	-1.087463	3.388271
M	0.082462	-1.087463	0.082462	0.082462	-1.087463	0.082462	-1.087463	-1.087463	-1.087463	-1.087463	-1.087463	-1.087463	-1.087463
N	-1.087463	-1.087463	-1.087463	0.082462	0.082462	-1.087463	-1.087463	0.719892	0.082462	0.082462	-1.087463	-1.087463	-1.087463
P	-1.087463	0.719892	-1.087463	0.719892	0.719892	0.082462	0.719892	0.082462	-1.087463	-1.087463	-1.087463	-1.087463	-1.087463
Q	1.160465	-1.087463	-1.087463	-1.087463	-1.087463	0.082462	1.160465	0.082462	1.160465	1.160465	2.000000	0.082462	-1.087463
R	-1.087463	2.000000	0.082462	-1.087463	-1.087463	0.082462	-1.087463	-1.087463	-1.087463	-1.087463	-1.087463	-1.087463	-1.087463
S	1.497500	-1.087463	-1.087463	0.082462	0.719892	0.082462	0.719892	2.000000	0.719892	0.719892	0.719892	1.160465	-1.087463
T	1.770518	-1.087463	0.082462	-1.087463	-1.087463	0.719892	0.719892	0.719892	-1.087463	0.719892	0.719892	0.719892	-1.087463
V	-1.087463	-1.087463	0.082462	0.082462	0.082462	-1.087463	-1.087463	0.082462	-1.087463	-1.087463	0.082462	1.160465	-1.087463
W	-1.087463	-1.087463	-1.087463	-1.087463	-1.087463	-1.087463	-1.087463	-1.087463	-1.087463	-1.087463	-1.087463	-1.087463	-1.087463
Y	0.082462	-1.087463	1.770518	0.082462	-1.087463	-1.087463	-1.087463	-1.087463	-1.087463	-1.087463	-1.087463	-1.087463	-1.087463
