A	-0.628186	-2.422437	1.644469	0.035333	1.335828	0.279406	1.483235	-1.831400
C	-4.478291	-5.556293	-2.843575	-5.556293	-3.266787	-4.918863	-2.096862	-4.141256
D	0.374444	-2.250485	1.458657	-0.576471	-2.422437	-1.126305	-3.638755	-6.726218
E	0.773628	-2.617694	-0.502216	0.451201	-1.459432	0.131763	0.960282	-6.726218
F	0.832203	-1.556293	-0.104166	-1.126305	-2.422437	-0.364274	-3.868237	-1.893328
G	-2.617694	-5.556293	0.793418	-0.015412	1.388825	-2.971331	-1.772022	-6.726218
H	1.912218	3.288848	-0.279135	-0.887014	-0.179324	0.670387	-2.422437	-6.726218
I	-0.628186	-3.440816	-0.198741	0.279406	-0.681824	0.475906	-0.141256	-0.386368
K	-3.111508	-2.726218	-2.617694	0.860622	-1.660129	-2.171629	0.084353	-6.726218
L	-0.526546	-3.440816	0.162525	1.045271	-0.984751	1.245325	0.822604	4.011240
M	-0.364274	-3.868237	-1.958034	-2.843575	-3.440816	-1.958034	-2.516765	-0.654756
N	0.084353	-3.440816	-0.198741	-0.825351	-0.258613	-0.218424	-2.843575	-6.726218
P	-4.918863	1.125531	-0.766216	1.464841	1.519335	0.743424	-1.459432	-6.726218
Q	0.100330	-0.737533	-0.454755	0.131763	-0.887014	0.251062	-0.068007	-6.726218
R	-1.772022	2.427967	-2.422437	-0.258613	-2.096862	-0.951431	-0.364274	-6.726218
S	0.803212	-2.025778	1.369179	0.236678	1.916736	-0.179324	1.069821	-6.726218
T	0.803212	-3.638755	0.084353	0.068198	1.077913	0.162525	1.259624	-5.556293
V	-0.766216	-3.638755	0.051859	0.841738	0.192645	1.542909	1.852155	0.793418
W	-2.422437	-6.726218	-3.868237	-4.141256	-6.726218	-1.772022	-6.726218	-6.726218
Y	0.712574	-2.250485	-1.958034	-1.459432	-3.638755	0.018616	-2.843575	-6.726218
