A	0.168919	-0.120467	1.151820	0.456518	0.605585	0.692434	0.493088	1.549183	-0.890517
C	-5.910249	-8.622967	-2.283117	-5.684367	-3.922527	-3.453042	-3.409188	-2.773301	-2.919448
D	-0.723442	-8.622967	1.379067	1.078628	-0.083377	-0.352542	-0.842336	-2.141840	-9.792892
E	0.453552	-2.745768	-0.079076	1.255084	0.079398	-0.072648	0.385150	0.976946	-9.792892
F	0.605585	-2.088988	0.278570	-1.529623	-0.281633	-0.610498	-0.622967	-2.263461	-0.107267
G	-0.598135	-4.309076	-1.219245	0.721082	0.600230	0.113623	-2.530797	-1.347877	-9.792892
H	0.849611	2.412749	-0.163080	-0.983928	-0.416224	-0.443611	0.443122	-1.186487	-5.910249
I	-0.389347	-3.345809	0.556666	-1.049741	0.022491	0.729690	0.355267	-0.389347	0.316612
K	-0.465901	-2.934911	-1.865114	0.211680	0.148889	-0.160806	-0.996041	0.106087	-9.792892
L	0.206403	-0.007848	0.485848	0.022491	0.703712	0.485848	1.043553	0.115501	3.791542
M	-0.474349	-2.679150	-0.778174	-2.364532	-1.933357	-1.778871	-1.547339	-2.196702	0.147055
N	0.165298	-5.317159	-0.149487	-0.465901	-0.373458	-0.482847	-0.199968	-1.577359	-9.792892
P	-6.705429	2.482796	-1.996852	1.471404	0.310068	0.585403	0.545566	-1.764986	-6.507490
Q	0.218685	0.449091	-0.337051	-0.032588	-0.070511	0.145217	0.539984	0.237775	-9.792892
R	-0.167640	2.017780	-1.710743	-0.664253	-0.449151	-0.204646	-0.573723	-0.321725	-8.622967
S	1.187069	-3.832890	1.210977	0.876436	0.723547	0.846223	0.301846	1.573977	-7.544964
T	1.066060	-3.892025	-0.147234	-0.199968	0.457999	0.397550	0.497415	1.179908	-3.521429
V	-0.392013	-1.690916	0.340892	-0.648234	0.941394	1.115688	1.156388	1.233631	0.908198
W	-3.226838	-6.705429	-2.653341	-4.156267	-3.305052	-4.622967	-2.313112	-6.507490	-5.317159
Y	0.156205	-1.154456	-0.204646	-1.988761	-0.820630	-1.601833	-0.438092	-1.571305	-2.566480
