A	0.804819	1.995821	0.485278	-0.658798	0.693119	0.455158	0.259902	0.327966	1.337904	-2.974154
C	-5.263660	-2.974154	-4.185658	-4.185658	-4.626231	-3.848623	-3.575604	-4.185658	-4.185658	-4.626231
D	-3.848623	-2.818876	3.357577	2.951198	0.529311	-0.007321	-0.335553	-0.473584	-1.479389	-6.433585
E	-1.804229	0.973682	0.132469	1.418164	0.485278	-0.071642	0.013498	0.294335	1.056263	-5.263660
F	1.486767	-0.726226	-0.502848	-1.665401	-1.665401	-1.600695	-0.761160	-1.214417	-0.796961	1.763631
G	-1.214417	-0.626231	-3.148183	0.572039	1.370546	1.386594	1.086051	-0.362123	-1.032706	-6.433585
H	-0.309464	-4.626231	-2.433585	-2.550942	-0.761160	-0.658798	-0.049881	-0.162122	-1.214417	-6.433585
I	0.599838	0.151377	0.170041	-1.957852	-0.949770	-0.658798	0.113309	0.242372	-1.263660	-0.990642
K	0.718699	-2.818876	-1.600695	-1.422358	-0.444901	0.093892	0.151377	-0.726226	-0.028444	-3.575604
L	0.277221	1.153254	0.188466	-0.833673	0.093892	0.013498	0.693119	0.840210	0.500105	3.672650
M	-1.538768	-1.878997	-1.878997	-3.148183	-2.433585	-1.878997	-2.129805	-1.538768	-2.433585	-0.116173
N	-1.367496	-2.129805	-2.129805	-0.910023	0.093892	-0.049881	0.376986	0.360830	-1.263660	-6.433585
P	-6.433585	0.886087	-1.665401	1.199410	1.494193	0.804819	0.344492	-0.626231	-1.367496	-6.433585
Q	-1.804229	-0.594382	-1.733146	-1.076033	-0.833673	0.074209	0.170041	0.344492	-0.258660	-6.433585
R	1.005206	-0.833673	-1.314644	-1.665401	-0.692118	-0.162122	0.224626	-0.658798	-0.283838	-4.626231
S	0.693119	0.529311	-0.761160	-0.258660	1.025846	1.370546	0.640556	0.897331	1.719967	-5.263660
T	-0.309464	0.424396	-2.041268	-0.796961	0.054255	0.439859	0.327966	1.217466	1.304507	-6.433585
V	1.066260	1.153254	-0.692118	-1.263660	0.054255	0.074209	0.151377	1.115236	0.756239	0.093892
W	-2.974154	-3.848623	-2.550942	-3.346123	-4.626231	-4.185658	-3.575604	-2.974154	-4.626231	-3.575604
Y	0.828509	-1.479389	-1.120702	-3.575604	-1.804229	-1.538768	-1.600695	-1.314644	-0.910023	-0.233913
