A	0.970129	2.221548	-0.538420	-0.035920	0.188204	0.810730	0.512206	-0.301381	0.426815	1.219010	-2.072756
C	-4.930737	-3.760812	-4.930737	-3.760812	-3.760812	-3.760812	-3.760812	-3.760812	-3.760812	-3.123382	-4.930737
D	-3.760812	-3.123382	3.519443	1.386675	2.295675	1.057947	0.239188	-0.230298	-0.721284	-1.645335	-3.760812
E	-3.760812	0.239188	0.908466	0.876618	0.553078	0.592825	-0.162553	-0.455004	0.188204	0.908466	-4.930737
F	1.474404	-1.843274	-0.376148	-0.230298	-3.760812	-2.072756	-1.048094	-0.930737	-1.175850	-1.048094	1.268935
G	-0.822213	-0.721284	-1.843274	1.000000	1.000000	1.167295	1.293264	1.293264	-0.455004	-0.538420	-4.930737
H	-1.316027	-3.760812	-2.072756	-2.682810	-1.175850	-1.175850	-0.626957	-1.175850	-0.626957	-0.930737	-4.930737
I	1.193384	0.669176	-0.822213	-0.721284	-1.175850	-0.626957	-0.822213	-0.162553	0.631505	-0.455004	-1.175850
K	0.239188	-2.345775	-1.048094	-0.301381	-0.822213	0.239188	0.970129	0.336049	-1.048094	-0.097847	-3.123382
L	0.382146	1.029265	-0.230298	0.741688	0.023459	-0.376148	0.470142	0.592825	1.000000	0.470142	3.812414
M	-1.175850	-1.843274	-4.930737	-1.471306	-2.682810	-3.123382	-3.760812	-1.645335	-1.645335	-1.843274	0.080490
N	-0.721284	-3.123382	-3.123382	-0.455004	-0.626957	0.135352	-0.097847	0.188204	0.239188	-0.721284	-4.930737
P	-4.930737	0.876618	-2.682810	1.167295	1.293264	0.631505	0.512206	0.470142	-1.316027	-2.682810	-4.930737
Q	-2.682810	-0.035920	-2.072756	-0.538420	-0.930737	-0.455004	-0.721284	-0.455004	0.669176	0.135352	-4.930737
R	0.239188	-4.930737	-2.345775	-1.843274	-1.843274	0.135352	-0.538420	-0.301381	-0.455004	-0.455004	-3.123382
S	0.741688	1.113657	-1.048094	0.844050	1.029265	0.908466	1.140725	1.317190	1.431206	1.654225	-4.930737
T	0.336049	0.023459	-1.843274	-0.376148	-0.230298	0.553078	0.239188	0.810730	0.908466	1.167295	-3.760812
V	1.029265	1.340726	-0.822213	0.336049	-0.455004	-0.162553	0.512206	0.080490	0.810730	0.810730	-0.376148
W	-4.930737	-4.930737	-2.345775	-3.760812	-4.930737	-4.930737	-3.760812	-3.760812	-3.123382	-3.760812	-3.760812
Y	0.939627	-2.345775	-1.048094	-2.345775	-2.682810	-2.345775	-1.645335	-0.538420	-1.645335	-0.930737	-1.645335
