A	0.947533	2.792558	-1.000000	0.478047	0.807355	0.050626	0.947533	0.947533	0.050626	1.075288	1.822002	-2.807355
C	-2.807355	-2.807355	-2.807355	-2.807355	-2.807355	-2.807355	-2.807355	-2.807355	-2.807355	-2.807355	-2.807355	-2.807355
D	-2.807355	-2.807355	3.597787	1.192645	0.478047	2.203872	0.807355	0.478047	-1.637430	-0.559427	-2.807355	-2.807355
E	-2.807355	-0.559427	-0.222392	0.947533	0.280108	0.807355	0.652077	0.652077	0.280108	0.652077	1.075288	-2.807355
F	0.807355	-0.222392	-1.637430	-1.637430	-1.637430	-1.000000	-1.637430	-1.637430	-1.000000	-2.807355	-0.559427	0.652077
G	-1.637430	0.280108	-0.222392	1.496426	0.947533	0.478047	1.668379	1.747234	1.301170	0.947533	-2.807355	-2.807355
H	-0.559427	-2.807355	-1.637430	-0.559427	-1.637430	-0.559427	-1.637430	-0.222392	-2.807355	-1.637430	-1.000000	-2.807355
I	1.402098	-0.559427	-0.222392	-0.559427	-0.559427	-0.559427	-0.559427	-0.222392	0.478047	-1.000000	-0.559427	-1.000000
K	-0.222392	-1.637430	-1.637430	0.050626	-0.559427	-1.000000	0.478047	0.947533	-0.222392	-2.807355	-1.000000	-2.807355
L	0.947533	-0.559427	-1.000000	0.652077	0.280108	0.280108	-1.000000	-0.559427	0.280108	-1.637430	0.280108	3.850857
M	-2.807355	-2.807355	-2.807355	-2.807355	-0.559427	-2.807355	-2.807355	-1.637430	-2.807355	-1.000000	-1.000000	-1.000000
N	-2.807355	-2.807355	-2.807355	-1.000000	0.050626	0.807355	0.652077	0.478047	0.050626	0.280108	-1.637430	-2.807355
P	-1.637430	-1.637430	-2.807355	0.807355	1.496426	0.652077	0.050626	0.050626	1.192645	-0.559427	-1.000000	-2.807355
Q	-2.807355	-0.559427	-1.637430	0.050626	-1.000000	-1.637430	-0.222392	-0.559427	0.478047	-0.559427	0.478047	-2.807355
R	-0.222392	-1.000000	-1.637430	-1.000000	-0.559427	-0.559427	-0.559427	-0.559427	-0.222392	0.050626	-1.637430	-2.807355
S	1.075288	1.075288	0.050626	0.280108	0.947533	0.652077	0.280108	0.478047	0.807355	2.087463	1.301170	-2.807355
T	0.478047	-0.559427	-2.807355	-0.559427	-0.559427	-1.000000	0.050626	-0.559427	0.947533	0.478047	1.192645	-2.807355
V	1.402098	1.747234	-1.000000	-0.222392	0.807355	-0.559427	0.280108	-1.637430	0.050626	1.075288	0.947533	-2.807355
W	-1.637430	-2.807355	-1.637430	-2.807355	-2.807355	-2.807355	-2.807355	-2.807355	-2.807355	-2.807355	-1.637430	-2.807355
Y	0.478047	-2.807355	-2.807355	-1.637430	-2.807355	-2.807355	-1.637430	-1.637430	-2.807355	-2.807355	-1.637430	-0.222392
