A	1.935870	3.105795	-1.523562	-1.523562	0.724366	0.724366	0.724366	1.061401	0.283793	1.061401	-0.353637	2.231326	-0.353637
C	-1.523562	-1.523562	-1.523562	-1.523562	-1.523562	-1.523562	-1.523562	-1.523562	-1.523562	-1.523562	-1.523562	-1.523562	-1.523562
D	-1.523562	-1.523562	3.487665	1.061401	-0.353637	-1.523562	1.935870	0.724366	0.283793	0.283793	0.283793	-1.523562	-1.523562
E	-1.523562	-1.523562	-0.353637	0.724366	0.724366	0.283793	1.334419	0.283793	0.724366	0.283793	-1.523562	1.334419	-1.523562
F	1.334419	-1.523562	-1.523562	-1.523562	-0.353637	-1.523562	-1.523562	-1.523562	-0.353637	0.283793	-1.523562	-1.523562	-0.353637
G	-0.353637	-0.353637	-1.523562	1.563901	1.061401	0.283793	0.283793	1.563901	1.061401	1.334419	0.724366	-1.523562	-1.523562
H	-1.523562	-1.523562	-1.523562	-1.523562	-1.523562	-1.523562	-1.523562	-0.353637	-1.523562	-1.523562	-1.523562	-0.353637	-1.523562
I	0.724366	0.724366	-0.353637	0.724366	-0.353637	-1.523562	-1.523562	-1.523562	-1.523562	-1.523562	-0.353637	-0.353637	-1.523562
K	0.283793	-1.523562	-0.353637	-0.353637	0.724366	-0.353637	0.283793	0.724366	1.563901	-0.353637	-0.353637	-0.353637	-1.523562
L	-0.353637	-1.523562	-1.523562	-1.523562	-0.353637	0.724366	0.283793	-1.523562	0.724366	-1.523562	0.283793	-0.353637	3.542527
M	-1.523562	-0.353637	-1.523562	-1.523562	-1.523562	-1.523562	-1.523562	-1.523562	-1.523562	-1.523562	-0.353637	-1.523562	-0.353637
N	-1.523562	-1.523562	-1.523562	-0.353637	-0.353637	0.283793	-1.523562	0.283793	-0.353637	-1.523562	0.283793	-1.523562	-1.523562
P	-1.523562	-1.523562	-1.523562	1.061401	1.334419	-0.353637	-0.353637	-1.523562	0.283793	-0.353637	-0.353637	-1.523562	-1.523562
Q	-1.523562	-1.523562	-0.353637	-0.353637	0.283793	-0.353637	-1.523562	0.283793	-0.353637	0.724366	-1.523562	0.283793	-1.523562
R	-0.353637	-1.523562	-1.523562	-0.353637	-1.523562	0.724366	0.724366	-1.523562	-1.523562	0.283793	0.724366	-0.353637	-1.523562
S	0.283793	0.283793	-0.353637	-0.353637	-0.353637	1.334419	-0.353637	0.724366	0.724366	0.724366	1.334419	0.283793	-1.523562
T	-0.353637	0.724366	-1.523562	-0.353637	-0.353637	0.283793	0.283793	0.283793	-1.523562	-0.353637	1.061401	0.724366	-1.523562
V	1.563901	-0.353637	-1.523562	0.283793	0.283793	1.334419	-0.353637	-0.353637	-1.523562	0.724366	1.061401	0.724366	-0.353637
W	-1.523562	-1.523562	-1.523562	-0.353637	-1.523562	-1.523562	-1.523562	-1.523562	-0.353637	-0.353637	-1.523562	-1.523562	-1.523562
Y	-1.523562	-1.523562	-1.523562	-0.353637	-0.353637	-1.523562	-1.523562	-0.353637	-0.353637	-1.523562	-1.523562	-1.523562	-1.523562
