A	1.063413	1.958752	-0.962767	-0.117836	1.311518	0.252387	0.831400	-5.450033
C	-5.009460	-3.642678	-7.257388	-6.087463	-3.047934	-4.672425	-3.257388	-5.450033
D	-2.781654	1.818760	3.718997	-0.055264	-1.733826	-1.082462	-1.297386	-7.257388
E	-2.191299	-0.810305	0.073529	0.939829	-0.672425	-0.237797	1.399037	-7.257388
F	1.107841	0.016408	-0.691334	-1.240580	-1.450033	-1.773572	-1.326651	0.472233
G	-1.733826	0.128475	-2.628031	0.128475	1.277888	0.062284	-0.873684	-7.257388
H	-0.323697	-5.009460	-2.087463	-0.895444	0.824761	0.735550	-0.430839	-7.257388
I	0.976232	0.028014	-1.009460	0.329452	-0.183246	-0.323697	-0.810305	0.106747
K	-0.196692	-3.642678	-2.556948	0.578663	-1.240580	-0.383944	0.945960	-7.257388
L	0.570749	0.272043	-0.769548	0.791099	-1.009460	0.117652	-0.143646	3.898853
M	-1.418184	-1.856508	-2.702799	-1.944505	-2.038219	-1.695145	-1.856508	-0.018983
N	-0.018983	-1.482601	-2.303192	-0.143646	0.602147	-0.156726	-0.769548	-7.257388
P	-4.672425	-1.326651	-0.546581	0.791099	0.411497	0.139217	-2.424498	-6.087463
Q	-1.814444	-0.430839	-2.628031	-0.831123	-0.581431	0.514102	0.384664	-7.257388
R	-0.399407	-4.399407	-3.797956	-0.105103	-1.387023	0.463711	0.402608	-6.087463
S	1.208179	1.145624	-2.362570	0.411497	1.519045	1.208179	1.063413	-7.257388
T	0.272043	0.546743	-1.773572	0.677777	0.393664	1.118738	0.831400	-5.009460
V	1.306762	0.578663	-0.415037	0.939829	0.670390	0.958145	1.057762	0.348092
W	-3.502500	-2.865070	-3.148863	-3.502500	-5.450033	-4.169925	-5.450033	-5.009460
Y	0.497500	-1.450033	-1.450033	-1.620763	-2.556948	-2.303192	-1.584963	-2.556948
