A	0.850125	1.813140	0.595804	-0.135575	0.514864	0.295490	0.549594	1.258622	-2.236605
C	-6.326562	-3.606670	-6.556044	-5.021707	-3.971081	-3.672558	-4.056473	-3.639237	-4.859436
D	-2.987760	-4.519207	3.121555	1.392525	-0.523000	-0.958697	-1.650812	-1.379226	-9.414025
E	-1.745140	-0.341222	0.477379	1.742217	-0.023856	-0.250375	0.162460	1.321320	-7.606670
F	1.051032	-0.381979	-0.358064	-1.292491	-0.928195	-0.683554	-1.318627	-1.133254	1.267434
G	-0.974194	-0.687806	-2.703218	0.522245	0.693846	0.682361	-1.273195	-1.305500	-8.244100
H	-0.542119	-5.110244	-1.617985	-1.428183	-0.115389	-0.538275	0.321108	-0.645840	-5.659137
I	0.520404	0.116869	-0.830942	-0.893406	0.197461	0.607996	0.160096	-1.456922	-0.132674
K	0.802418	-3.741599	-1.914179	-0.170851	0.438895	-0.344575	-0.361456	0.094761	-4.938291
L	0.350432	1.810882	-0.371681	0.308356	0.067270	0.484955	0.858897	-0.075845	3.642783
M	-1.456922	-1.421086	-1.358742	-2.886548	-2.313362	-2.049890	-1.501135	-2.224200	-0.147238
N	-0.308116	-2.480334	-0.500387	-0.766566	-0.197885	0.308356	-0.150168	-0.840377	-9.414025
P	-5.799315	1.297858	-0.234737	1.449775	1.128040	0.665794	0.354573	-1.964876	-5.799315
Q	-1.554490	-0.095482	-0.789229	-0.259839	-0.250375	-0.053726	0.385257	0.206654	-8.244100
R	0.817497	-2.394434	-1.144898	-1.254153	0.304080	-0.191833	-0.061981	-0.263008	-6.556044
S	1.230733	0.764018	0.010667	0.700369	0.672443	0.864715	0.950657	1.723927	-8.244100
T	0.195154	0.407351	-1.508638	-0.234737	0.224864	0.799384	0.880596	1.125619	-4.519207
V	0.811484	0.847189	-1.372365	-0.402797	0.655761	0.952024	1.085074	0.687295	1.213737
W	-3.483287	-2.810398	-2.791973	-3.706665	-2.946419	-4.244100	-2.946419	-4.859436	-3.706665
Y	0.496243	-1.386119	-0.609087	-2.394434	-1.286030	-1.954593	-1.174426	-0.696348	-0.995118
