A	-5.449857 0.498823 1.128399 -0.067340 0.361672 -1.158185 0.066457 0.477352 -0.805404
C	-10.333412 -6.874799 -4.557759 -5.258149 -5.941511 -10.334157 -5.815473 -6.872904 -4.974603
D	-10.116483 -0.812050 -1.507509 -3.454528 -0.299514 -4.143549 -3.082427 -1.421600 2.665848
E	-6.025666 1.242292 0.465617 -1.703971 0.350067 -1.592066 -0.258125 0.462578 2.719727
F	-0.715818 -1.148385 -0.424424 1.197010 -1.958219 -10.065180 -0.151170 -1.182485 -2.545587
G	-7.693015 -2.565108 -1.211191 -3.875087 -0.418689 -3.912195 -2.873264 -0.669350 -0.374049
H	-10.259225 -0.739536 -1.614315 1.443108 -0.900611 -1.560447 0.543547 -0.511460 -1.375048
I	3.142511 0.576344 1.262349 0.348153 -0.236320 -2.706314 0.172301 0.286488 -0.888637
K	-9.407072 0.926422 -0.233566 1.175838 1.685330 3.181735 1.054973 0.781029 -3.937167
L	2.554112 1.015826 1.020399 1.134655 0.045546 -5.231714 1.716341 1.920225 -0.739695
M	-0.688557 -1.807579 -0.875794 -0.468895 -1.560336 -10.292163 -1.974852 -1.238783 -3.308633
N	-8.991135 -0.638699 -0.716007 -0.780567 0.085376 -1.884647 -0.259723 -1.143813 -1.059038
P	-7.002591 -10.134160 0.404541 -9.605335 0.692900 -2.571582 -0.356184 0.224386 -3.327178
Q	-9.849015 -0.161218 0.024149 -0.084224 0.536226 -1.819465 0.545002 0.315191 -0.220016
R	-10.177774 1.098783 -0.223576 0.164104 1.130839 2.888484 1.389402 0.688114 -3.350168
S	-10.101595 -0.020010 0.175986 -1.430081 0.049360 -1.122227 -1.137648 -0.231417 -0.745454
T	-6.081085 -0.102004 -0.170400 -2.140406 -0.284957 -0.543085 -2.136138 -0.437955 -1.697790
V	1.965854 1.337334 0.737503 -0.341098 0.221578 -2.140151 -0.096564 0.331774 0.359699
W	-5.290589 -2.744470 -1.933584 1.148505 -3.673989 -9.833552 -1.480591 -4.258635 -9.098316
Y	-4.044715 -1.147208 -0.060250 -0.251961 -2.204885 -10.039299 0.098387 -0.853256 -3.279780
