A	-0.356484 0.716849 0.916998 -2.731225 -0.026387 -1.615163 0.150505 -0.146758 -0.473919
C	-7.153253 -7.153253 -7.153253 -7.153253 -7.153253 -7.153253 -7.153253 -7.153253 -7.152855
D	-2.606625 -0.789955 1.531948 -7.010821 0.888677 3.843230 0.931955 -0.541899 3.095381
E	1.834768 1.028682 1.063158 -6.978329 1.559688 0.242477 1.404565 1.552495 2.611172
F	-0.902432 -0.718184 0.084345 3.051369 -0.147445 -7.085981 -0.093051 -0.024772 -2.364312
G	-3.656437 -1.163785 0.659274 -6.529985 -0.776988 -3.358519 -1.702684 -1.166898 -1.749873
H	-2.562450 -0.629260 -0.485652 -1.699691 -2.554546 -7.095712 -0.374804 -2.405103 -2.756772
I	1.330031 -0.158594 -0.994839 -0.742970 0.238391 -0.373514 0.400724 -0.050305 -1.024930
K	-1.582590 0.771299 -1.649865 -7.060229 0.696966 -7.010568 -1.046277 0.523168 -7.113670
L	1.837063 0.493834 -0.770894 -2.376887 0.750840 -0.502350 -0.511736 1.656506 -0.015715
M	-1.001819 -1.743202 -1.186052 -1.923589 -2.090963 -7.152128 -1.687669 -0.873064 -3.552817
N	-0.621062 0.153940 -1.093805 -2.498334 -0.338878 0.063622 0.159975 -2.173723 -7.143001
P	-1.194387 -3.608236 -2.025465 -6.909211 -0.024502 -2.707912 1.562572 0.366944 -7.151373
Q	-0.217058 -0.087494 0.559791 -7.099909 0.251425 -6.816681 0.085240 -0.698253 -1.304362
R	-0.666132 1.211162 -2.718793 -7.114621 -0.282039 -6.947795 -0.759800 0.332966 -2.769606
S	0.449040 0.921479 1.752509 -7.108807 0.069556 -2.060181 -0.439453 -0.164761 -0.616932
T	0.038079 -0.010471 -1.089378 -7.003583 0.253266 -1.969576 -0.763572 -0.182170 -0.626887
V	1.226903 0.766919 -0.783062 -1.530714 -0.371086 -0.320263 0.007750 0.480629 -1.139992
W	-7.126445 -7.133907 -7.133081 2.420175 -7.103107 -7.069695 -0.728115 -2.123950 -7.152834
Y	-1.121876 -0.569205 0.209219 2.085295 0.040416 -7.035971 -0.255711 -0.050356 -3.687993
