A	-0.243926	-0.601082	0.189971	0.994647	0.236067	0.853922	-0.376376	-0.376376	-5.076816
C	-5.076816	-5.076816	-5.076816	-3.906891	-5.076816	-5.076816	-5.076816	-5.076816	-5.076816
D	-5.076816	-5.076816	-3.906891	1.047306	0.446746	-5.076816	-5.076816	-0.968291	-5.076816
E	-3.906891	-5.076816	-3.906891	0.697971	1.021216	-3.269461	-3.906891	1.047306	-5.076816
F	-5.076816	0.485427	-3.269461	-2.491853	-0.773035	-0.376376	0.142353	-1.076816	-0.243926
G	-2.491853	-0.522227	-3.269461	0.093109	0.793549	-0.308631	-3.269461	-1.617384	-5.076816
H	-1.617384	-1.076816	-2.491853	-0.684498	0.236067	-0.122619	-1.462106	-0.447459	-5.076816
I	-1.321928	1.942775	1.701262	-1.076816	-0.684498	-1.617384	1.733756	-0.181998	-1.462106
K	3.057611	-2.218835	-5.076816	1.526811	1.122857	2.185279	-3.269461	1.306889	-5.076816
L	-1.462106	1.668018	-2.828888	-0.010726	-0.601082	-1.321928	1.856875	0.824051	4.130199
M	-2.218835	-0.181998	-5.076816	-2.828888	-1.989353	-3.269461	-0.968291	-0.968291	-0.867362
N	-2.491853	-1.617384	-1.462106	-0.122619	0.042125	-0.376376	-1.076816	-0.601082	-5.076816
P	-5.076816	-5.076816	3.543404	1.306889	-0.601082	1.098110	1.147186	-3.269461	-5.076816
Q	-0.601082	0.559809	-3.906891	-0.122619	0.485427	-0.773035	-0.867362	0.762388	-5.076816
R	2.330452	-0.601082	-5.076816	-1.617384	-0.376376	1.098110	-2.828888	0.994647	-5.076816
S	0.595610	0.446746	-1.194173	0.595610	0.793549	0.324064	-1.321928	-0.181998	-5.076816
T	-0.773035	0.446746	-1.617384	-0.308631	0.042125	0.630544	0.142353	0.595610	-5.076816
V	0.142353	1.098110	0.939993	-0.601082	-0.376376	-0.308631	2.220101	0.911869	-1.791413
W	-5.076816	-3.269461	-5.076816	-5.076816	-2.828888	-3.906891	-2.828888	-2.828888	-5.076816
Y	-3.906891	0.142353	-5.076816	-1.989353	-0.601082	-0.243926	-1.791413	-0.773035	-5.076816
