A	-3.738806 0.413505 1.386899 0.147197 0.293651 1.766137 0.814467 0.412881 0.717688
C	-9.439806 -3.961278 -3.353066 -4.048109 -3.551547 -5.988030 -3.662800 -4.441081 -2.500466
D	-8.989104 -1.034261 -1.291846 1.048543 0.151454 -1.988184 -0.915538 -0.290766 0.193479
E	-4.583200 0.592529 -0.662780 2.244777 0.687668 -0.942141 1.694461 1.022119 -0.236344
F	1.936116 -0.682867 -0.300925 -0.941526 -1.578947 2.506048 -2.548355 -1.798607 -0.504166
G	-8.741744 -2.068992 0.285918 -1.999400 -1.545176 -0.654517 -0.215312 -0.557378 -1.229288
H	-4.973061 -0.525110 -1.106616 -2.709345 -0.009071 -4.082799 -0.643338 -0.818635 -3.146681
I	2.224516 0.945900 0.388492 0.051261 -0.673568 -0.484590 -0.598112 -0.802733 1.459736
K	0.391440 0.773483 -1.593816 -3.729441 1.389600 -0.089132 -0.092676 1.349229 -0.302212
L	1.808261 0.994753 -0.099940 1.288004 0.937031 0.166420 2.101899 0.437890 2.055633
M	-0.182793 -1.264928 -1.235063 -0.906370 -2.106548 -2.192869 -2.445343 -3.155850 -0.918824
N	-7.846448 -0.979305 -0.991553 -1.721725 -0.158143 -0.873519 0.670063 0.039430 -2.949549
P	-8.733676 -6.502094 -0.273001 -3.183942 0.532249 -1.130757 -1.505418 0.359319 -3.558452
Q	-2.380272 0.286668 -0.646754 -0.319053 0.443696 -3.818978 0.437752 0.251568 -2.002715
R	-0.857626 0.441322 -1.598431 -6.346245 -0.235535 -2.234696 -1.643243 1.026248 -1.454474
S	-4.682403 -0.348600 1.179358 0.638513 0.285814 0.662621 -0.356410 0.395030 -0.789636
T	-6.626390 0.417443 0.003173 1.323589 0.754793 -0.141669 -1.611791 0.235445 -0.739179
V	0.870309 1.422674 1.134996 0.383389 -0.221287 -0.129242 0.688055 0.326668 1.875678
W	-1.289693 -1.577345 -0.501868 -2.400780 -5.122896 -1.137546 -4.231871 -5.835390 -2.967512
Y	1.386171 -0.369263 1.191904 -2.102205 -0.841916 0.373529 -1.955810 -1.511148 -0.167931
