A	-6.945609 0.521965 1.459558 0.365480 0.455839 2.629058 0.846759 0.634071 1.619948
C	-10.752779 -6.372801 -2.895799 -5.351334 -5.093221 -3.825087 -6.098582 -6.239317 -2.552693
D	-6.324890 -1.415191 -1.803091 0.478444 -0.021919 -0.157084 -0.422509 -0.851698 -0.807296
E	-6.219246 0.593055 -0.512625 1.137254 0.700228 -0.874846 1.246834 0.414519 -0.981434
F	2.083057 -1.327848 -0.429576 -0.805812 -2.370324 -1.048830 -1.668951 -1.637666 -0.607511
G	-9.700628 -1.974501 -0.218974 -2.523428 -0.893287 1.350780 -1.122981 0.011433 0.172129
H	-6.218042 -0.152285 -0.638681 -1.940423 -0.391406 -3.465632 0.252888 -0.451074 -3.151806
I	2.533758 0.353962 0.378072 0.537346 -0.803458 -1.839049 -0.045024 -0.740673 0.996331
K	-2.766257 1.211822 -0.056587 -3.551679 1.480875 -1.207155 0.011859 0.963940 -2.983539
L	1.216064 0.314604 0.548559 2.579895 -0.930765 -2.333196 0.508001 0.847501 1.756280
M	-2.152170 -2.806535 -0.791388 0.169940 -2.695065 -5.150937 -2.751611 -2.721554 -1.156505
N	-10.393376 -0.674388 -1.132540 0.657527 -0.230262 -0.043578 0.650174 -0.778997 -1.664187
P	-3.163782 -6.311170 0.129357 -6.567781 1.095276 0.844434 0.602974 1.551590 -4.078727
Q	-6.979850 0.244877 -0.037971 0.169999 0.444476 -1.987188 0.865559 -0.051997 -1.781891
R	-2.905668 1.633571 -0.000309 -4.637881 0.747236 -1.580595 -0.001363 0.925750 -1.049642
S	-9.606142 0.002021 1.146525 -0.731422 0.282558 1.390899 -0.482174 0.337444 0.052658
T	-6.830686 0.339698 0.083950 -1.032820 0.685669 0.218573 -0.493816 -0.414218 -0.735850
V	1.293935 1.100816 0.514875 -0.136014 0.243635 -0.020709 0.725643 0.195821 2.032129
W	-0.615809 -2.250921 -2.252432 -1.663977 -4.156190 -4.943452 -3.151352 -5.133978 -5.387039
Y	1.948444 -0.770333 0.196854 -1.405558 -1.478579 -3.628598 -1.143105 -1.249191 -0.098487
