A	1.544307 -2.493872 -2.493873 1.975608 0.965565 -2.493873 -2.493873 0.113932 1.694238
C	-2.493875 -2.493875 -2.493875 -2.493875 -2.493875 -2.493875 -2.493875 -2.493875 -2.493875
D	0.965557 0.965557 -2.493875 -2.493873 -2.493875 3.072675 -2.493872 0.965577 0.965550
E	0.965563 -2.493875 -2.493872 -2.493875 -2.493875 -2.493875 1.008630 -2.493873 -2.493873
F	0.965557 0.965557 -2.493875 -2.493875 -2.493873 -2.493875 0.965534 -2.493873 -2.493613
G	-2.493872 -2.493828 -2.493875 -2.493873 0.965550 0.965560 -2.493864 -2.493873 2.475744
H	-2.493875 -2.493875 -2.493873 -2.493873 0.965534 -2.493873 1.111432 -2.493875 -2.493875
I	1.694238 -2.493873 -2.493873 0.965600 2.230178 -2.493870 -2.493875 -2.493875 -2.493875
K	-2.493875 -2.493873 0.114004 -2.493869 -2.493864 1.898441 -2.493792 1.921162 -2.493873
L	-2.493875 -2.493873 1.008630 -2.493864 0.965556 -2.493873 2.264110 -2.493782 -2.493875
M	0.965550 -2.493792 -2.493875 -2.493875 -2.493875 -2.493875 -2.493875 -2.493875 -2.493875
N	-2.493875 -2.493875 -2.493873 -2.493875 -2.493875 -2.493875 0.965557 0.325403 -2.493873
P	-2.493613 0.325462 -2.493873 -2.493873 -2.493873 0.113932 -2.493872 2.513774 -2.493873
Q	-2.493873 1.976679 -2.493875 -2.493875 0.325462 -2.493873 0.965557 0.965550 1.514743
R	-2.493875 -2.493873 -2.493873 0.965557 -2.493873 1.111405 -2.493873 -2.493875 1.898464
S	0.965552 -2.493865 -2.493873 -2.493873 1.111419 -2.493873 -2.493865 0.965596 -2.493875
T	0.965577 -2.493873 0.965557 2.475749 0.965577 -2.493864 -2.493873 -2.493828 -2.493828
V	-2.493873 2.875355 2.762697 0.965565 -2.493873 -2.493126 1.514733 -2.493872 -2.493875
W	-2.493875 -2.493875 -2.493875 -2.493875 -2.493875 -2.493875 -2.493875 -2.493875 -2.493875
Y	-2.493873 0.113935 2.460323 1.111405 -2.493875 -2.493875 -2.493443 -2.493875 -2.493875
