A	1.705334	-2.686983	1.313017	0.881300	0.881300	0.196503	0.526498	0.702963	1.934816	-1.930255
C	-4.375039	-5.544964	-3.737610	-2.960002	-3.297037	-5.544964	-4.375039	-3.297037	-3.297037	-4.375039
D	-5.544964	-5.544964	-0.590768	0.262390	-1.436440	-0.712074	-0.915608	-1.436440	-1.790077	-5.544964
E	-3.297037	-5.544964	-3.297037	0.385773	-0.478875	-0.844525	-0.533737	0.017278	0.579157	-5.544964
F	-2.085533	-5.544964	0.054948	-0.990376	-0.232081	-0.375039	-0.375039	-2.085533	-1.662321	1.542498
G	-0.844525	-5.544964	-0.712074	1.021090	1.113247	0.902119	1.373899	-0.426023	-0.650147	-5.544964
H	-1.335511	-5.544964	-1.930255	-2.259562	-1.152647	-0.990376	-1.662321	-1.436440	-2.686983	-4.375039
I	-0.061149	-3.737610	-0.426023	-0.990376	-0.650147	-0.712074	-0.325796	-0.061149	-1.662321	-1.152647
K	0.838740	-5.544964	-0.590768	-0.102021	-1.152647	-0.590768	-0.776780	-1.930255	-1.335511	-5.544964
L	0.772448	-4.375039	0.629961	0.262390	0.017278	-0.061149	0.772448	0.982513	-0.478875	3.773578
M	-1.152647	-5.544964	-0.187412	-3.297037	-3.737610	-1.436440	-1.790077	-1.436440	-2.457502	0.355902
N	-1.335511	-4.375039	-0.712074	-0.590768	-0.650147	-0.021402	-0.533737	0.091660	-2.259562	-5.544964
P	-5.544964	4.254317	0.881300	1.717130	1.568778	1.199869	0.471844	-1.069231	-0.915608	-3.737610
Q	-0.375039	-5.544964	-0.990376	0.054948	0.017278	-0.650147	-0.021402	0.838740	-0.232081	-4.375039
R	2.234755	-3.737610	1.717130	-0.712074	-0.187412	0.838740	0.294239	-0.325796	-1.930255	-5.544964
S	1.328480	-5.544964	1.182956	1.373899	0.922641	1.740438	0.772448	1.165842	2.397550	-3.737610
T	-0.325796	-5.544964	-2.085533	-0.187412	0.604783	0.604783	0.772448	1.607320	1.488459	-3.737610
V	-0.278178	-2.085533	-1.241184	-0.915608	0.922641	-0.144085	0.629961	1.165842	0.471844	-0.232081
W	-3.737610	-5.544964	-1.335511	-2.457502	-2.259562	-2.960002	-1.152647	-3.737610	-4.375039	-4.375039
Y	-1.436440	-5.544964	0.443720	-1.930255	-1.662321	-1.662321	-0.915608	-2.085533	-2.259562	-5.544964
