A	1.770164	-2.910322	0.989683	1.057111	1.023791	0.639876	0.918948	0.501492	1.057111	1.708588	-1.859695
C	-4.717676	-4.717676	-4.717676	-4.717676	-4.717676	-4.717676	-4.717676	-3.547751	-2.469749	-3.547751	-2.469749
D	-4.717676	-4.717676	0.050508	0.595207	-0.413896	-1.432274	-0.609152	-1.258245	-1.859695	-1.859695	-4.717676
E	-3.547751	-4.717676	-2.910322	0.293551	-0.717676	-0.413896	-0.325359	-0.717676	0.115214	-0.017237	-4.717676
F	-1.630214	-4.717676	-0.017237	-1.630214	-1.630214	0.050508	-1.102967	-0.088320	-2.132714	-1.630214	0.766139
G	-1.258245	-4.717676	-1.102967	1.089678	0.725267	0.989683	1.121527	0.844566	0.050508	-0.717676	-4.717676
H	-2.910322	-4.717676	-3.547751	-1.102967	-2.132714	-1.630214	-1.859695	-0.962789	-1.630214	-2.469749	-4.717676
I	-0.241943	-3.547751	0.050508	-2.469749	-0.609152	-0.163088	-0.413896	-0.163088	0.348413	-0.609152	-0.325359
K	0.549110	-4.717676	-1.630214	-0.413896	-1.102967	0.401265	-0.508223	-0.717676	-1.859695	-1.102967	-4.717676
L	0.236520	-3.547751	0.683203	0.549110	-0.017237	1.213061	0.549110	1.481996	0.639876	-0.609152	3.888729
M	-1.258245	-4.717676	-0.088320	-2.910322	-2.469749	-1.258245	-1.630214	-1.432274	-2.469749	-2.910322	-0.017237
N	-2.132714	-4.717676	0.115214	-0.088320	-0.241943	-1.258245	-0.835033	-0.088320	0.050508	-1.859695	-4.717676
P	-4.717676	4.250990	-0.325359	0.954749	2.010244	-0.163088	0.805886	0.115214	-1.630214	-1.432274	-3.547751
Q	-0.241943	-4.717676	-1.630214	0.293551	0.348413	-0.717676	-0.609152	0.766139	0.348413	0.595207	-4.717676
R	2.124674	-4.717676	2.060401	-0.508223	-1.102967	1.353786	-0.017237	0.236520	-0.508223	-1.102967	-4.717676
S	1.922569	-3.547751	1.506325	1.406445	1.299132	1.089678	1.809801	0.501492	1.867286	2.287948	-4.717676
T	-0.508223	-4.717676	-1.102967	0.236520	0.293551	0.236520	0.293551	0.549110	0.989683	1.622174	-3.547751
V	0.348413	-4.717676	-1.630214	-0.609152	0.501492	-0.163088	0.639876	0.293551	1.242326	0.683203	-0.717676
W	-3.547751	-4.717676	-2.910322	-2.469749	-4.717676	-3.547751	-3.547751	-2.910322	-3.547751	-4.717676	-4.717676
Y	-1.630214	-4.717676	0.293551	-2.132714	-1.630214	-2.132714	-2.910322	-1.258245	-3.547751	-2.910322	-3.547751
