A	2.125531	-2.266787	-0.459432	0.820676	1.018616	0.820676	1.192645	0.318176	0.820676	1.018616	2.362570	-1.096862
C	-2.266787	-2.266787	-2.266787	-2.266787	-2.266787	-2.266787	-2.266787	-1.096862	-2.266787	-2.266787	-2.266787	-2.266787
D	-2.266787	-2.266787	-2.266787	-1.096862	-2.266787	-0.018859	-0.459432	-0.018859	-0.459432	-2.266787	-1.096862	-2.266787
E	-2.266787	-2.266787	-2.266787	-0.018859	-2.266787	-2.266787	-1.096862	-0.459432	-1.096862	-2.266787	-1.096862	-2.266787
F	-2.266787	-2.266787	0.820676	-2.266787	-2.266787	-0.459432	-2.266787	-2.266787	-0.018859	-2.266787	-2.266787	-0.018859
G	-2.266787	-2.266787	-1.096862	1.841738	1.018616	1.488101	1.488101	1.733213	0.820676	1.488101	-1.096862	-2.266787
H	-1.096862	-2.266787	-2.266787	-1.096862	-1.096862	-1.096862	-2.266787	-2.266787	-1.096862	-2.266787	-0.459432	-2.266787
I	-1.096862	-2.266787	0.318176	-1.096862	0.591194	-1.096862	-0.459432	0.591194	-0.018859	-2.266787	-0.018859	-1.096862
K	-0.459432	-2.266787	-0.459432	-1.096862	-1.096862	-1.096862	-1.096862	-0.018859	-0.018859	-2.266787	-2.266787	-2.266787
L	-0.459432	-2.266787	-0.018859	-1.096862	1.488101	0.318176	0.318176	-0.018859	0.591194	0.318176	-1.096862	3.777608
M	-1.096862	-2.266787	-0.459432	-1.096862	-2.266787	-2.266787	-2.266787	-0.459432	-2.266787	-1.096862	-2.266787	-0.018859
N	-1.096862	-2.266787	-1.096862	-0.459432	-2.266787	-0.018859	-1.096862	-0.459432	-0.018859	-1.096862	-2.266787	-2.266787
P	-2.266787	3.981141	0.820676	1.942667	1.347923	-0.018859	-0.018859	0.820676	-0.018859	0.591194	-2.266787	-2.266787
Q	0.318176	-2.266787	-0.459432	-1.096862	-0.018859	-0.459432	0.591194	-0.459432	-1.096862	-0.459432	-1.096862	-2.266787
R	1.488101	-2.266787	2.628031	-0.459432	-0.459432	0.318176	0.591194	-0.018859	-0.018859	0.318176	-2.266787	-2.266787
S	2.287802	-1.096862	0.318176	1.018616	1.347923	1.347923	1.488101	1.192645	2.036994	2.036994	2.287802	-2.266787
T	-0.459432	-2.266787	-2.266787	-0.018859	-0.018859	1.192645	-0.018859	0.318176	0.318176	0.591194	0.820676	-2.266787
V	-1.096862	-2.266787	-1.096862	-0.018859	0.318176	-0.018859	0.820676	-2.266787	-0.459432	1.018616	1.192645	-1.096862
W	-1.096862	-2.266787	-1.096862	-2.266787	-2.266787	-2.266787	-2.266787	-2.266787	-2.266787	-2.266787	-2.266787	-2.266787
Y	-1.096862	-2.266787	-0.018859	-1.096862	-2.266787	-1.096862	-2.266787	-1.096862	-2.266787	-2.266787	-2.266787	-2.266787
