A	1.857981	-1.000000	0.807355	0.169925	0.169925	0.169925	1.247928	1.247928	-1.000000	0.169925	0.807355	1.247928	-1.000000
C	-1.000000	-1.000000	-1.000000	-1.000000	-1.000000	-1.000000	-1.000000	-1.000000	-1.000000	-1.000000	-1.000000	-1.000000	-1.000000
D	-1.000000	-1.000000	-1.000000	-1.000000	-1.000000	-1.000000	0.169925	-1.000000	-1.000000	-1.000000	-1.000000	-1.000000	-1.000000
E	-1.000000	-1.000000	-1.000000	0.169925	0.169925	-1.000000	0.169925	-1.000000	-1.000000	-1.000000	0.169925	-1.000000	-1.000000
F	-1.000000	-1.000000	-1.000000	-1.000000	-1.000000	-1.000000	-1.000000	-1.000000	-1.000000	-1.000000	-1.000000	-1.000000	-1.000000
G	-1.000000	-1.000000	0.169925	1.857981	1.857981	1.247928	1.857981	1.857981	1.584963	1.247928	1.584963	-1.000000	-1.000000
H	-1.000000	-1.000000	-1.000000	-1.000000	-1.000000	-1.000000	0.807355	-1.000000	-1.000000	-1.000000	-1.000000	-1.000000	-1.000000
I	-1.000000	-1.000000	-1.000000	-1.000000	-1.000000	0.169925	-1.000000	0.169925	0.807355	-1.000000	-1.000000	0.169925	-1.000000
K	0.807355	-1.000000	-1.000000	0.169925	-1.000000	0.169925	-1.000000	-1.000000	-1.000000	0.169925	-1.000000	-1.000000	-1.000000
L	0.807355	-1.000000	0.169925	-1.000000	-1.000000	0.169925	-1.000000	-1.000000	0.169925	0.807355	-1.000000	-1.000000	3.108524
M	0.169925	-1.000000	0.807355	-1.000000	-1.000000	-1.000000	-1.000000	-1.000000	-1.000000	-1.000000	-1.000000	-1.000000	0.169925
N	-1.000000	-1.000000	-1.000000	-1.000000	-1.000000	-1.000000	0.807355	-1.000000	-1.000000	-1.000000	-1.000000	-1.000000	-1.000000
P	-1.000000	3.392317	0.169925	0.807355	0.807355	0.169925	-1.000000	0.807355	0.169925	0.807355	0.169925	0.169925	-1.000000
Q	-1.000000	-1.000000	-1.000000	0.807355	-1.000000	-1.000000	-1.000000	0.169925	0.169925	0.169925	-1.000000	0.807355	-1.000000
R	0.169925	-1.000000	1.247928	0.169925	-1.000000	0.169925	-1.000000	0.169925	0.807355	0.169925	-1.000000	-1.000000	-1.000000
S	1.584963	-1.000000	1.584963	1.247928	0.807355	0.807355	0.169925	-1.000000	0.807355	1.584963	2.087463	2.285402	-1.000000
T	-1.000000	-1.000000	-1.000000	-1.000000	0.169925	0.169925	0.169925	0.807355	-1.000000	-1.000000	0.169925	0.169925	-1.000000
V	0.169925	-1.000000	-1.000000	-1.000000	1.584963	0.807355	-1.000000	0.169925	0.807355	0.169925	0.169925	0.169925	0.807355
W	-1.000000	-1.000000	-1.000000	-1.000000	-1.000000	0.169925	-1.000000	-1.000000	-1.000000	-1.000000	-1.000000	-1.000000	-1.000000
Y	-1.000000	-1.000000	0.807355	-1.000000	-1.000000	0.169925	-1.000000	-1.000000	0.169925	-1.000000	-1.000000	-1.000000	-1.000000
