A	1.788496	-2.111508	1.035333	0.384918	-0.163976	0.473454	1.982004	-3.918863
C	-3.918863	-3.918863	-3.918863	-2.748938	-3.918863	-3.918863	-2.748938	-3.918863
D	-3.918863	-3.918863	-0.459432	-2.111508	-3.918863	-1.333901	-1.670936	-3.918863
E	-2.748938	-3.918863	-1.060882	-0.831400	-3.918863	-0.459432	0.556870	-3.918863
F	-0.831400	-3.918863	0.710493	-0.459432	0.290590	-2.748938	-3.918863	-0.163976
G	-1.060882	-3.918863	-0.163976	-0.459432	1.300305	0.635726	0.635726	-3.918863
H	-0.831400	-3.918863	-0.459432	-0.163976	-0.163976	-1.670936	-1.670936	-3.918863
I	0.384918	-3.918863	0.189661	-0.163976	-0.163976	-0.633461	-1.670936	-0.304153
K	0.849321	-3.918863	-0.459432	1.035333	0.384918	-1.060882	-0.459432	-3.918863
L	0.189661	-3.918863	0.556870	2.125531	2.588931	0.781576	-2.748938	3.986524
M	-2.111508	-3.918863	-1.060882	-2.748938	-0.633461	-2.111508	-1.670936	-0.304153
N	-1.670936	-3.918863	-0.633461	-0.831400	-3.918863	0.635726	-1.670936	-3.918863
P	-2.111508	4.215563	-1.333901	1.092364	-1.333901	1.564953	-0.633461	-3.918863
Q	-2.748938	-3.918863	-0.633461	-0.163976	-2.748938	-0.304153	0.384918	-2.748938
R	1.855924	-3.918863	1.092364	0.290590	1.394020	1.035333	-0.459432	-3.918863
S	1.717761	-3.918863	0.635726	-0.163976	-0.163976	1.200078	1.643379	-3.918863
T	-0.459432	-3.918863	0.781576	-0.633461	-1.060882	0.384918	0.384918	-3.918863
V	0.081137	-3.918863	0.849321	-0.163976	-1.060882	0.081137	1.564953	-0.831400
W	-2.111508	-3.918863	-3.918863	-2.111508	-1.670936	-2.111508	-3.918863	-3.918863
Y	-0.831400	-3.918863	-0.633461	-1.060882	-3.918863	-3.918863	-2.111508	-3.918863
