A	1.430374	-1.069949	1.725022	0.754915	0.719682	0.789307	0.863817	1.751430	-1.874224
C	-2.730860	-6.940314	-4.355351	-4.692386	-4.355351	-5.132959	-2.547996	-2.310957	-4.355351
D	-6.940314	-6.940314	-1.101110	-0.432519	-2.045496	-1.874224	-1.267888	-1.456498	-6.940314
E	-3.325604	-6.940314	-1.582762	0.160349	-1.303689	-1.673527	-0.178762	0.847589	-6.940314
F	-1.378071	-6.940314	-0.412837	-0.842282	-0.082333	-0.006623	-2.636533	-2.045496	1.374836
G	-0.229507	-6.940314	-0.578370	0.539467	0.608508	1.509867	-0.355351	-0.129742	-6.940314
H	-1.821373	-6.940314	-1.874224	-1.627431	-1.340401	-1.232954	-1.497370	-1.874224	-4.692386
I	0.120382	-2.172129	-0.006623	-0.868851	-0.452474	-0.393419	0.065311	-1.770389	-0.432519
K	0.701738	-6.940314	-0.318262	0.379359	0.120382	-0.393419	-0.816192	-1.165527	-5.770389
L	0.737406	-3.852851	0.789307	0.919221	0.627642	0.498478	1.213238	-0.412837	3.801364
M	-2.045496	-4.692386	-0.740641	-2.310957	-3.057671	-1.497370	-1.340401	-2.310957	0.133828
N	-1.039447	-6.940314	-0.514049	-0.790566	-0.765388	-0.645693	0.036966	-1.456498	-6.940314
P	-5.132959	4.183161	0.646526	1.733879	1.973324	0.822899	0.508835	-1.267888	-3.852851
Q	-0.556609	-5.770389	-0.113765	0.051208	-0.740641	-0.716312	0.224593	0.466954	-6.940314
R	1.675316	-5.770389	1.363467	-0.493230	0.737406	0.871864	-0.432519	-1.069949	-6.940314
S	1.807040	-2.310957	0.754915	1.194113	0.683568	0.965073	1.402872	2.145823	-5.770389
T	-0.036432	-3.185426	-0.790566	-0.300069	-0.162236	0.754915	1.187681	1.059686	-4.082333
V	0.379359	-0.740641	-0.006623	-0.264357	0.719682	0.160349	0.637115	0.746187	-0.082333
W	-4.692386	-6.940314	-1.673527	-2.940314	-2.636533	-2.045496	-3.852851	-5.132959	-6.940314
Y	-0.514049	-6.940314	-0.535172	-1.232954	-2.172129	-1.986117	-2.464580	-1.770389	-3.325604
