A	1.554241	-4.418380	0.963704	0.328974	0.827767	0.480222	0.316330	0.651070	0.993131	-2.146917
C	-5.330917	-6.170452	-5.330917	-4.418380	-5.833417	-5.132978	-3.942646	-5.132978	-2.894818	-7.248455
D	-4.114599	-4.535737	0.483995	1.174544	0.606760	0.067450	-0.277550	0.370339	-1.204061	-8.418380
E	-0.397400	4.245845	1.215978	1.776685	1.424756	0.897336	0.568173	1.388975	0.966404	-8.418380
F	-1.499516	-5.132978	0.246956	-1.253473	-1.330917	-1.278828	-0.475865	-1.833417	-1.032517	0.950127
G	1.014162	-5.833417	-0.938599	0.461204	0.874517	0.687529	0.674377	-0.606202	-0.454039	-7.248455
H	-0.505490	-3.585490	-0.535737	-1.087463	-1.253473	-0.888949	-0.622340	-0.215032	-0.468553	-5.833417
I	-1.132978	-4.803670	1.092879	-1.021775	-0.080758	0.036948	0.370339	-0.108903	-0.831540	-0.411352
K	1.742437	-6.170452	-0.740660	0.402597	-0.316404	0.726279	0.971789	0.026635	0.851331	-5.330917
L	-1.168081	-3.299439	1.269433	0.353935	0.449671	0.969099	0.757793	0.324772	0.491513	3.870342
M	-2.401571	-6.170452	-0.614249	-2.401571	-2.579176	-1.950774	-1.742423	-1.971296	-2.320348	-1.000527
N	-2.170452	-5.560399	-0.397400	-0.329591	-0.015368	-0.215032	0.268996	-0.026062	-1.110041	-7.248455
P	-5.833417	-4.309855	-1.228555	0.260220	0.535817	-0.042254	-0.439669	-0.630477	-2.975436	-5.330917
Q	0.183391	-1.576029	-0.520534	0.582325	0.067450	0.145770	0.140997	0.862971	0.667757	-6.611025
R	1.676358	-5.132978	-2.579176	-0.252217	-0.879221	0.136209	0.277718	-0.663492	0.386558	-6.611025
S	1.016770	-3.863791	0.052279	0.468841	0.713477	0.422398	0.112027	0.445806	1.042588	-6.170452
T	-0.026062	-4.208926	-0.785385	-0.369893	-0.031439	0.434150	-0.126058	0.410550	0.868755	-5.560399
V	-0.663492	-4.958948	0.821815	-0.749495	0.169398	0.201840	0.374411	0.990481	0.779451	-1.871485
W	-3.352291	-8.418380	-2.975436	-3.717940	-3.863791	-3.942646	-3.199211	-3.352291	-4.026062	-1.266095
Y	-1.317717	-4.803670	-0.869558	-1.707573	-2.146917	-1.930540	-0.958948	-1.384957	-1.240960	0.174077
