A	1.594687	-2.954719	1.189767	0.247267	0.710377	0.809146	0.826935	0.861869	0.901584	1.004176	-2.535635
C	-5.623098	-7.430453	-5.623098	-5.182525	-5.182525	-6.260528	-5.623098	-5.623098	-4.572472	-3.547810	-6.260528
D	-3.971021	-5.182525	0.533888	1.133697	0.890348	0.452190	0.069393	-0.168358	0.264776	-1.025311	-7.430453
E	-1.688986	4.129761	1.124136	2.060900	1.645695	0.918276	1.009378	0.482437	1.350087	0.611207	-6.260528
F	-1.441768	-4.572472	0.519374	-1.206451	-1.758027	-1.906891	-1.499715	-0.922658	-1.158990	-1.386058	0.873328
G	1.261291	-4.145050	-1.113040	0.444529	0.526649	1.014562	1.060398	0.861869	-1.004188	-0.636037	-6.260528
H	-0.864399	-2.875864	-0.619881	-1.906891	-1.206451	-1.004188	-0.772241	-0.845490	-0.253033	-0.942613	-7.430453
I	-1.046748	-3.430453	0.923797	-0.668901	-0.572472	-0.467557	-0.228329	0.282074	-0.033848	-0.702532	-1.158990
K	1.390524	-6.260528	-0.845490	-0.240628	-0.467557	0.638326	0.791135	0.741975	-0.168358	0.691081	-4.845490
L	-0.942613	-0.424828	1.090166	0.710377	0.474934	0.264776	0.618034	0.569547	0.089184	0.754423	3.927512
M	-2.535635	-3.675565	-0.826826	-2.260528	-2.117570	-2.597563	-1.946637	-1.688986	-2.419225	-2.029573	-0.652375
N	-2.311511	-7.430453	-0.342990	-0.410862	-0.110780	-0.526571	-0.023185	-0.066318	-0.342990	-1.135832	-6.260528
P	-5.623098	-2.072901	-1.090603	0.202543	0.604346	0.452190	-0.383329	-0.253033	-0.845490	-2.875864	-7.430453
Q	-0.145050	-1.591249	-0.511589	0.341037	0.059395	-0.023185	0.165737	0.405598	0.998954	0.526649	-5.623098
R	1.981058	-5.623098	-1.868210	-0.702532	-1.499715	0.008339	-0.383329	0.059395	-0.192048	0.373678	-4.145050
S	1.004176	-3.815743	0.089184	0.548258	0.945673	0.945673	0.631594	0.512062	0.444529	1.166669	-7.430453
T	-0.077306	-3.220999	-0.467557	-0.303748	0.008339	0.452190	0.307640	0.079322	0.597453	1.019728	-6.260528
V	-0.253033	-1.906891	0.671523	-0.572472	0.137504	-0.033848	-0.216133	0.444529	0.923797	1.124136	-0.983369
W	-3.220999	-7.430453	-2.662268	-4.145050	-4.145050	-4.845490	-4.572472	-4.342990	-3.815743	-4.342990	-1.413644
Y	-1.004188	-3.038135	-0.719646	-1.987509	-2.072901	-2.419225	-1.280705	-2.072901	-1.413644	-1.499715	-0.702532
