A	1.726020	-3.178337	1.507426	0.474602	0.562420	0.381090	0.618129	0.978877	0.618129	0.773408	1.020818	-2.338802
C	-5.426265	-5.426265	-5.426265	-5.426265	-5.426265	-4.256340	-5.426265	-4.256340	-3.178337	-3.618910	-3.618910	-5.426265
D	-5.426265	-3.178337	-0.113382	1.400284	0.913585	0.645198	0.773408	-0.025385	0.173648	0.412939	-2.140863	-5.426265
E	-2.841302	4.214884	0.671767	1.522102	1.847531	1.158698	0.748661	0.891148	0.797737	1.139789	0.797737	-5.426265
F	-1.122484	-4.256340	1.061575	-1.033947	-1.811555	-1.216811	-1.671377	-1.966833	-1.216811	-1.811555	-0.725825	0.868356
G	1.565257	-4.256340	-0.871676	0.957440	0.891148	1.081530	1.536631	1.713287	1.158698	0.057551	-0.871676	-5.426265
H	-1.033947	-5.426265	-0.725825	-1.966833	-2.568284	-0.658080	-0.871676	-1.216811	-0.950531	-0.472068	-2.841302	-4.256340
I	-1.317740	-3.178337	1.301656	-0.725825	-0.159478	-0.725825	-0.256340	-0.307324	-0.307324	0.097297	0.135978	-1.811555
K	1.593326	-4.256340	-1.216811	0.173648	-1.811555	0.504473	0.697857	0.723482	0.697857	-1.216811	0.016679	-4.256340
L	-1.317740	-1.966833	0.868356	0.381090	0.444100	0.210360	0.097297	0.057551	0.016679	0.348522	0.773408	4.052505
M	-4.256340	-5.426265	-0.950531	-1.811555	-2.338802	-2.338802	-2.568284	-2.338802	-1.543622	-2.140863	-0.950531	-1.426265
N	-2.568284	-5.426265	-1.671377	-0.531447	-0.593375	-0.068713	0.057551	-0.068713	0.057551	-0.360176	-0.950531	-5.426265
P	-4.256340	-4.256340	-0.531447	0.381090	0.821663	0.210360	0.348522	-0.360176	0.097297	-0.593375	-3.618910	-5.426265
Q	-0.593375	-4.256340	-0.307324	0.097297	-0.531447	0.057551	0.057551	-0.159478	0.246161	0.845198	-0.068713	-5.426265
R	1.991588	-5.426265	-2.338802	-1.122484	-1.317740	-0.360176	-0.725825	-0.796908	0.173648	-0.950531	-0.472068	-3.618910
S	0.748661	-3.618910	0.097297	0.412939	0.444100	0.797737	0.773408	0.645198	0.773408	0.504473	1.416086	-5.426265
T	-0.256340	-2.841302	-1.426265	-0.068713	0.281094	0.562420	-0.068713	0.444100	0.016679	0.797737	0.748661	-5.426265
V	-0.415037	-2.841302	0.957440	-0.307324	0.671767	-0.360176	-0.360176	-0.025385	0.210360	1.061575	1.620859	-5.426265
W	-3.618910	-5.426265	-2.841302	-3.178337	-3.618910	-4.256340	-4.256340	-3.178337	-5.426265	-2.338802	-3.618910	-2.140863
Y	-0.950531	-3.618910	-0.725825	-1.543622	-2.338802	-1.671377	-2.841302	-1.966833	-2.338802	-1.216811	-0.950531	-3.618910
