A	1.825126	-1.967432	0.925653	-0.160077	0.779802	0.779802	0.779802	0.617530	0.700946	0.854570	1.395138	1.491999	-3.774787
C	-3.774787	-3.774787	-3.774787	-2.604862	-3.774787	-3.774787	-3.774787	-3.774787	-2.604862	-3.774787	-2.604862	-3.774787	-3.774787
D	-3.774787	-2.604862	-0.160077	1.626092	0.925653	0.617530	0.225213	0.434666	0.617530	0.107856	-0.315355	-1.967432	-3.774787
E	-2.604862	4.115477	-0.160077	1.626092	1.395138	1.291302	0.434666	0.528994	1.120031	0.225213	1.344154	0.434666	-3.774787
F	-0.315355	-3.774787	1.120031	-0.916806	-1.189825	-0.916806	-1.189825	-1.967432	-1.189825	-1.967432	-1.526860	-0.489385	-0.160077
G	1.444381	-1.967432	-0.315355	0.993397	0.925653	1.179409	0.225213	1.668156	1.582765	0.925653	-1.189825	-0.489385	-3.774787
H	-1.189825	-3.774787	-1.526860	-1.189825	-2.604862	-1.526860	0.107856	-0.916806	-0.489385	-0.315355	-0.687324	-3.774787	-3.774787
I	-0.489385	-2.604862	1.538096	-0.315355	-0.160077	-0.916806	-0.315355	-0.687324	-1.967432	-0.019900	-0.489385	-0.916806	-1.967432
K	1.861838	-3.774787	-0.315355	-0.315355	-1.967432	-0.160077	0.700946	-0.315355	0.617530	0.779802	-1.967432	-0.916806	-3.774787
L	-0.916806	-1.967432	1.626092	0.333737	0.528994	0.528994	0.434666	-0.489385	-0.160077	0.107856	-0.019900	0.434666	4.100194
M	-2.604862	-2.604862	-1.526860	-2.604862	-1.967432	-1.189825	-1.967432	-3.774787	-2.604862	-1.526860	-0.315355	-2.604862	-1.189825
N	-1.967432	-3.774787	-1.189825	-1.189825	-0.687324	-0.687324	-0.019900	0.333737	-0.160077	-0.315355	0.700946	-0.160077	-3.774787
P	-3.774787	-2.604862	-1.189825	0.333737	0.925653	0.333737	0.333737	0.333737	-0.315355	0.107856	0.107856	-1.526860	-3.774787
Q	-1.967432	-3.774787	-0.160077	0.434666	-1.189825	-0.687324	0.333737	0.528994	0.333737	0.617530	0.617530	0.225213	-3.774787
R	1.668156	-3.774787	-1.967432	-0.687324	-1.526860	-0.489385	-0.687324	-0.315355	-0.916806	-0.687324	-1.526860	-0.489385	-3.774787
S	0.617530	-2.604862	-1.189825	0.225213	0.528994	1.120031	1.120031	1.444381	0.333737	0.779802	0.434666	1.058103	-3.774787
T	-0.687324	-3.774787	-0.916806	-0.019900	0.225213	0.107856	0.528994	-0.019900	0.700946	0.107856	0.333737	1.179409	-3.774787
V	-0.916806	-1.526860	0.700946	-0.916806	0.993397	0.225213	-0.160077	-0.489385	-0.489385	0.700946	1.058103	1.861838	-2.604862
W	-3.774787	-3.774787	-3.774787	-2.604862	-3.774787	-3.774787	-3.774787	-3.774787	-3.774787	-1.967432	-1.967432	-3.774787	-3.774787
Y	-0.687324	-3.774787	0.107856	-1.967432	-1.526860	-3.774787	-1.967432	-2.604862	-1.526860	-3.774787	-2.604862	-1.967432	-3.774787
