A	1.699134	-2.409391	0.678072	-0.602036	1.205319	0.678072	1.050041	0.678072	0.448590	1.205319	1.205319	1.205319	1.699134	-2.409391
C	-2.409391	-2.409391	-2.409391	-2.409391	-1.239466	-2.409391	-2.409391	-2.409391	-2.409391	-2.409391	-1.239466	-2.409391	-2.409391	-2.409391
D	-2.409391	-2.409391	-0.602036	1.590609	0.448590	-0.161463	0.678072	0.175572	1.205319	0.175572	0.448590	0.678072	-2.409391	-2.409391
E	-2.409391	3.930459	-0.161463	1.345497	-0.161463	0.448590	1.205319	0.876011	0.876011	0.448590	-0.602036	1.050041	0.175572	-2.409391
F	-0.161463	-2.409391	0.876011	-1.239466	-0.602036	-0.602036	-1.239466	-1.239466	0.175572	-1.239466	-2.409391	-2.409391	-1.239466	-0.602036
G	1.699134	-2.409391	-2.409391	1.590609	1.473252	1.050041	1.205319	1.345497	1.050041	2.219966	0.876011	0.448590	0.175572	-2.409391
H	-0.602036	-2.409391	-0.161463	-1.239466	-1.239466	-2.409391	-2.409391	-1.239466	-1.239466	-1.239466	-1.239466	-0.602036	-2.409391	-2.409391
I	-0.602036	-2.409391	1.345497	-1.239466	-0.161463	0.448590	0.448590	-0.602036	-0.602036	-1.239466	-0.161463	0.448590	-1.239466	-2.409391
K	1.205319	-2.409391	-2.409391	-2.409391	-0.602036	-0.602036	-0.161463	0.175572	-0.161463	-0.161463	0.678072	-2.409391	-0.602036	-2.409391
L	-1.239466	-2.409391	1.345497	0.175572	-0.602036	-0.602036	-0.602036	-0.161463	-1.239466	-2.409391	0.175572	-0.602036	0.175572	3.952553
M	-1.239466	-2.409391	-1.239466	-2.409391	-2.409391	-1.239466	-2.409391	-1.239466	-2.409391	-1.239466	-1.239466	-2.409391	-1.239466	-2.409391
N	-1.239466	-2.409391	-0.161463	0.175572	-2.409391	-0.161463	0.678072	0.175572	-0.161463	0.448590	0.678072	0.175572	-1.239466	-2.409391
P	-2.409391	-1.239466	-2.409391	-0.602036	1.590609	0.678072	-0.161463	-0.161463	1.345497	0.876011	-0.602036	-0.602036	-1.239466	-2.409391
Q	-2.409391	-2.409391	0.175572	1.050041	-0.161463	0.678072	0.175572	0.448590	-1.239466	-0.161463	-0.602036	0.448590	0.448590	-2.409391
R	2.219966	-1.239466	-0.602036	-0.161463	-1.239466	-0.161463	-0.602036	-0.602036	-0.161463	-0.602036	0.448590	-0.602036	-1.239466	-2.409391
S	-0.161463	-2.409391	-0.602036	0.448590	0.678072	0.876011	0.448590	1.205319	0.876011	-0.602036	0.678072	-0.602036	0.448590	-2.409391
T	-1.239466	-1.239466	-1.239466	-2.409391	-0.161463	1.050041	-2.409391	0.175572	-0.161463	-0.161463	0.175572	1.050041	1.205319	-2.409391
V	-2.409391	-0.602036	0.678072	-0.161463	0.175572	-0.602036	-0.161463	-0.161463	-0.602036	-0.602036	-0.161463	0.876011	1.800062	-0.602036
W	-2.409391	-2.409391	-0.602036	-2.409391	-2.409391	-2.409391	-0.602036	-2.409391	-2.409391	-2.409391	-1.239466	-1.239466	-1.239466	-2.409391
Y	-1.239466	-2.409391	0.876011	-1.239466	-1.239466	-2.409391	-1.239466	-2.409391	-2.409391	-1.239466	-1.239466	-1.239466	-0.602036	-2.409391
