A	1.439779	-3.493738	0.908647	0.424424	1.687926	0.367167	0.938436	-3.723220
C	-5.411276	-6.581201	-4.773846	-5.411276	-6.581201	-6.581201	-5.411276	-6.581201
D	-0.509738	-1.362032	0.715716	-0.381528	-0.333273	-1.138257	-1.880761	-6.581201
E	-0.134117	4.213215	-0.806414	1.005639	-0.286580	0.715716	1.069851	-6.581201
F	-0.406275	-5.411276	0.967621	-0.710836	-0.154936	-0.357199	-2.277420	0.815404
G	1.051795	-6.581201	0.163633	-0.241351	0.680894	-2.472676	-0.536806	-6.581201
H	-0.034306	-6.581201	0.040851	-0.908775	-0.839734	1.060851	-0.806414	-6.581201
I	-0.710836	-3.295798	1.222930	0.452222	0.213215	0.213215	-0.483168	0.918645
K	1.131326	-6.581201	-0.431453	1.005639	-2.188883	-0.286580	1.339152	-6.581201
L	0.112286	-4.333273	0.749716	1.114028	0.040851	-0.536806	0.608624	3.825270
M	-1.180321	-5.411276	-1.223649	-2.188883	-2.188883	-2.826313	-1.627004	-1.462260
N	-0.981288	-6.581201	-0.944576	-1.057639	-1.627004	-0.176059	-1.813016	-6.581201
P	-5.411276	-5.411276	-2.698558	1.042681	0.438390	0.276780	-2.472676	-6.581201
Q	-0.621199	-1.057639	-0.431453	0.112286	-1.362032	0.633119	0.163633	-6.581201
R	0.847160	-6.581201	-1.686383	-0.457079	-2.581201	0.410321	0.261150	-6.581201
S	0.847160	-3.493738	0.022426	-0.536806	1.324186	0.337663	0.506262	-6.581201
T	-0.406275	-5.411276	-0.197496	-0.134117	1.156892	0.506262	0.857591	-6.581201
V	-0.564392	-3.996238	0.957958	0.867948	1.222930	1.214839	1.553226	0.352490
W	-2.581201	-6.581201	-1.813016	-4.773846	-5.411276	-2.371747	-6.581201	-4.333273
Y	0.196877	-5.411276	-0.431453	-1.748311	-2.826313	-0.806414	-2.581201	-1.813016
