A	1.401081	-2.232216	1.044988	0.420857	0.207885	0.417686	0.261938	0.935050	-1.066725
C	-5.732061	-9.732061	-4.899171	-5.732061	-4.777865	-5.102705	-4.208499	-3.484134	-4.899171
D	-1.746219	-2.481763	0.814833	0.757034	0.099246	-0.645925	-0.860156	-1.318433	-9.732061
E	-0.057428	4.046324	0.753265	1.462388	0.698130	0.260169	0.894560	0.736817	-8.562136
F	-1.018675	-7.484134	0.461464	-1.121037	-0.442043	-0.433426	-0.860156	-1.256328	1.153826
G	0.951591	-9.732061	-0.543473	0.651643	0.610569	0.209720	-1.630086	-0.442043	-9.732061
H	-0.450711	-2.579777	-0.424861	-1.201655	-0.555888	-0.525047	0.258397	-0.609881	-5.428281
I	-0.796160	-6.644599	0.621637	-0.273655	0.325930	0.583937	0.503953	-0.537305	0.835182
K	1.291000	-5.031622	-0.099975	0.347757	0.479827	0.805157	0.235165	1.035709	-4.899171
L	-0.562136	-2.423722	0.518829	0.521786	0.725319	0.561123	0.770770	0.566860	3.540204
M	-1.927930	-4.720834	-1.084603	-2.282913	-2.135872	-1.864783	-2.117352	-1.960572	-0.777865
N	-1.018675	-7.147099	0.038602	-0.500840	-0.352683	-0.388320	-0.488887	-0.879532	-9.732061
P	-5.849418	-4.059636	-1.559634	1.039841	0.341076	0.267234	0.172573	-2.813198	-3.128435
Q	-0.167436	1.225403	-0.304749	0.202367	-0.057428	0.380704	0.586764	0.436611	-7.924706
R	1.201629	-3.582314	-2.010962	-0.613120	-0.070729	0.263706	-0.111383	0.479827	-5.977174
S	1.319317	-5.522608	0.433474	0.409726	0.582522	0.488921	0.149817	1.132705	-7.484134
T	0.362676	-4.720834	0.083322	-0.294309	0.267234	0.235165	0.549579	0.780679	-4.512893
V	-0.325856	-3.460598	0.578267	-0.064063	0.599415	0.812420	1.123002	0.914947	0.436611
W	-3.607940	-9.732061	-2.126582	-3.392211	-3.305797	-3.892858	-2.592510	-5.031622	-1.089107
Y	-0.745508	-7.484134	-0.477033	-2.135872	-1.462935	-1.572190	-0.860156	-1.383333	0.254847
