A	-3.391447 0.479491 0.893521 0.315109 0.696601 0.189856 0.543912 0.886603 1.827868
C	-7.956602 -6.153623 -2.465188 -3.154575 -4.966551 -4.990631 -5.670383 -4.764072 -3.527249
D	-6.904561 -1.470009 -1.767457 1.111285 0.614650 1.248596 2.414422 -0.465803 0.230951
E	-7.885823 0.292817 -0.437401 1.254921 0.784961 -1.437174 1.050523 0.564201 -0.105833
F	0.795953 -1.085834 -0.713010 -0.510794 -2.050144 -2.236707 -2.638801 -1.805096 -3.087307
G	-10.545322 -2.507570 -0.895663 -2.794846 -0.498268 -1.800586 -1.293302 -0.160811 1.668219
H	-8.049590 -0.164732 -1.717885 -2.028805 -0.704305 -2.087684 -2.019018 -0.255315 -1.224965
I	3.005156 0.647257 1.223633 0.868195 -0.431299 0.461776 -0.476358 -0.368946 -0.811280
K	-10.889291 1.245337 0.265759 -2.093411 1.137976 -0.440596 -1.913662 0.930931 -1.896501
L	2.338738 0.479551 0.787777 1.256793 -0.184057 0.867110 0.736544 1.091504 -0.657650
M	-1.069325 -2.350315 -0.916785 0.018187 -2.450248 -2.751053 -3.407483 -2.297027 -2.009646
N	-7.784116 -0.673467 -0.881550 -1.686564 -0.305464 0.929399 0.988149 -0.765739 -0.801385
P	-4.137219 -5.231703 -0.090557 -4.975837 0.987964 -0.133208 0.553606 0.895189 -1.615287
Q	-5.447841 0.287236 -0.093220 1.928276 0.304088 -1.601046 0.220013 0.033040 0.973431
R	-10.732858 1.535695 0.163233 -3.766037 0.080559 -0.967357 -1.909808 0.902748 -0.661182
S	-6.272692 -0.094070 0.629376 -0.170865 0.461535 0.878757 0.232668 0.227928 1.871812
T	-5.039016 0.127081 0.230078 -0.476803 0.510510 1.639769 -0.907224 -0.439332 -0.792012
V	1.711081 1.249652 1.192788 0.367970 0.238219 1.367818 -0.380360 0.253007 -0.325069
W	-2.513391 -3.923875 -2.796904 -2.681653 -3.457647 -6.369949 -5.423687 -4.878304 -7.344691
Y	0.008214 -0.528215 -0.007292 -1.897404 -1.443454 -4.153399 -2.488991 -1.311650 -1.847196
