A	-0.948224 0.368891 1.484757 -0.691681 0.718444 1.885988 1.171924 0.316695 1.041692
C	-3.874427 -2.920752 -7.293929 -7.306170 -7.315098 -7.317627 -3.859185 -7.318493 -7.310405
D	-2.686816 -0.819526 -0.723482 -7.020664 0.474360 2.264645 0.257986 -0.644046 1.972619
E	-0.322484 0.190719 0.274268 -0.962576 0.661954 0.442662 0.637143 0.826964 1.678261
F	1.043078 -1.558636 0.527279 2.870621 -2.191485 -6.928079 -0.425505 -1.154448 -2.406433
G	-6.162863 -1.842729 0.329872 -7.254311 -1.946116 -0.826310 -1.230932 0.118118 0.501434
H	-2.000381 -0.027269 -1.721297 -6.088613 -1.131016 -7.288272 0.246391 0.100138 -1.841146
I	2.555487 0.166934 0.595674 0.246114 -0.660010 -0.867331 -0.189512 -1.700132 -0.090244
K	-2.883938 1.454239 -0.686369 -4.764331 1.457605 -3.587800 -0.579711 0.823215 -2.482291
L	1.446161 0.135393 -1.088150 1.375256 0.179501 -0.051378 -0.242215 0.724058 0.691448
M	-2.041031 -6.683843 -2.852684 -0.922380 -3.716453 -7.257456 -2.424822 -7.104250 -2.027393
N	-2.556999 -0.479887 -1.474332 -5.983793 -1.579180 0.851905 0.239740 0.328198 0.483327
P	-2.917191 -7.182214 0.277823 -7.190418 0.442006 0.394270 0.883097 0.876630 -2.651066
Q	-0.747642 -0.118019 -0.950899 -2.500120 0.737626 -6.941213 0.666282 0.623127 -0.589173
R	-7.055646 1.269787 -0.140479 -7.062241 0.948258 -3.816834 -0.863389 0.263792 0.292697
S	-0.208258 -0.612571 0.646039 -6.193202 0.279940 0.510243 -0.016675 0.082406 -0.441991
T	-1.465548 0.039515 -0.410210 -3.802837 0.546324 0.791637 -0.598654 0.001912 -1.671265
V	1.190830 1.329824 0.112212 -0.486465 0.674349 0.662382 1.179282 0.308755 0.450061
W	-1.067679 -1.771520 -0.502072 1.028116 -2.270333 -7.013257 -1.237054 -3.499663 -7.222610
Y	1.175735 0.809936 1.342543 2.045702 -3.539627 -7.018156 -1.020703 -0.372856 -3.675423
