A	0.287188	1.460204	0.654084	-0.092996	0.341842	0.287188	0.201117	0.201117	-0.286677	-4.559696
C	-3.922266	-5.729621	-3.481693	-3.922266	-4.559696	-5.729621	-5.729621	-5.729621	-3.922266	-5.729621
D	-5.729621	-2.871640	0.587792	0.946336	1.555781	0.675521	0.045166	0.109583	-0.961436	-5.729621
E	-2.642158	-1.846978	-0.416738	0.445305	1.204070	0.314773	0.287188	1.218746	0.171246	-5.729621
F	-0.372069	-3.144658	1.096928	-0.416738	-0.718393	-0.775424	-0.129708	-0.559696	-0.129708	2.175766
G	-1.621096	-1.253887	-1.253887	0.011846	0.855342	0.817274	1.064795	-0.510452	-0.834803	-5.729621
H	0.011846	-5.729621	-1.974733	-1.100264	-1.337303	-0.896731	-0.718393	-0.372069	-0.559696	-5.729621
I	0.565000	-0.510452	1.128360	-0.834803	-0.462834	0.717462	0.171246	0.171246	-0.834803	-2.642158
K	2.325662	-1.974733	-2.114911	0.654084	-0.896731	0.109583	-0.129708	-1.175032	0.758219	-4.559696
L	0.445305	-0.610680	1.544175	-0.022262	0.259064	0.874006	1.015213	0.778174	1.128360	0.287188
M	-1.425840	-1.846978	-0.961436	-2.871640	-2.444219	-2.114911	-2.642158	-1.253887	-1.425840	-2.642158
N	-3.481693	-2.444219	-0.372069	-0.092996	-0.372069	-0.206059	0.314773	-0.328741	0.045166	-5.729621
P	-4.559696	-2.871640	-1.846978	1.912431	0.892431	0.696644	0.394501	-0.372069	-3.144658	-5.729621
Q	-1.029181	-2.270189	-0.896731	-0.286677	-0.416738	-0.129708	0.470052	0.696644	0.314773	-5.729621
R	1.809538	-2.642158	-2.642158	-0.510452	-1.175032	-1.100264	-0.610680	-1.337303	0.565000	-4.559696
S	-0.129708	2.948979	0.565000	0.797856	0.470052	0.445305	0.368411	0.494381	1.031930	-5.729621
T	-1.100264	1.982906	-0.416738	-0.129708	-0.092996	0.287188	-0.057195	0.470052	1.331075	-5.729621
V	0.654084	0.928591	1.031930	-0.416738	0.445305	0.314773	-0.057195	1.159123	0.259064	-3.481693
W	-5.729621	-5.729621	-1.175032	-2.114911	-3.144658	-3.144658	-2.114911	-1.520167	-2.444219	3.437170
Y	0.140744	-3.481693	-0.057195	-1.425840	-1.425840	-1.175032	-0.510452	-0.718393	-0.510452	1.435286
