A	0.762961	1.577658	0.356485	0.074547	1.079727	0.074547	0.439422	0.517848	0.592231	-0.090198	-3.237039
C	-5.044394	-5.044394	-3.237039	-3.237039	-3.874469	-3.874469	-5.044394	-5.044394	-5.044394	-3.874469	-5.044394
D	-5.044394	-3.874469	0.856473	0.398549	1.079727	0.825971	0.794810	0.074547	0.398549	-1.758992	-5.044394
E	-3.874469	-3.237039	-0.276210	0.517848	0.762961	0.886343	0.628031	0.021695	0.762961	0.021695	-3.874469
F	-0.211504	-1.289507	1.130532	-2.186413	-0.834941	-1.044394	-0.740613	-0.415037	-0.211504	-0.652077	2.362874
G	-0.415037	-0.834941	-0.652077	0.762961	0.174774	1.130532	0.856473	1.027068	0.125531	0.021695	-3.874469
H	-0.568661	-3.237039	-1.758992	-1.289507	-1.289507	-0.834941	-0.489805	-1.289507	-0.211504	-0.740613	-5.044394
I	0.662965	-0.935870	1.053638	-1.161751	-0.489805	-0.149576	0.313158	0.174774	-0.090198	-0.568661	-1.584963
K	2.252522	-2.186413	-1.044394	-0.489805	-0.489805	0.268489	-0.415037	0.021695	-1.758992	-0.149576	-2.186413
L	0.268489	-1.429684	1.483083	-0.343954	0.268489	0.074547	1.027068	1.027068	1.027068	1.227069	0.313158
M	-1.758992	-1.584963	-0.652077	-2.459432	-3.237039	-2.459432	-3.237039	-2.459432	-1.289507	-1.044394	-3.237039
N	-3.874469	-2.796467	-1.044394	-0.568661	0.697073	-0.211504	-1.584963	0.398549	-0.935870	0.268489	-5.044394
P	-3.874469	-3.237039	-1.758992	2.286523	0.555519	1.227069	0.662965	0.517848	-0.652077	-3.874469	-5.044394
Q	-1.429684	-2.459432	-0.834941	-0.489805	-0.276210	-0.276210	-0.276210	-0.033167	0.592231	0.439422	-5.044394
R	1.874469	-2.186413	-1.584963	-0.415037	-2.186413	-0.740613	-0.935870	-1.161751	-0.489805	0.730393	-5.044394
S	-0.211504	2.830587	0.555519	1.227069	0.856473	0.697073	0.479168	0.356485	0.972414	0.730393	-5.044394
T	-0.415037	2.169925	-0.935870	0.074547	0.479168	0.517848	0.794810	0.439422	0.356485	0.972414	-5.044394
V	0.794810	0.944291	0.592231	-0.740613	0.125531	-0.343954	0.268489	0.628031	0.479168	0.794810	-3.237039
W	-5.044394	-3.874469	-1.584963	-2.796467	-2.186413	-5.044394	-2.796467	-3.237039	-1.289507	-1.044394	3.379772
Y	-1.044394	-5.044394	0.439422	-1.044394	-0.935870	-2.459432	-1.584963	-1.161751	-0.935870	-0.149576	0.944291
