A	1.252766	1.979390	0.743092	-0.281570	0.475158	-0.052089	-0.554589	0.615336	0.615336	0.615336	-0.554589	-3.139551
C	-3.139551	-3.139551	-3.139551	-1.969626	-3.139551	-1.332196	-3.139551	-3.139551	-1.969626	-3.139551	-3.139551	-3.139551
D	-3.139551	-3.139551	0.319880	1.164229	0.860449	1.336182	0.860449	0.968973	-1.332196	0.615336	-0.891624	-3.139551
E	-3.139551	-1.969626	-3.139551	0.968973	1.560888	0.968973	1.415037	0.860449	-0.281570	0.743092	-0.052089	-3.139551
F	-0.281570	-3.139551	1.415037	-1.969626	-0.891624	-0.281570	-1.332196	-0.554589	-0.052089	0.615336	0.145851	2.030374
G	-1.332196	-1.332196	-0.554589	0.475158	-0.281570	0.319880	1.069902	0.615336	0.860449	-0.554589	-0.281570	-3.139551
H	-1.332196	-3.139551	0.145851	-1.332196	-0.891624	-0.891624	-1.332196	-1.332196	-0.891624	-0.891624	-0.281570	-3.139551
I	0.743092	-0.554589	1.560888	-1.332196	0.145851	-0.554589	-1.332196	-0.281570	-1.332196	0.145851	-0.554589	-3.139551
K	2.218001	-3.139551	-0.891624	0.319880	-3.139551	0.145851	0.475158	0.968973	0.615336	-1.969626	0.968973	-3.139551
L	0.615336	-0.554589	1.336182	-0.052089	-0.052089	0.743092	0.475158	0.615336	0.743092	0.475158	1.336182	-3.139551
M	-1.969626	-1.969626	-1.332196	-3.139551	-1.969626	-1.969626	-3.139551	-1.969626	-1.332196	-0.281570	-0.891624	-3.139551
N	-3.139551	-1.969626	-0.891624	-1.969626	0.145851	0.615336	-0.891624	-1.969626	-0.052089	0.319880	0.145851	-3.139551
P	-1.969626	-0.891624	-1.332196	2.127235	0.475158	0.145851	1.069902	0.319880	0.475158	-0.891624	-3.139551	-3.139551
Q	-1.332196	-3.139551	-0.052089	-0.891624	-0.281570	-1.332196	-0.052089	-0.554589	-0.052089	-0.554589	0.475158	-3.139551
R	2.079617	-1.969626	-1.969626	-0.891624	-3.139551	-1.969626	-0.554589	-0.554589	-0.554589	-1.969626	-0.281570	-3.139551
S	-0.554589	2.820451	-0.891624	1.069902	1.252766	0.743092	0.860449	0.615336	0.145851	1.693339	0.475158	-3.139551
T	-3.139551	1.814645	-0.891624	-0.554589	0.145851	0.145851	-0.052089	-0.281570	0.743092	0.319880	0.615336	-3.139551
V	-0.281570	0.319880	1.164229	-0.052089	0.615336	-0.554589	0.145851	0.319880	0.615336	-0.281570	0.968973	-3.139551
W	-3.139551	-3.139551	-1.969626	-3.139551	-1.969626	-1.969626	-3.139551	-1.332196	-3.139551	-1.969626	-3.139551	3.571255
Y	-0.281570	-3.139551	-1.969626	-1.332196	-0.554589	-0.281570	-1.969626	-0.891624	0.319880	-0.891624	-0.281570	1.069902
