A	0.337035	0.839535	-2.247928	-0.000000	0.610053	-1.078003	0.337035	0.839535	0.000000	1.037475	-0.000000	-0.440573	-2.247928
C	-2.247928	-2.247928	-2.247928	-2.247928	-2.247928	-2.247928	-2.247928	-2.247928	-2.247928	-2.247928	-2.247928	-2.247928	-2.247928
D	-2.247928	-2.247928	0.610053	-1.078003	0.337035	0.337035	1.366782	1.211504	0.839535	1.211504	-1.078003	-0.000000	-2.247928
E	-1.078003	-2.247928	-0.440573	1.366782	0.337035	0.337035	0.337035	0.610053	0.610053	0.000000	0.610053	-0.000000	-2.247928
F	-0.440573	-2.247928	1.506960	-0.440573	-1.078003	-1.078003	-2.247928	-2.247928	-2.247928	0.610053	0.337035	-2.247928	1.634716
G	-0.440573	-1.078003	-2.247928	-0.000000	0.610053	1.037475	0.610053	0.610053	0.610053	1.037475	0.337035	-1.078003	-2.247928
H	-1.078003	-1.078003	-2.247928	-1.078003	-1.078003	-2.247928	-1.078003	-2.247928	0.000000	-2.247928	-1.078003	-1.078003	-2.247928
I	-1.078003	-1.078003	1.752072	-2.247928	-0.000000	-1.078003	-0.440573	-0.000000	-1.078003	0.337035	0.610053	-1.078003	-2.247928
K	2.646890	-2.247928	-1.078003	0.337035	-1.078003	0.337035	-0.000000	-0.440573	0.337035	-2.247928	-1.078003	0.610053	-2.247928
L	-0.440573	-2.247928	0.839535	-0.000000	-0.000000	-0.000000	0.610053	-0.440573	-2.247928	0.337035	1.366782	2.055853	-1.078003
M	-2.247928	-2.247928	-2.247928	-2.247928	-1.078003	-1.078003	-2.247928	-2.247928	-2.247928	-2.247928	-1.078003	-2.247928	-2.247928
N	-2.247928	-2.247928	-0.440573	-1.078003	-1.078003	-0.440573	0.337035	0.337035	0.000000	-1.078003	1.211504	-0.440573	-2.247928
P	-2.247928	-1.078003	-0.440573	2.306661	1.211504	1.211504	0.337035	1.037475	0.610053	0.610053	-1.078003	-2.247928	-2.247928
Q	-2.247928	-2.247928	-0.440573	-0.000000	-1.078003	-1.078003	-0.000000	-1.078003	-1.078003	-0.440573	-0.000000	0.337035	-2.247928
R	2.227806	-1.078003	-1.078003	-1.078003	-2.247928	-1.078003	-2.247928	-0.440573	-0.440573	-2.247928	-2.247928	-1.078003	-2.247928
S	0.337035	3.018859	-0.000000	-0.440573	1.366782	1.506960	0.839535	1.211504	1.211504	-1.078003	0.839535	0.839535	-2.247928
T	-2.247928	1.961526	0.610053	0.610053	0.337035	0.610053	0.610053	0.337035	0.610053	1.211504	-0.000000	1.506960	-2.247928
V	-0.440573	0.337035	0.610053	-0.000000	1.211504	-0.440573	-0.440573	-0.440573	0.610053	-0.440573	-0.000000	-0.000000	-2.247928
W	-2.247928	-1.078003	-0.440573	-2.247928	-2.247928	-2.247928	-2.247928	-2.247928	-1.078003	-2.247928	-1.078003	-2.247928	3.526860
Y	-1.078003	-2.247928	-0.440573	-1.078003	-1.078003	0.610053	-0.000000	-1.078003	0.000000	0.000000	-1.078003	-0.000000	0.610053
