A	1.160465	0.082462	0.082462	-1.087463	0.719892	0.082462	-1.087463	0.082462	0.082462	0.082462	0.082462	-1.087463	0.082462	-1.087463
C	-1.087463	-1.087463	-1.087463	-1.087463	-1.087463	-1.087463	-1.087463	-1.087463	-1.087463	-1.087463	-1.087463	-1.087463	-1.087463	-1.087463
D	-1.087463	-1.087463	-1.087463	0.719892	-1.087463	0.082462	0.082462	0.719892	0.719892	0.082462	-1.087463	0.082462	-1.087463	-1.087463
E	-1.087463	0.082462	-1.087463	-1.087463	0.082462	-1.087463	0.082462	-1.087463	0.082462	-1.087463	0.719892	0.082462	0.082462	-1.087463
F	-1.087463	-1.087463	1.160465	-1.087463	0.082462	0.082462	0.082462	0.719892	-1.087463	-1.087463	-1.087463	0.082462	0.719892	1.160465
G	0.082462	0.719892	-1.087463	1.160465	0.719892	1.497500	0.719892	0.719892	0.082462	0.719892	0.082462	0.082462	-1.087463	-1.087463
H	0.082462	-1.087463	-1.087463	0.082462	-1.087463	-1.087463	-1.087463	-1.087463	-1.087463	-1.087463	0.082462	0.082462	0.082462	-1.087463
I	-1.087463	-1.087463	0.719892	0.082462	-1.087463	-1.087463	0.082462	0.082462	0.082462	0.082462	-1.087463	-1.087463	-1.087463	-1.087463
K	1.497500	-1.087463	-1.087463	0.082462	-1.087463	0.082462	0.082462	0.719892	-1.087463	0.082462	0.082462	-1.087463	0.719892	-1.087463
L	0.082462	-1.087463	1.497500	-1.087463	-1.087463	-1.087463	0.719892	-1.087463	0.082462	-1.087463	0.719892	0.719892	0.719892	-1.087463
M	-1.087463	-1.087463	0.082462	-1.087463	-1.087463	0.719892	0.082462	-1.087463	-1.087463	0.082462	0.082462	-1.087463	-1.087463	-1.087463
N	-1.087463	-1.087463	-1.087463	-1.087463	-1.087463	0.719892	-1.087463	-1.087463	0.082462	0.082462	0.082462	0.082462	0.719892	-1.087463
P	-1.087463	-1.087463	0.082462	2.000000	1.160465	0.082462	-1.087463	0.082462	1.160465	1.160465	0.719892	-1.087463	-1.087463	-1.087463
Q	-1.087463	-1.087463	-1.087463	0.719892	0.082462	0.719892	-1.087463	0.082462	-1.087463	-1.087463	-1.087463	0.719892	0.082462	-1.087463
R	1.770518	-1.087463	-1.087463	-1.087463	0.719892	0.082462	-1.087463	-1.087463	-1.087463	0.082462	0.082462	-1.087463	0.719892	-1.087463
S	0.082462	1.770518	0.082462	0.719892	0.719892	-1.087463	1.497500	1.497500	1.160465	0.082462	0.082462	0.082462	0.082462	-1.087463
T	-1.087463	2.000000	-1.087463	-1.087463	-1.087463	0.082462	0.719892	0.082462	0.719892	1.160465	0.719892	0.082462	0.082462	-1.087463
V	0.719892	1.160465	1.160465	-1.087463	1.160465	-1.087463	0.082462	0.082462	0.719892	0.719892	0.719892	1.497500	-1.087463	-1.087463
W	-1.087463	-1.087463	0.082462	-1.087463	-1.087463	-1.087463	-1.087463	-1.087463	-1.087463	-1.087463	-1.087463	-1.087463	-1.087463	3.216318
Y	-1.087463	-1.087463	0.082462	-1.087463	0.082462	0.082462	0.082462	-1.087463	-1.087463	-1.087463	-1.087463	0.719892	0.719892	-1.087463
