A	0.278464	1.821908	1.683878	-0.167600	1.431235	-0.066671	-0.167600	-4.276124
C	-4.276124	-4.276124	-4.276124	-4.276124	-3.106199	-4.276124	-4.276124	-4.276124
D	-4.276124	-3.106199	-0.816693	-0.816693	-0.167600	-0.816693	-1.691162	-4.276124
E	-3.106199	-4.276124	-3.106199	-0.521237	-2.028197	0.027656	0.278464	-4.276124
F	-0.521237	-3.106199	0.842817	-0.990722	-0.816693	1.873623	-0.816693	2.107580
G	-1.418143	-0.661415	1.898801	0.353232	0.678072	-2.468769	-0.990722	-4.276124
H	0.199609	-4.276124	-1.188662	-0.276124	-2.028197	0.789965	-0.816693	-4.276124
I	0.424315	-1.691162	0.199609	0.027656	-0.521237	-0.990722	-0.990722	-3.106199
K	2.364121	-4.276124	-2.028197	1.124755	-3.106199	-1.418143	0.842817	-4.276124
L	0.492060	-0.393481	0.027656	0.893801	-0.393481	0.353232	1.624742	-1.418143
M	-0.816693	-3.106199	-1.418143	-2.468769	-3.106199	-1.691162	-0.521237	-3.106199
N	-2.028197	-4.276124	-1.188662	-1.188662	-0.816693	-0.990722	-0.393481	-4.276124
P	-4.276124	-4.276124	-3.106199	1.360500	0.556766	-1.188662	-2.468769	-4.276124
Q	-0.990722	-2.028197	-1.418143	-0.276124	-0.990722	0.116193	0.990662	-4.276124
R	1.531231	-4.276124	-2.468769	0.353232	-2.468769	-1.188662	0.893801	-4.276124
S	0.199609	3.213724	0.556766	0.199609	2.150140	0.492060	0.789965	-4.276124
T	-0.521237	1.821908	1.207691	0.618693	1.624742	-1.418143	0.943044	-4.276124
V	0.556766	-0.661415	0.492060	0.842817	0.492060	0.424315	-0.393481	-4.276124
W	-4.276124	-3.106199	-0.521237	-2.468769	-3.106199	0.353232	-2.468769	3.751782
Y	-0.276124	-2.028197	-1.691162	-2.468769	-2.468769	1.323788	-1.188662	-0.167600
