A	0.366702	1.751981	0.874113	-0.003926	-0.064130	0.005869	0.214530	-0.297150	-5.275634
C	-5.716207	-6.353637	-4.064130	-6.353637	-4.938599	-4.436099	-4.436099	-3.908852	-7.523562
D	-4.064130	-4.665581	0.952171	0.972293	0.288615	-0.634819	-0.665581	-2.000000	-7.523562
E	-2.304393	-3.219781	-0.957508	1.202656	0.617268	-0.192645	0.947097	0.704054	-7.523562
F	-0.273264	-2.690672	0.780219	-1.684358	0.044394	-0.105709	0.015597	-0.226646	2.087924
G	-0.830075	-1.748775	-1.118420	0.418953	0.188965	-0.436099	-1.923649	-0.919936	-7.523562
H	-0.396857	-7.523562	-1.452100	-1.252099	-0.812756	-0.729146	0.171666	-0.503971	-4.238160
I	0.320359	-0.043782	1.293422	-0.865350	0.890066	0.911066	0.034859	-1.097297	-0.532040
K	2.475733	-6.353637	-1.851137	0.518097	-0.436099	-0.729146	-1.425530	0.802868	-4.938599
L	0.256157	-0.215223	0.942004	-0.238160	1.054811	1.248753	1.595379	1.285402	1.515357
M	-1.716207	-1.653197	-0.938599	-3.047829	-2.166010	-1.684358	-1.206149	-1.563560	-1.851137
N	-2.894205	-4.938599	0.418953	-0.634819	-0.517937	0.072628	-0.560666	-0.003926	-7.523562
P	-4.938599	-2.968973	-2.894205	1.792154	0.025260	0.374283	0.136434	-3.523562	-7.523562
Q	-1.252099	-2.256775	-1.323890	-0.126957	-0.650118	0.691971	0.571835	0.524925	-7.523562
R	1.686501	-5.716207	-2.353637	-0.023716	-1.348636	-1.228941	-2.080618	0.381825	-7.523562
S	0.312488	2.581037	0.836188	0.578414	0.015597	0.396791	0.469376	0.905845	-7.523562
T	-0.575195	2.131074	0.188965	-0.084770	0.698025	0.504344	-0.013787	1.321144	-7.523562
V	0.351419	1.582347	0.852563	-0.203890	1.248753	1.232160	0.814060	0.239650	-1.816203
W	-3.523562	-7.523562	-2.039746	-2.823122	-2.256775	-4.064130	-1.348636	-4.938599	2.974290
Y	-0.170415	-3.314109	-0.148523	-1.961320	-0.604699	-1.139858	-0.064130	-0.409820	1.853106
