A	-7.335109 0.844389 1.356628 0.969457 0.753741 0.528925 1.802226 1.054807 1.863098
C	-8.737760 -8.656585 -4.825611 -8.690098 -8.767843 -8.773906 -8.773792 -8.773918 -8.773906
D	-8.488687 -1.507173 -0.542252 -3.048030 0.132629 -1.381573 -2.987856 -1.236918 -1.399685
E	-8.100166 0.727825 0.066650 -1.227564 0.246868 -1.155553 -0.431925 0.314300 -0.802114
F	-0.033912 -0.653233 -0.816439 -0.745208 -2.348093 -8.627263 -0.434816 -1.680095 -3.222711
G	-5.190196 -2.194651 -0.013026 -2.880328 -0.080634 -1.559911 1.348142 0.173647 2.078781
H	-8.518247 -0.180508 -1.627708 -2.569902 -0.990573 -0.127983 -1.371497 -0.697537 -1.338958
I	2.550566 0.424821 0.525403 0.095222 -0.394794 -1.020065 -0.242984 -0.139236 -1.086685
K	-7.804077 0.801897 0.087235 2.262331 1.348652 2.492263 0.216930 0.852756 -2.402789
L	2.758909 0.695014 0.452188 1.934177 -0.292956 -1.136918 0.914996 1.225534 -1.056869
M	-0.373899 -1.428869 -1.852740 -0.851688 -2.045610 -8.239450 -1.458124 -3.083870 -2.210162
N	-7.054311 -0.255612 -0.748578 -2.028699 0.213918 -0.887489 -0.640587 -0.561528 -1.170537
P	-8.325543 -8.674299 0.855263 -5.536811 0.807756 0.355909 1.012654 0.466701 0.161098
Q	-6.903842 0.281638 -0.142592 -2.112537 0.193159 -0.546570 -0.170439 0.163993 1.274029
R	-7.837412 1.143119 -0.140749 1.082539 0.750433 1.779117 0.375058 0.496612 -2.745557
S	-8.326997 0.173030 0.759498 -0.857851 0.651498 0.088123 -0.198795 0.722830 1.880004
T	-3.167804 0.355772 0.004333 -0.964838 0.056900 0.784770 -1.004063 0.059560 -0.499292
V	2.423110 1.155555 0.513917 1.276092 0.121063 0.214117 0.129523 0.294500 -0.512168
W	-4.179047 -3.848896 -3.193585 -6.430986 -4.668908 -8.769794 -4.679546 -4.163694 -7.563602
Y	-5.773480 -1.276352 0.251488 -2.083374 -0.878953 -8.714386 -1.448020 -1.120156 -3.334479
