A	0.930614	-0.048477	0.316398	-0.334528	0.099368	0.505007	-2.079955	0.876976	0.469206	1.560502
C	-5.167418	-3.997493	-3.360063	-3.997493	-5.167418	-3.997493	-3.997493	-5.167418	-5.167418	-2.309437
D	-5.167418	-5.167418	-0.156191	2.381404	1.398636	1.007508	-0.048477	-1.552708	-3.360063	-5.167418
E	-3.997493	-5.167418	-3.360063	2.371741	1.594133	0.671786	-0.775101	0.930614	0.982329	-5.167418
F	0.671786	-3.360063	1.258847	-2.919491	-0.399234	-0.863637	1.300187	-1.882016	-0.538062	-1.284775
G	0.190134	-3.997493	-2.309437	0.702947	1.643153	1.543388	0.099368	-2.919491	0.505007	-5.167418
H	-1.167418	-3.997493	-2.079955	-2.079955	0.002507	-0.691685	-1.284775	0.469206	0.002507	-5.167418
I	-0.957965	1.279665	1.508539	-2.309437	-0.691685	0.469206	1.526069	1.007508	-3.360063	0.190134
K	2.302224	-3.997493	-3.360063	-1.284775	-0.334528	0.233461	-1.058894	-1.284775	1.237723	-3.360063
L	-1.167418	2.082880	2.034706	-2.582456	0.002507	0.792584	2.312362	0.469206	-0.334528	2.752935
M	-2.309437	-1.552708	0.190134	-3.997493	-2.919491	-3.360063	-0.775101	-1.058894	-2.919491	-1.707987
N	-1.882016	-5.167418	-2.919491	-0.612829	-0.863637	-0.272600	0.051750	-0.213222	-1.167418	-5.167418
P	-5.167418	-1.284775	0.539941	1.320422	0.099368	0.099368	-0.156191	0.099368	-5.167418	-5.167418
Q	-1.167418	1.879706	-1.167418	-0.399234	-0.775101	-0.334528	-1.412531	-0.048477	0.821267	-5.167418
R	1.543388	-3.997493	-5.167418	-2.079955	-0.612829	-1.284775	-1.552708	-0.213222	0.702947	-3.997493
S	0.876976	-1.882016	-1.882016	0.145465	-0.156191	-0.048477	-1.552708	-0.272600	1.216286	-5.167418
T	0.469206	0.356144	-1.707987	-1.167418	-0.691685	0.002507	-1.058894	0.505007	1.104045	-5.167418
V	-0.334528	2.536485	0.733449	-3.360063	0.099368	0.275525	0.432495	1.643153	-0.334528	2.954115
W	-5.167418	-3.997493	-1.552708	-5.167418	-3.360063	-5.167418	-2.919491	-1.412531	-3.997493	-5.167418
Y	0.002507	-5.167418	1.007508	-3.360063	-1.882016	-2.919491	-1.552708	-1.707987	-0.272600	-3.997493
