A	0.756074	-0.321928	1.595610	-1.828888	0.934412	0.315502	1.189971	0.132638	0.315502	1.042125	1.236067
C	-4.076816	-4.076816	-2.906891	-4.076816	-4.076816	-4.076816	-2.906891	-4.076816	-2.906891	-4.076816	-2.269461
D	-4.076816	-4.076816	-0.617384	2.633991	1.485427	1.280736	0.989274	-0.989353	-0.989353	-2.906891	-4.076816
E	-4.076816	-4.076816	-2.906891	2.285128	1.793549	1.324064	0.226965	-0.321928	0.031709	0.315502	-4.076816
F	0.477773	-4.076816	0.226965	-4.076816	-1.828888	-2.269461	-1.491853	0.226965	-1.218835	-0.617384	-2.906891
G	0.552541	-4.076816	-1.828888	0.398918	0.877381	0.552541	1.407000	-0.321928	-0.989353	0.226965	-4.076816
H	-1.491853	-4.076816	-2.269461	-1.828888	-1.828888	-0.462106	-0.989353	-2.269461	-0.194173	0.031709	-4.076816
I	-0.321928	0.691369	2.047306	-2.906891	-0.462106	0.226965	0.226965	1.485427	0.989274	-2.269461	0.226965
K	1.994647	-4.076816	-2.906891	-1.828888	-0.462106	0.315502	0.989274	-0.462106	-0.462106	1.093109	-4.076816
L	-0.321928	1.407000	2.217805	-0.989353	-0.076816	0.552541	-0.076816	1.967579	1.559809	-0.989353	2.871552
M	-2.906891	-2.269461	-0.194173	-4.076816	-2.906891	-1.218835	-2.906891	-1.828888	-1.828888	-4.076816	-1.491853
N	-1.828888	-4.076816	-4.076816	-0.076816	-1.218835	-0.617384	-0.617384	0.031709	-0.194173	-0.462106	-4.076816
P	-4.076816	-0.076816	0.226965	1.366128	1.042125	0.132638	-0.617384	-0.194173	-0.321928	-2.906891	-4.076816
Q	-0.791413	2.470079	-2.269461	-0.462106	-0.194173	-0.791413	-0.462106	-0.617384	0.623624	0.934412	-4.076816
R	1.485427	-4.076816	-1.828888	-4.076816	-1.828888	-0.791413	-0.617384	-2.269461	-0.989353	1.236067	-2.906891
S	1.236067	-2.906891	-2.269461	-0.321928	0.756074	1.142353	0.477773	-0.791413	-0.462106	1.324064	-4.076816
T	0.315502	-0.617384	-1.828888	-1.218835	-0.462106	0.031709	-0.076816	0.132638	0.756074	0.934412	-2.269461
V	-0.617384	2.733756	0.477773	-1.828888	-0.617384	-0.462106	0.477773	1.485427	1.189971	-0.989353	2.900464
W	-4.076816	-4.076816	-1.828888	-4.076816	-4.076816	-4.076816	-4.076816	-2.906891	-1.828888	-4.076816	-4.076816
Y	0.226965	-2.269461	-0.462106	-4.076816	-4.076816	-2.906891	-2.269461	-1.828888	-0.617384	-0.617384	-4.076816
