A	0.311944	-0.857981	0.311944	-0.857981	-0.857981	-0.857981	0.311944	-0.857981
C	-0.857981	-0.857981	-0.857981	-0.857981	-0.857981	-0.857981	-0.857981	-0.857981
D	-0.857981	-0.857981	1.726982	-0.857981	-0.857981	-0.857981	-0.857981	-0.857981
E	-0.857981	-0.857981	0.311944	0.311944	-0.857981	-0.857981	1.389947	-0.857981
F	0.949374	0.311944	-0.857981	-0.857981	-0.857981	0.311944	-0.857981	-0.857981
G	-0.857981	-0.857981	1.389947	0.949374	-0.857981	-0.857981	-0.857981	-0.857981
H	-0.857981	-0.857981	-0.857981	0.949374	-0.857981	1.389947	-0.857981	-0.857981
I	0.949374	0.311944	-0.857981	0.311944	1.389947	0.949374	-0.857981	-0.857981
K	-0.857981	-0.857981	-0.857981	2.000000	-0.857981	-0.857981	0.311944	-0.857981
L	0.949374	2.000000	-0.857981	-0.857981	0.949374	0.311944	-0.857981	2.229482
M	-0.857981	0.311944	-0.857981	-0.857981	-0.857981	-0.857981	-0.857981	-0.857981
N	-0.857981	-0.857981	-0.857981	-0.857981	-0.857981	-0.857981	0.311944	-0.857981
P	-0.857981	0.311944	0.949374	0.311944	0.949374	-0.857981	-0.857981	-0.857981
Q	-0.857981	0.311944	-0.857981	-0.857981	-0.857981	-0.857981	1.389947	-0.857981
R	-0.857981	-0.857981	-0.857981	0.311944	-0.857981	0.311944	0.311944	-0.857981
S	-0.857981	-0.857981	0.311944	-0.857981	0.311944	-0.857981	0.949374	-0.857981
T	-0.857981	0.311944	-0.857981	-0.857981	-0.857981	-0.857981	0.311944	-0.857981
V	0.949374	0.949374	-0.857981	-0.857981	2.000000	1.726982	-0.857981	2.427421
W	-0.857981	-0.857981	-0.857981	-0.857981	-0.857981	-0.857981	-0.857981	-0.857981
Y	1.726982	-0.857981	0.311944	-0.857981	-0.857981	0.311944	-0.857981	-0.857981
