A	1.187559	0.920336	0.994855	-0.038802	0.342511	-0.396174	0.215573	0.902963	0.769649
C	-6.786036	-4.289610	-2.993478	-8.593391	-4.593391	-2.576583	-3.582164	-4.038802	-1.899904
D	-4.978681	-7.423466	0.682151	1.701230	0.111377	-1.025435	-0.880864	-2.495359	-8.593391
E	-2.754187	-7.423466	-1.659700	2.160870	0.826042	-1.285052	0.755890	1.318750	-8.593391
F	0.178923	-2.633389	-0.341909	-3.109575	-0.838504	1.096607	-0.680502	-1.630495	-2.167126
G	0.327706	-2.818604	-2.321928	0.961677	0.476059	-1.273719	-4.978681	0.040512	-8.593391
H	-0.673038	-6.345464	-1.025435	-1.659700	0.266920	-1.989765	0.980729	-0.117658	-5.735410
I	-0.261355	1.011162	1.425157	-2.345464	-0.043606	1.405904	0.382457	-3.235839	0.764161
K	1.615453	-7.423466	-1.630495	0.382457	1.043233	-1.505928	-0.201074	1.318750	-4.484867
L	-0.733856	1.931640	1.546800	-1.587767	0.153963	2.250922	0.673395	-0.414726	2.870516
M	-1.815314	-1.054232	-0.092549	-4.383938	-2.576583	-1.354986	-1.719947	-2.443644	-1.831840
N	-0.471858	-5.505928	-0.924506	-0.830179	-0.143211	-0.813672	-0.757341	-0.452561	-8.593391
P	-6.345464	-2.275979	0.410829	1.423417	-0.211848	-0.665613	1.133253	-2.754187	-6.786036
Q	-0.458965	1.776751	-0.951339	-0.465397	-0.278242	-1.492729	0.174793	0.637830	-8.593391
R	1.100967	-4.038802	-1.559968	-1.229256	0.089603	-1.674528	-0.283915	0.831300	-4.838504
S	1.265367	-0.643564	-0.504603	0.502665	0.346188	-0.565485	-0.330122	1.128990	-4.838504
T	0.403788	0.802143	-0.153560	-0.439839	0.243448	0.301427	0.375276	1.011162	-3.892951
V	0.316502	2.359532	1.195735	-1.492729	0.710960	1.666352	1.063481	-0.726112	3.035624
W	-4.201074	-6.345464	-2.495359	-5.735410	-3.474450	-5.307989	-2.125786	-6.786036	-8.593391
Y	0.141318	-2.576583	-0.272591	-3.109575	-0.906891	-2.065914	-0.565485	-0.838504	-3.527302
