A	0.866417	1.323890	0.866417	0.009781	0.104108	0.695145	-0.740241	0.009781	-0.317029	-3.029747
C	-4.199672	-4.199672	-3.029747	-4.199672	-4.199672	-4.199672	-4.199672	-2.392317	-3.029747	-4.199672
D	-4.199672	-4.199672	-0.444785	2.048255	0.695145	-1.341691	-1.614710	-3.029747	-3.029747	-4.199672
E	-4.199672	-4.199672	-4.199672	1.607683	0.429684	-0.914270	-1.951745	0.192645	0.354917	-4.199672
F	0.500767	-3.029747	1.507687	-1.341691	0.009781	-0.317029	1.067114	-1.112210	0.429684	0.970253
G	-1.341691	-2.392317	-1.614710	0.633218	1.607683	1.362570	0.009781	-0.914270	-1.614710	-4.199672
H	-1.341691	-4.199672	-4.199672	-1.614710	0.568512	0.429684	-1.614710	-0.444785	-1.341691	-4.199672
I	-1.341691	0.104108	1.201207	-1.951745	-0.740241	0.500767	1.157880	0.009781	-0.444785	-0.091148
K	2.347222	-4.199672	-4.199672	-0.584963	-0.199672	0.276061	-1.112210	-0.584963	0.695145	-3.029747
L	-1.341691	0.866417	1.113211	-1.951745	-0.091148	0.500767	2.184032	2.094948	1.575115	3.038732
M	-3.029747	-3.029747	0.568512	-2.392317	-4.199672	-1.614710	-0.914270	0.104108	-0.914270	-0.091148
N	-4.199672	-1.951745	0.009781	0.104108	-1.341691	-1.112210	-0.444785	-1.112210	-1.951745	-4.199672
P	-4.199672	-1.614710	-1.614710	2.162271	1.201207	0.919269	1.067114	-0.584963	-2.392317	-4.199672
Q	-3.029747	-1.341691	-3.029747	-1.951745	-3.029747	-0.091148	-1.341691	0.429684	0.192645	-4.199672
R	2.440573	-4.199672	-2.392317	-3.029747	-0.199672	-0.584963	-0.317029	-0.740241	0.354917	-4.199672
S	0.104108	2.476285	0.009781	0.104108	0.568512	0.276061	-0.444785	0.104108	0.754524	-4.199672
T	-1.341691	2.162271	-0.914270	-1.951745	-0.584963	0.633218	-0.091148	0.970253	1.113211	-4.199672
V	-0.584963	1.436952	0.429684	-0.914270	0.192645	0.276061	0.695145	1.067114	0.811555	2.748695
W	-4.199672	-4.199672	-3.029747	-3.029747	-1.112210	-2.392317	-3.029747	-4.199672	-4.199672	-4.199672
Y	0.970253	-4.199672	1.760330	-2.392317	-1.112210	-2.392317	-3.029747	-0.914270	0.276061	-1.614710
