A	-0.243926	1.390790	0.093109	-0.243926	0.595610	0.967579	0.093109	0.093109	-0.243926	-0.684498	-2.491853
C	-2.491853	-2.491853	-1.321928	-2.491853	-2.491853	-2.491853	-2.491853	-2.491853	-2.491853	-2.491853	-2.491853
D	-2.491853	-2.491853	0.793549	2.678072	-0.243926	0.093109	0.366128	0.093109	-1.321928	-2.491853	-2.491853
E	-2.491853	-2.491853	-1.321928	0.967579	0.093109	-0.684498	0.093109	-0.684498	-1.321928	0.793549	-2.491853
F	0.595610	-2.491853	1.263034	-0.684498	-0.684498	-2.491853	-0.684498	0.793549	-1.321928	-0.243926	0.093109
G	-2.491853	-2.491853	-2.491853	-1.321928	1.122857	1.508147	0.595610	1.263034	-0.684498	0.093109	-2.491853
H	-1.321928	-2.491853	-2.491853	-2.491853	-1.321928	-0.684498	-0.243926	-2.491853	-0.684498	-1.321928	-2.491853
I	-0.684498	-2.491853	1.616671	-2.491853	-1.321928	-0.243926	0.366128	0.793549	0.595610	-2.491853	0.093109
K	2.462343	-2.491853	-0.684498	-2.491853	0.366128	-0.243926	0.793549	0.366128	-2.491853	0.967579	-2.491853
L	-0.243926	0.093109	0.595610	-1.321928	-1.321928	0.967579	1.263034	1.508147	2.137504	0.793549	3.378512
M	-2.491853	-2.491853	0.093109	-2.491853	-1.321928	-0.684498	-1.321928	-1.321928	-2.491853	-0.243926	-1.321928
N	-2.491853	-2.491853	0.366128	-0.684498	-0.684498	0.093109	-0.243926	-0.684498	-0.684498	-0.684498	-2.491853
P	-2.491853	-2.491853	-1.321928	1.983880	1.900464	0.793549	0.366128	0.093109	0.366128	-2.491853	-2.491853
Q	-2.491853	-1.321928	-1.321928	-1.321928	0.793549	-0.684498	-0.243926	-1.321928	0.093109	-0.684498	-2.491853
R	2.137504	-2.491853	-1.321928	-2.491853	-0.243926	-0.243926	-0.243926	-0.684498	-0.243926	0.366128	-2.491853
S	0.093109	2.627088	0.595610	0.093109	0.366128	0.595610	-0.243926	-0.243926	0.595610	0.093109	-2.491853
T	-1.321928	2.208587	-1.321928	-0.684498	-0.243926	-0.684498	0.793549	-0.243926	1.390790	1.390790	-2.491853
V	0.595610	1.390790	-0.684498	-0.243926	0.093109	0.366128	-1.321928	0.093109	0.595610	0.793549	2.062736
W	-2.491853	-2.491853	-2.491853	-2.491853	-2.491853	-2.491853	-1.321928	-2.491853	-2.491853	-2.491853	-2.491853
Y	0.366128	-2.491853	1.122857	-0.684498	-1.321928	-1.321928	-1.321928	-0.243926	-0.684498	0.967579	-1.321928
