A	0.584963	-0.584963	0.584963	-0.584963	0.584963	-0.584963	-0.584963	-0.584963	-0.584963	-0.584963	-0.584963	-0.584963
C	-0.584963	-0.584963	-0.584963	-0.584963	-0.584963	-0.584963	-0.584963	-0.584963	-0.584963	-0.584963	-0.584963	-0.584963
D	-0.584963	-0.584963	-0.584963	1.662965	-0.584963	0.584963	1.222392	-0.584963	-0.584963	-0.584963	-0.584963	-0.584963
E	-0.584963	-0.584963	-0.584963	-0.584963	-0.584963	-0.584963	-0.584963	-0.584963	-0.584963	-0.584963	1.222392	-0.584963
F	-0.584963	-0.584963	0.584963	-0.584963	-0.584963	-0.584963	-0.584963	0.584963	-0.584963	-0.584963	0.584963	-0.584963
G	-0.584963	-0.584963	-0.584963	-0.584963	-0.584963	-0.584963	0.584963	1.222392	0.584963	0.584963	-0.584963	-0.584963
H	-0.584963	-0.584963	-0.584963	-0.584963	-0.584963	-0.584963	-0.584963	0.584963	-0.584963	-0.584963	-0.584963	-0.584963
I	-0.584963	-0.584963	0.584963	-0.584963	0.584963	-0.584963	-0.584963	-0.584963	1.222392	0.584963	-0.584963	-0.584963
K	0.584963	-0.584963	-0.584963	-0.584963	-0.584963	0.584963	-0.584963	0.584963	-0.584963	-0.584963	0.584963	-0.584963
L	-0.584963	0.584963	0.584963	-0.584963	-0.584963	-0.584963	0.584963	0.584963	0.584963	1.662965	1.222392	2.000000
M	-0.584963	-0.584963	1.222392	-0.584963	-0.584963	0.584963	1.222392	-0.584963	-0.584963	0.584963	-0.584963	-0.584963
N	-0.584963	-0.584963	-0.584963	0.584963	-0.584963	-0.584963	-0.584963	-0.584963	-0.584963	-0.584963	0.584963	-0.584963
P	-0.584963	-0.584963	-0.584963	1.222392	0.584963	1.222392	0.584963	0.584963	1.222392	-0.584963	-0.584963	-0.584963
Q	-0.584963	-0.584963	-0.584963	-0.584963	-0.584963	-0.584963	-0.584963	-0.584963	-0.584963	-0.584963	-0.584963	-0.584963
R	2.502500	-0.584963	-0.584963	0.584963	-0.584963	-0.584963	-0.584963	-0.584963	-0.584963	0.584963	-0.584963	-0.584963
S	-0.584963	1.662965	0.584963	-0.584963	0.584963	1.222392	-0.584963	-0.584963	-0.584963	-0.584963	-0.584963	-0.584963
T	-0.584963	1.662965	-0.584963	-0.584963	1.222392	0.584963	0.584963	-0.584963	1.222392	0.584963	-0.584963	-0.584963
V	-0.584963	0.584963	-0.584963	0.584963	0.584963	-0.584963	-0.584963	0.584963	-0.584963	-0.584963	-0.584963	2.000000
W	-0.584963	-0.584963	-0.584963	-0.584963	-0.584963	-0.584963	-0.584963	-0.584963	-0.584963	-0.584963	-0.584963	-0.584963
Y	-0.584963	-0.584963	0.584963	-0.584963	0.584963	-0.584963	-0.584963	-0.584963	-0.584963	-0.584963	0.584963	-0.584963
