A	0.524965	2.796316	1.402568	-0.414210	0.748343	-1.073870	-0.171167	-5.182394
C	-5.182394	-5.182394	-4.012469	-5.182394	-5.182394	-5.182394	-3.375039	-5.182394
D	-5.182394	-5.182394	0.341168	-1.427507	-3.375039	-5.182394	-2.324413	-5.182394
E	-5.182394	-5.182394	-4.012469	-0.287577	-1.182394	-2.934467	1.706349	-5.182394
F	0.992531	-2.934467	-0.706661	-1.299751	-2.094932	-3.375039	-1.299751	-2.324413
G	-3.375039	-1.427507	2.580818	-0.349504	-1.299751	-5.182394	-2.597432	-5.182394
H	0.834414	-5.182394	-2.934467	0.084392	-0.414210	-0.228198	-0.171167	-5.182394
I	0.718472	-0.553038	-0.878614	-0.116305	0.915638	0.748343	-0.790077	1.579157
K	0.260549	-5.182394	-0.878614	2.019729	-0.481955	-0.972941	1.264689	-5.182394
L	0.218485	-2.094932	-0.287577	0.379848	-1.299751	3.144035	0.992531	2.983769
M	-0.627806	-4.012469	-2.324413	-3.375039	-4.012469	-0.627806	-1.299751	-0.972941
N	-1.567685	-4.012469	-0.481955	-1.182394	-2.597432	-2.324413	-1.182394	-5.182394
P	-5.182394	-5.182394	0.260549	1.579157	2.803448	0.084392	-5.182394	-5.182394
Q	-2.324413	-2.934467	-2.934467	-0.287577	-1.299751	-0.627806	0.301421	-5.182394
R	0.915638	-5.182394	-2.934467	0.862000	-0.063453	0.341168	0.417518	-5.182394
S	0.559073	2.441487	1.383660	-0.972941	0.036774	-0.878614	0.454230	-5.182394
T	0.379848	2.103008	-1.182394	-0.171167	-0.287577	-1.427507	0.915638	-5.182394
V	1.305446	0.490031	-0.553038	0.524965	1.457851	1.264689	0.834414	2.983769
W	-4.012469	-5.182394	-4.012469	-4.012469	-4.012469	-4.012469	-4.012469	-5.182394
Y	1.135018	-5.182394	0.218485	-1.182394	-2.934467	-2.934467	-0.790077	-3.375039
