A	1.037511	1.475805	0.639559	-0.139352	-0.055760	0.284655	-0.517316	0.206782	-1.996453
C	-7.180620	-5.233087	-3.869033	-7.180620	-4.358618	-5.233087	-4.155085	-4.155085	-6.403012
D	-2.347730	-8.987975	0.942763	1.556507	-0.821811	-1.691058	-3.148771	-3.180620	-8.987975
E	-2.693354	-6.403012	-1.954552	1.638647	-0.215660	-0.960069	-0.748376	1.319511	-8.987975
F	0.671129	-2.129994	0.505881	-1.725880	-0.123788	0.684451	-0.754355	-0.340516	-0.313782
G	-0.815547	-1.354979	-1.900512	0.817366	0.166211	-0.980947	-4.219790	-1.136225	-8.987975
H	-0.207435	-7.818050	-0.946315	-1.151924	0.686659	-0.847145	0.569489	-0.517316	-5.702572
I	-0.026525	0.467866	0.986440	-1.623840	0.222088	1.372598	0.404880	-1.136225	0.837382
K	1.626045	-7.818050	-1.498127	0.150297	1.137762	-0.899186	-0.467356	1.056420	-4.287535
L	-0.376950	1.847484	1.105113	-0.834422	0.324908	1.446132	2.405282	0.747158	2.908452
M	-1.691058	-1.478200	-0.336026	-3.425732	-2.260054	-1.327979	-1.009264	-1.538826	-0.713014
N	-1.612935	-0.433386	0.922293	-0.472275	-0.349539	-0.724705	-1.023634	-0.754355	-8.987975
P	-6.740047	-0.724705	-1.498127	1.735686	-0.296231	0.759799	0.278812	-5.528543	-8.987975
Q	-0.946315	-0.052073	-0.553346	-0.522408	-0.163016	-0.336026	0.117934	0.574268	-8.987975
R	1.330851	-5.105331	-2.329763	-1.258354	0.755598	-1.136225	0.296271	0.510875	-7.180620
S	1.035780	2.031616	0.579031	0.751384	0.197520	-0.112225	-0.358618	0.776482	-8.987975
T	0.222088	1.283489	0.064594	-0.409602	0.002129	0.316377	0.185078	1.078451	-6.403012
V	0.444567	1.126419	0.341822	-0.987975	0.859083	1.530924	0.997156	0.327741	3.032571
W	-3.921885	-5.373265	-2.788302	-3.246508	-2.114530	-3.464413	-2.943580	-4.879450	-5.900512
Y	0.485731	-2.838227	0.702023	-2.209897	-0.492119	-1.657058	-0.987975	0.057785	-0.462454
