A	0.708479 1.663326 2.291350 2.974647 0.884030 2.718649 1.915399 1.369148 2.174700
C	-8.215555 -8.212402 -4.733860 -3.530496 -8.186045 -8.215204 -4.502266 -8.208659 -1.737100
D	2.112627 -0.481759 -1.117324 -1.436807 -0.870857 -1.735322 -0.521767 -0.642941 -0.642784
E	1.869832 0.504799 0.064314 -4.232115 0.840179 -3.139584 0.988946 0.720154 -0.645277
F	0.007086 -1.087733 -0.332695 -4.870180 -1.723125 -4.517703 -2.057019 -0.641217 -7.870312
G	-1.735043 0.968791 2.024802 2.828599 -0.155495 -0.844479 -0.088347 0.773556 1.088522
H	-2.416103 -1.240473 -1.147707 -3.897922 -2.918115 -7.609477 -0.369807 -1.621764 -2.452797
I	-0.052563 -0.496020 -2.215526 -0.948870 -0.339875 0.793701 -0.671393 -0.511078 0.240727
K	-2.360858 0.696281 -1.426377 -7.863805 1.359814 -7.799268 0.116075 0.696630 -7.959709
L	-0.834190 -0.699869 -0.983926 -6.747291 0.890727 -0.377902 0.028173 0.510423 -0.137686
M	-3.371612 -1.734438 -2.623879 -5.080142 -1.939006 -2.374352 -3.103487 -1.835811 -2.330536
N	-1.328573 0.340656 -1.040135 -2.982802 -0.793262 -7.741411 0.138440 -0.996478 0.578896
P	0.964076 -4.400266 0.004759 -7.815166 -2.049511 1.675798 -0.194813 0.658898 -1.952322
Q	-1.653500 -0.159360 -1.133021 -6.687226 -0.105318 -7.747115 0.535165 -0.927540 -0.163911
R	-4.151875 0.703611 -0.750047 -7.606381 0.204802 -7.807441 -0.487909 0.534673 -3.510263
S	-0.311112 -0.559150 1.001514 1.300955 0.168295 -0.075018 1.081203 0.699939 1.374177
T	-1.143124 0.671217 -0.301860 -0.935823 0.440816 0.560420 -0.351085 0.356105 0.430448
V	0.675003 -0.073217 -0.601641 -0.467865 1.636748 2.001456 0.580037 -0.126678 1.387340
W	-1.727934 -1.904429 -3.751877 -8.099145 -4.784602 -5.681187 -4.497572 -4.260481 -8.212368
Y	0.255080 0.346227 -0.145423 -7.701921 -1.053967 -4.723891 -3.007074 -1.011332 -7.216971
