A	0.449803	-1.357552	0.449803	-1.357552	-0.187627	-0.187627	-1.357552	-1.357552	0.449803	-1.357552
C	-1.357552	-1.357552	-1.357552	-1.357552	-1.357552	-1.357552	-1.357552	-1.357552	-1.357552	-1.357552
D	-1.357552	-1.357552	0.449803	1.500429	-1.357552	-1.357552	-0.187627	-1.357552	-1.357552	-1.357552
E	-1.357552	-1.357552	-0.187627	0.890376	0.449803	-0.187627	1.227410	1.227410	0.449803	-1.357552
F	-0.187627	-1.357552	1.500429	-0.187627	-1.357552	-0.187627	-0.187627	-0.187627	-1.357552	1.729911
G	1.500429	-1.357552	-1.357552	0.449803	0.890376	0.449803	-0.187627	-1.357552	-0.187627	-1.357552
H	-1.357552	-1.357552	-1.357552	-1.357552	-1.357552	-1.357552	-1.357552	-0.187627	-1.357552	-1.357552
I	0.890376	-0.187627	0.890376	0.449803	0.890376	0.449803	-0.187627	-1.357552	0.449803	-0.187627
K	0.890376	0.449803	0.890376	-1.357552	0.449803	-0.187627	-0.187627	-1.357552	-0.187627	0.449803
L	-1.357552	-0.187627	0.449803	-0.187627	-0.187627	0.890376	0.449803	-1.357552	0.449803	2.257158
M	-1.357552	-1.357552	-1.357552	-1.357552	-1.357552	-0.187627	-1.357552	-1.357552	-1.357552	0.449803
N	-0.187627	-1.357552	-1.357552	0.449803	0.449803	0.449803	1.500429	-1.357552	0.449803	-1.357552
P	-1.357552	-1.357552	-0.187627	0.890376	1.227410	0.890376	0.449803	0.890376	-1.357552	-1.357552
Q	-1.357552	-1.357552	-0.187627	-1.357552	-0.187627	-0.187627	-0.187627	0.890376	-0.187627	-1.357552
R	1.500429	2.750972	0.890376	-1.357552	-1.357552	-0.187627	-1.357552	-0.187627	0.449803	-0.187627
S	0.449803	-0.187627	-1.357552	0.449803	-0.187627	0.449803	0.449803	0.890376	1.729911	-1.357552
T	-0.187627	-1.357552	-1.357552	-1.357552	-0.187627	0.890376	-1.357552	0.890376	1.227410	-1.357552
V	-1.357552	-0.187627	0.449803	0.449803	0.890376	-0.187627	1.227410	1.729911	-1.357552	-0.187627
W	-1.357552	-1.357552	-1.357552	-1.357552	-1.357552	-1.357552	-1.357552	-1.357552	-1.357552	-1.357552
Y	0.449803	1.729911	-1.357552	0.449803	-0.187627	-1.357552	-1.357552	-1.357552	-1.357552	0.890376
