A	-0.807355	0.362570	1.000000	-0.807355	-0.807355	0.362570	1.000000	-0.807355	0.362570	-0.807355	-0.807355
C	-0.807355	-0.807355	-0.807355	-0.807355	-0.807355	-0.807355	-0.807355	-0.807355	-0.807355	-0.807355	-0.807355
D	-0.807355	-0.807355	1.000000	-0.807355	0.362570	0.362570	0.362570	-0.807355	-0.807355	0.362570	-0.807355
E	-0.807355	-0.807355	-0.807355	-0.807355	1.000000	-0.807355	-0.807355	1.000000	-0.807355	0.362570	-0.807355
F	0.362570	-0.807355	1.000000	-0.807355	0.362570	0.362570	-0.807355	-0.807355	-0.807355	-0.807355	1.000000
G	1.000000	-0.807355	-0.807355	2.050626	0.362570	1.440573	0.362570	1.440573	0.362570	1.000000	-0.807355
H	-0.807355	-0.807355	-0.807355	-0.807355	-0.807355	-0.807355	-0.807355	0.362570	1.000000	0.362570	-0.807355
I	0.362570	-0.807355	0.362570	-0.807355	-0.807355	-0.807355	-0.807355	-0.807355	-0.807355	-0.807355	-0.807355
K	-0.807355	-0.807355	-0.807355	-0.807355	-0.807355	-0.807355	0.362570	0.362570	0.362570	0.362570	-0.807355
L	-0.807355	-0.807355	-0.807355	-0.807355	-0.807355	0.362570	0.362570	-0.807355	-0.807355	-0.807355	2.807355
M	0.362570	-0.807355	-0.807355	-0.807355	-0.807355	-0.807355	-0.807355	-0.807355	1.000000	-0.807355	-0.807355
N	-0.807355	-0.807355	-0.807355	0.362570	-0.807355	0.362570	1.000000	-0.807355	-0.807355	0.362570	-0.807355
P	-0.807355	0.362570	-0.807355	1.000000	1.000000	0.362570	0.362570	-0.807355	-0.807355	-0.807355	-0.807355
Q	-0.807355	0.362570	-0.807355	-0.807355	1.000000	-0.807355	-0.807355	-0.807355	1.440573	1.000000	-0.807355
R	0.362570	2.478047	0.362570	1.000000	-0.807355	-0.807355	-0.807355	-0.807355	-0.807355	-0.807355	-0.807355
S	1.440573	-0.807355	1.000000	1.000000	1.000000	1.000000	1.000000	0.362570	0.362570	-0.807355	-0.807355
T	0.362570	-0.807355	-0.807355	-0.807355	0.362570	0.362570	-0.807355	0.362570	-0.807355	1.000000	-0.807355
V	0.362570	0.362570	1.000000	-0.807355	-0.807355	-0.807355	0.362570	1.000000	0.362570	0.362570	0.362570
W	-0.807355	-0.807355	-0.807355	-0.807355	-0.807355	-0.807355	-0.807355	-0.807355	-0.807355	-0.807355	-0.807355
Y	0.362570	0.362570	-0.807355	-0.807355	-0.807355	-0.807355	-0.807355	0.362570	-0.807355	-0.807355	-0.807355
