A	-0.087463	-0.087463	-0.087463	-0.087463	-0.087463	-0.087463	-0.087463	1.082462	-0.087463	1.082462	-0.087463	-0.087463	-0.087463	-0.087463
C	-0.087463	-0.087463	-0.087463	-0.087463	-0.087463	-0.087463	-0.087463	-0.087463	-0.087463	-0.087463	-0.087463	-0.087463	-0.087463	-0.087463
D	-0.087463	-0.087463	-0.087463	-0.087463	-0.087463	-0.087463	-0.087463	-0.087463	-0.087463	-0.087463	-0.087463	-0.087463	-0.087463	-0.087463
E	-0.087463	-0.087463	-0.087463	-0.087463	-0.087463	-0.087463	-0.087463	-0.087463	-0.087463	-0.087463	-0.087463	-0.087463	-0.087463	-0.087463
F	-0.087463	-0.087463	-0.087463	-0.087463	-0.087463	-0.087463	-0.087463	-0.087463	-0.087463	-0.087463	-0.087463	-0.087463	-0.087463	-0.087463
G	-0.087463	-0.087463	-0.087463	-0.087463	-0.087463	-0.087463	-0.087463	-0.087463	1.082462	-0.087463	-0.087463	-0.087463	-0.087463	-0.087463
H	-0.087463	-0.087463	-0.087463	1.082462	-0.087463	-0.087463	-0.087463	-0.087463	-0.087463	-0.087463	-0.087463	-0.087463	-0.087463	-0.087463
I	-0.087463	-0.087463	-0.087463	-0.087463	-0.087463	-0.087463	-0.087463	-0.087463	-0.087463	-0.087463	-0.087463	1.082462	-0.087463	-0.087463
K	1.082462	-0.087463	-0.087463	-0.087463	-0.087463	-0.087463	-0.087463	-0.087463	-0.087463	-0.087463	-0.087463	-0.087463	-0.087463	-0.087463
L	-0.087463	-0.087463	-0.087463	-0.087463	-0.087463	-0.087463	-0.087463	-0.087463	-0.087463	-0.087463	-0.087463	-0.087463	-0.087463	1.082462
M	-0.087463	-0.087463	-0.087463	-0.087463	-0.087463	-0.087463	-0.087463	-0.087463	-0.087463	-0.087463	-0.087463	-0.087463	-0.087463	-0.087463
N	-0.087463	-0.087463	-0.087463	-0.087463	-0.087463	-0.087463	-0.087463	-0.087463	-0.087463	-0.087463	-0.087463	-0.087463	-0.087463	-0.087463
P	-0.087463	-0.087463	-0.087463	-0.087463	-0.087463	-0.087463	-0.087463	-0.087463	-0.087463	-0.087463	-0.087463	-0.087463	-0.087463	-0.087463
Q	-0.087463	1.082462	-0.087463	-0.087463	-0.087463	-0.087463	-0.087463	-0.087463	-0.087463	-0.087463	-0.087463	-0.087463	-0.087463	-0.087463
R	-0.087463	-0.087463	-0.087463	-0.087463	-0.087463	-0.087463	1.082462	-0.087463	-0.087463	-0.087463	-0.087463	-0.087463	1.082462	-0.087463
S	-0.087463	-0.087463	-0.087463	-0.087463	-0.087463	-0.087463	-0.087463	-0.087463	-0.087463	-0.087463	1.082462	-0.087463	-0.087463	-0.087463
T	-0.087463	-0.087463	1.082462	-0.087463	-0.087463	-0.087463	-0.087463	-0.087463	-0.087463	-0.087463	-0.087463	-0.087463	-0.087463	-0.087463
V	-0.087463	-0.087463	-0.087463	-0.087463	1.082462	1.082462	-0.087463	-0.087463	-0.087463	-0.087463	-0.087463	-0.087463	-0.087463	-0.087463
W	-0.087463	-0.087463	-0.087463	-0.087463	-0.087463	-0.087463	-0.087463	-0.087463	-0.087463	-0.087463	-0.087463	-0.087463	-0.087463	-0.087463
Y	-0.087463	-0.087463	-0.087463	-0.087463	-0.087463	-0.087463	-0.087463	-0.087463	-0.087463	-0.087463	-0.087463	-0.087463	-0.087463	-0.087463
