A	0.785612	-2.506154	0.272490	-0.245194	0.078809	-0.097348	0.308291	-0.144966	-4.194210
C	-5.364135	-5.364135	-5.364135	-5.364135	-5.364135	-5.364135	-3.556780	-3.556780	-5.364135
D	-3.556780	-5.364135	1.554729	2.000000	-0.809546	-1.364135	-1.904703	-2.779172	-5.364135
E	-2.779172	-2.506154	-2.276672	2.021728	-0.194210	-0.663695	0.198108	1.220828	-5.364135
F	-0.531245	0.235778	0.997809	-3.116207	-0.097348	0.443220	-0.469317	-1.154681	1.837989
G	0.883793	-5.364135	-2.779172	0.343224	0.078809	-1.904703	-3.116207	-1.154681	-5.364135
H	-1.255610	-1.904703	-1.749425	-2.078732	-0.144966	-0.809546	0.785612	-0.097348	-3.556780
I	-0.595950	-3.116207	1.257917	-2.779172	1.201919	1.276110	0.595867	-2.506154	0.198108
K	2.213294	-4.194210	-2.078732	-0.595950	0.536732	-0.663695	-1.609247	0.707328	-1.609247
L	-3.556780	1.736528	2.010905	-0.298045	0.859867	1.062130	0.377332	0.624550	3.549503
M	-3.116207	-1.060354	0.343224	-3.556780	-1.749425	-2.276672	-1.749425	-2.779172	0.036745
N	-2.276672	-5.364135	-0.352907	-0.352907	-0.469317	-0.409938	-0.097348	0.119681	-5.364135
P	-4.194210	-1.749425	-1.481492	1.788150	-0.663695	1.123705	0.506230	-4.194210	-5.364135
Q	-1.255610	0.036745	-0.888401	-0.809546	0.159427	-0.469317	0.235778	0.785612	-5.364135
R	1.837989	1.397417	-5.364135	-4.194210	-0.663695	-1.749425	-1.749425	-0.409938	-0.734778
S	1.311822	-4.194210	-0.051252	0.835538	0.272490	0.198108	-0.352907	1.478216	-5.364135
T	-0.531245	-5.364135	-0.531245	-0.888401	0.652674	0.652674	0.680259	1.710007	-4.194210
V	0.198108	-1.609247	-0.006583	-1.255610	1.201919	1.669288	1.850184	-0.663695	-0.352907
W	-5.364135	-4.194210	-4.194210	-5.364135	-5.364135	-5.364135	-4.194210	-5.364135	-5.364135
Y	-0.051252	3.278820	-0.245194	-3.116207	-0.971817	-0.734778	0.475069	-0.194210	-1.255610
