A	0.881199 2.027430 2.476475 2.932893 1.774772 2.888897 2.261260 1.837709 2.536729
C	-7.718884 -7.727309 -7.669386 -3.247146 -7.702293 -4.271077 -7.695094 -7.701026 -2.623445
D	2.518676 -0.907073 -2.097740 -3.950184 -1.958196 -2.786685 -0.523637 -1.525912 -2.929081
E	2.169874 0.397317 -0.514190 -6.289515 0.894120 -3.999095 1.651582 0.766702 -0.461204
F	-0.967250 -1.660069 -0.510774 -1.926065 -1.558100 -7.647977 -0.860174 -2.830471 -6.303574
G	-1.861479 0.732467 2.449091 -0.475980 -0.789791 -1.182079 -1.200986 0.237669 0.858875
H	-4.090766 -0.206519 -3.986692 -7.569861 -1.375654 -7.675118 -0.150603 -1.866668 -3.365526
I	0.453375 -0.656708 -0.871374 0.839126 0.495143 0.503225 -0.594805 -0.621222 0.146228
K	-5.526839 0.486786 -2.256535 -7.596407 0.416868 -4.922239 -2.404938 0.642293 -5.174064
L	-3.337603 -0.383003 -0.058218 -0.463951 0.690258 -0.869343 -0.653823 0.544861 -0.887057
M	-2.372094 -1.648824 -2.003305 -2.558651 -2.895934 -7.702269 -3.293608 -4.118168 -7.671472
N	-1.644948 -0.033652 -1.267566 -1.638124 -2.303735 -3.585706 -0.652765 -0.092700 0.016465
P	0.872113 -4.310381 -0.848442 -7.281554 -1.076432 1.953772 -1.226740 1.071433 -2.173007
Q	-1.955474 -0.245821 -1.281036 -4.051583 -0.059128 -7.307797 0.937450 -0.383548 -0.748471
R	-6.691976 0.664741 -2.808361 -6.632212 0.258543 -7.492158 -0.346918 0.689315 -2.362689
S	-2.076116 0.453230 0.818419 1.518092 -0.003753 -0.978355 1.140975 0.798659 2.013212
T	-1.797072 0.563783 -0.378971 0.730343 0.687892 0.160719 -0.676125 -0.758785 0.432810
V	0.644763 -0.038397 -0.880657 1.815166 1.561615 2.095749 0.093609 -0.050284 0.976135
W	-1.986376 -2.644309 -4.049255 -4.076325 -4.291651 -7.356772 -4.208766 -4.311847 -4.162650
Y	-0.652443 -0.587793 -0.635939 -7.633764 -2.199931 -7.493307 -2.544581 -1.806296 -2.821797
