A	-2.735800 0.628471 0.874835 0.342350 0.960145 -0.072792 0.417380 0.919606 1.779714
C	-10.711166 -5.782337 -3.282110 -3.555542 -6.272761 -4.394884 -5.563144 -4.721118 -3.524188
D	-6.510624 -1.250749 -1.958836 1.054237 0.546152 0.815384 2.794607 -0.614602 0.330253
E	-9.177416 0.109069 -0.451674 1.079798 0.705229 -1.541904 0.800880 0.609364 0.161281
F	0.420188 -1.439082 -0.755809 -0.694107 -2.356963 -2.401592 -2.859735 -2.006107 -2.472987
G	-9.297219 -2.078466 -0.836522 -2.398225 -0.207661 -1.965018 -1.033883 0.151046 1.596363
H	-8.016219 -0.188128 -1.729837 -1.553011 -0.413688 -1.778967 -1.831029 -0.504759 -1.004254
I	3.033011 0.603143 1.243438 0.507016 -0.598287 0.628238 -0.894322 -0.464297 -0.663369
K	-10.022990 1.233189 0.290967 -1.858316 1.102954 -0.224297 -2.268970 0.833991 -1.498056
L	2.386888 0.341710 0.631134 0.876349 -0.318894 1.293959 0.677063 1.027876 -0.626972
M	-0.857187 -2.013765 -0.969989 0.017993 -2.094902 -2.469116 -3.292072 -2.106771 -1.962519
N	-10.526874 -0.691681 -1.107555 -1.294767 -0.330462 0.650766 0.841947 -0.653596 -0.911837
P	-3.129358 -4.786114 0.156531 -5.669168 1.045010 0.207591 0.143346 0.854771 -1.586285
Q	-6.225802 0.343881 0.008929 2.321455 0.097959 -0.704225 0.072745 0.157372 0.923228
R	-10.236243 1.618295 0.273611 -3.075177 0.059170 -0.623767 -1.815539 0.920961 -0.529410
S	-7.857347 -0.051824 0.428515 -0.088479 0.398425 0.626320 -0.056548 0.219718 1.711821
T	-4.223509 0.170899 0.061939 -0.113314 0.476919 1.520669 -0.834015 -0.347667 -0.569843
V	1.858331 1.231899 1.398361 0.122246 0.279288 1.411502 -0.583999 0.299976 -0.334709
W	-3.186349 -4.202654 -2.665404 -2.781885 -3.877274 -6.095339 -4.589883 -6.364649 -7.138575
Y	-0.732419 -0.783757 -0.008952 -3.059981 -1.588053 -4.258497 -2.783994 -1.312330 -1.695293
