A	-1.896907	1.712718	1.628817	-0.054448	0.311202	0.311202	0.415037	1.233797	0.688056	-3.584963
C	-4.754888	-4.754888	-2.947533	-4.754888	-3.584963	-4.754888	-4.754888	-4.754888	-4.754888	-4.754888
D	0.364054	-4.754888	-2.947533	1.175850	-0.545434	-0.200299	-1.140178	-2.169925	-2.169925	-4.754888
E	3.730942	-4.754888	-2.506960	1.289507	0.364054	0.256340	-0.646363	-0.872244	0.311202	-4.754888
F	-1.667425	-4.754888	1.444785	-0.451107	0.364054	-1.140178	-0.054448	-2.947533	-0.200299	-1.295456
G	-3.584963	-3.584963	-0.872244	1.420038	1.316575	0.645992	1.261921	0.311202	0.952472	-4.754888
H	-0.362570	-4.754888	-0.872244	-1.295456	-0.362570	-1.000000	-1.295456	-0.451107	-0.754888	-3.584963
I	-2.947533	1.084316	1.732953	-1.896907	0.078003	-0.125531	-0.054448	-0.279154	-2.947533	-3.584963
K	-4.754888	-4.754888	-1.000000	-0.279154	-0.545434	0.078003	-1.000000	-0.545434	0.311202	-0.054448
L	-2.506960	0.645992	-0.200299	0.139930	0.256340	0.645992	1.261921	0.511899	0.845025	0.078003
M	-2.169925	-2.169925	-0.872244	-2.947533	-2.506960	-1.140178	-1.295456	-1.469485	-1.896907	-1.295456
N	-1.896907	-4.754888	-1.295456	0.199309	-0.646363	-0.451107	-0.125531	-0.054448	0.139930	-4.754888
P	-4.754888	-2.947533	-0.872244	1.052467	0.728928	0.952472	0.952472	-1.896907	0.728928	-4.754888
Q	-1.667425	-1.896907	-1.000000	-0.279154	-0.451107	-0.362570	-0.872244	-0.545434	0.464281	-4.754888
R	-4.754888	-4.754888	-1.295456	-1.295456	-0.754888	0.013297	-1.667425	0.464281	1.115477	4.025652
S	0.311202	-1.140178	-0.054448	0.688056	0.917538	1.261921	0.645992	1.516576	0.139930	-4.754888
T	0.013297	0.952472	-1.000000	0.013297	0.256340	1.019900	0.602665	1.444785	-0.054448	-4.754888
V	-4.754888	3.259133	1.233797	-0.872244	0.845025	-0.054448	1.175850	1.052467	-0.279154	-4.754888
W	-4.754888	-4.754888	-2.169925	-2.947533	-3.584963	-3.584963	-2.506960	-3.584963	-3.584963	-4.754888
Y	-1.295456	-4.754888	0.602665	-1.295456	-1.140178	-2.169925	-1.896907	-1.295456	-0.362570	-2.169925
