A	-1.211504	1.853451	1.095157	0.540568	0.649093	0.155278	0.155278	0.649093	1.241008	0.932886	-3.459432
C	-3.459432	-3.459432	-3.459432	-3.459432	-3.459432	-3.459432	-3.459432	-3.459432	-3.459432	-2.289507	-3.459432
D	0.750022	-3.459432	-3.459432	1.941448	-1.652077	0.155278	0.423211	-1.211504	-3.459432	-3.459432	-3.459432
E	3.717988	-3.459432	-3.459432	0.649093	-1.652077	0.540568	-0.601451	-0.601451	-1.211504	-0.601451	-3.459432
F	-2.289507	-2.289507	2.024384	0.155278	-3.459432	-0.874469	-1.211504	0.295456	-2.289507	-0.000000	-3.459432
G	-3.459432	-2.289507	-1.211504	1.308753	0.750022	1.095157	1.308753	1.435386	0.540568	1.169925	-3.459432
H	-0.874469	-3.459432	-0.174029	-0.874469	-0.371969	-1.211504	-0.371969	-0.874469	-0.601451	-1.211504	-2.289507
I	-3.459432	0.932886	1.807355	-1.652077	-0.174029	-1.211504	0.423211	0.540568	-0.601451	-3.459432	-3.459432
K	-3.459432	-3.459432	-0.601451	-0.601451	-1.652077	0.423211	0.423211	-1.652077	-0.874469	0.932886	-0.371969
L	-2.289507	0.540568	-0.874469	-1.652077	0.155278	1.016302	0.540568	1.241008	0.540568	1.016302	-1.652077
M	-1.652077	-2.289507	-0.601451	-1.652077	-2.289507	-1.652077	-2.289507	-2.289507	-0.174029	-1.652077	-1.652077
N	-2.289507	-3.459432	-3.459432	-1.652077	-0.371969	-0.601451	-0.371969	-0.601451	-0.601451	0.295456	-3.459432
P	-3.459432	-2.289507	-1.211504	0.932886	1.659509	-0.874469	0.540568	-0.601451	-3.459432	-0.601451	-3.459432
Q	-0.874469	-1.211504	-0.000000	-0.601451	-0.371969	-0.371969	-0.371969	0.155278	0.295456	0.844349	-3.459432
R	-3.459432	-3.459432	-1.211504	-1.211504	-1.652077	0.155278	-0.174029	-2.289507	0.155278	-0.371969	4.069999
S	-0.371969	-0.000000	-1.652077	0.423211	1.551796	1.169925	1.241008	0.423211	1.853451	0.844349	-3.459432
T	0.155278	-0.174029	-0.601451	-0.000000	0.649093	1.169925	0.155278	1.016302	1.169925	0.155278	-3.459432
V	-3.459432	3.180813	0.932886	-0.371969	1.435386	-0.174029	-0.000000	1.016302	0.844349	0.155278	-3.459432
W	-3.459432	-3.459432	-2.289507	-2.289507	-2.289507	-3.459432	-3.459432	-3.459432	-2.289507	-3.459432	-3.459432
Y	-3.459432	-3.459432	0.844349	-0.601451	-2.289507	-1.211504	-1.652077	-1.652077	-2.289507	-0.874469	-1.652077
