A	-1.930737	1.824150	1.824150	-0.123382	-0.123382	-0.123382	0.317190	1.528694	0.654225	1.683973	-1.930737	-1.930737
C	-1.930737	-1.930737	-1.930737	-1.930737	-1.930737	-1.930737	-1.930737	-1.930737	-1.930737	-1.930737	-1.930737	-1.930737
D	0.654225	-1.930737	-1.930737	1.528694	-0.760812	0.654225	0.317190	0.317190	-1.930737	-1.930737	-1.930737	-1.930737
E	3.512206	-1.930737	-1.930737	0.654225	0.654225	0.317190	0.317190	-0.123382	-0.760812	-1.930737	-1.930737	-1.930737
F	-0.760812	-1.930737	1.156726	-1.930737	-1.930737	-0.760812	-1.930737	-0.760812	0.317190	-1.930737	0.654225	-1.930737
G	-1.930737	-1.930737	-1.930737	1.528694	1.824150	0.927244	0.654225	1.528694	1.156726	0.654225	0.654225	-1.930737
H	-1.930737	-1.930737	0.317190	-1.930737	-0.760812	-1.930737	-0.760812	-0.123382	-0.760812	-0.760812	-0.123382	-1.930737
I	-1.930737	0.927244	1.683973	-0.760812	0.927244	0.317190	0.654225	-0.123382	-0.123382	-0.123382	-1.930737	-1.930737
K	-1.930737	-1.930737	-0.123382	-0.760812	-1.930737	-0.760812	-0.760812	0.317190	-0.123382	-0.123382	0.317190	-0.760812
L	-0.760812	0.317190	-0.760812	-1.930737	-0.760812	0.317190	-1.930737	-1.930737	-0.123382	0.654225	1.354665	-1.930737
M	-0.760812	-1.930737	-0.760812	-0.760812	-1.930737	-1.930737	-0.760812	-1.930737	-1.930737	-1.930737	-0.123382	-1.930737
N	-1.930737	-1.930737	-0.760812	0.927244	-0.123382	-0.760812	-0.760812	-1.930737	-0.760812	-0.123382	0.927244	-1.930737
P	-1.930737	-0.760812	-1.930737	1.156726	1.156726	-0.760812	1.156726	0.927244	0.654225	-1.930737	-0.760812	-1.930737
Q	-0.123382	-0.760812	-0.123382	-0.123382	-0.760812	0.317190	0.317190	-0.760812	-1.930737	-1.930737	0.317190	-1.930737
R	-1.930737	-1.930737	-0.760812	-1.930737	-0.760812	1.156726	0.317190	-0.760812	-0.123382	-0.760812	-0.123382	3.876618
S	-1.930737	-0.760812	-1.930737	0.317190	1.683973	0.927244	-0.123382	0.317190	0.654225	2.069263	1.528694	-1.930737
T	-0.123382	0.927244	-1.930737	-0.123382	-1.930737	1.156726	0.654225	-0.123382	1.354665	-0.123382	-0.760812	-1.930737
V	-1.930737	2.698619	0.654225	-0.760812	-0.760812	-0.760812	-0.123382	-0.123382	0.927244	0.927244	-0.760812	-1.930737
W	-1.930737	-1.930737	-1.930737	-1.930737	-1.930737	-1.930737	-1.930737	-1.930737	-0.760812	-1.930737	-1.930737	-1.930737
Y	-1.930737	-1.930737	0.927244	-0.760812	-0.760812	-1.930737	0.654225	-0.123382	-1.930737	-0.760812	-0.123382	-1.930737
