A	-1.643856	0.163499	-0.473931	-0.473931	0.604071	0.941106	0.941106	-1.643856
C	-1.643856	-1.643856	-1.643856	-1.643856	-1.643856	-1.643856	-1.643856	-1.643856
D	0.604071	-1.643856	-1.643856	0.163499	-1.643856	-1.643856	-1.643856	-1.643856
E	3.669027	-1.643856	-1.643856	0.163499	-1.643856	-1.643856	-0.473931	-1.643856
F	-1.643856	-1.643856	2.659925	-0.473931	0.163499	0.163499	-0.473931	-0.473931
G	-1.643856	-1.643856	0.163499	0.163499	2.565597	-1.643856	0.163499	-1.643856
H	-1.643856	-1.643856	-1.643856	-1.643856	-1.643856	-0.473931	0.163499	-1.643856
I	-1.643856	1.641546	-0.473931	-1.643856	-0.473931	0.163499	-1.643856	-1.643856
K	-1.643856	-1.643856	-0.473931	-0.473931	-1.643856	-0.473931	-0.473931	0.163499
L	-1.643856	-1.643856	-0.473931	0.163499	-1.643856	1.214125	0.941106	-1.643856
M	-1.643856	-1.643856	0.941106	-1.643856	-1.643856	-0.473931	-1.643856	-1.643856
N	-1.643856	-1.643856	-1.643856	-0.473931	-1.643856	0.163499	-0.473931	-1.643856
P	-1.643856	-1.643856	-1.643856	0.604071	0.941106	-1.643856	0.604071	-1.643856
Q	-1.643856	-1.643856	-1.643856	0.163499	-1.643856	-1.643856	-0.473931	-1.643856
R	-1.643856	-1.643856	-0.473931	1.214125	-1.643856	0.163499	-1.643856	3.526069
S	-1.643856	-0.473931	0.163499	0.163499	0.163499	1.214125	1.214125	-1.643856
T	-1.643856	1.641546	-1.643856	0.604071	0.163499	0.604071	0.604071	-1.643856
V	-1.643856	2.831877	0.604071	1.641546	0.941106	1.443607	-0.473931	-1.643856
W	-1.643856	-1.643856	-1.643856	-1.643856	-1.643856	-1.643856	-1.643856	-1.643856
Y	-1.643856	-1.643856	0.604071	-1.643856	0.163499	-1.643856	1.214125	0.604071
