A	-1.198954	1.781116	1.964113	0.517635	1.011450	0.316938	1.164593	0.728896	-4.749151
C	-6.556506	-4.749151	-6.556506	-5.386581	-6.556506	-5.386581	-4.749151	-6.556506	-6.556506
D	1.048973	-6.556506	-3.698525	0.982653	-0.686141	-2.556506	-2.556506	-2.252725	-6.556506
E	3.582086	-6.556506	-3.097074	0.963130	-0.596504	-1.545279	-1.198954	0.923274	-6.556506
F	-1.198954	-3.271104	0.871854	-0.172802	-0.815039	0.101705	-1.032944	0.047120	-0.919881
G	-2.801619	-2.347053	-0.194562	1.239534	0.796641	1.310773	0.316938	0.818533	-6.556506
H	-1.661688	-5.386581	-0.919881	-1.032944	-1.243623	-1.856066	-0.539698	-0.686141	-4.749151
I	-1.788322	1.048973	1.464474	-1.243623	0.530957	0.669906	0.301475	-1.602310	-3.698525
K	-4.749151	-6.556506	-0.849147	0.237910	-0.216656	-0.884081	-0.029029	0.517635	0.463085
L	-1.545279	1.231397	-0.625769	-0.151365	-0.151365	1.030334	1.138722	0.829356	-0.884081
M	-1.545279	-2.164189	-0.749151	-2.941796	-2.080773	-0.625769	-0.815039	-1.856066	-0.849147
N	-1.289720	-4.749151	-0.717302	-0.285043	-0.749151	-1.927149	-0.956593	0.237910	-6.556506
P	-6.556506	-0.194562	-1.072690	1.231397	1.841169	0.047120	-1.661688	0.083739	-6.556506
Q	-0.686141	-1.545279	-1.032944	0.083739	-0.539698	-2.080773	-0.261885	0.595779	-4.749151
R	-4.749151	-6.556506	-1.072690	-0.539698	-0.539698	-0.625769	0.316938	-0.088901	4.017851
S	-0.172802	-0.239093	0.740410	0.669906	0.785569	1.333758	1.206706	0.645618	-5.386581
T	0.065546	0.882286	-0.356834	-0.884081	-0.261885	1.464474	1.129994	0.254066	-6.556506
V	-2.164189	2.914661	1.363847	-0.567821	0.963130	0.717290	0.953269	-0.109423	-2.673863
W	-3.971544	-6.556506	-3.271104	-2.673863	-2.447982	-2.252725	-3.469043	-4.749151	-6.556506
Y	-1.723616	-5.386581	-0.109423	-1.437565	-1.856066	-2.001917	-1.856066	-0.781719	-1.545279
