A	0.901806	-1.947398	0.517953	-0.064387	0.464464	0.408915	0.012167	0.290958	0.845384	-1.744819
C	-6.414098	-5.776668	-3.829135	-4.124591	-4.999060	-4.999060	-3.475498	-3.969313	-3.969313	-6.414098
D	0.965762	-2.517934	0.275512	1.362883	0.556807	-0.114381	-0.695280	-1.076228	-1.683156	-7.584023
E	1.853729	3.669234	1.662124	1.619937	1.017748	0.154069	-0.064387	0.267726	0.649597	-6.414098
F	-0.523327	-3.969313	0.834884	-0.789607	-0.287107	-0.789607	0.067029	-1.512561	-0.980397	2.205103
G	-0.680141	-4.999060	-1.567215	0.429998	0.980127	0.690938	0.891710	-1.076228	0.058029	-5.336095
H	-0.166170	-1.409097	-0.650332	-1.409097	-1.116417	-0.665160	-0.406603	0.457636	-0.680141	-3.108290
I	-1.076228	-3.475498	1.049880	-0.839189	0.039859	0.358492	0.457636	0.048972	-1.289402	-3.029434
K	-0.241948	-1.485991	-0.925811	0.128504	0.021457	0.415977	0.802917	1.107721	1.085748	-7.584023
L	-0.606743	-2.141079	0.742407	0.259898	0.613194	1.236954	1.072402	0.679246	0.401819	0.478023
M	-0.822472	-3.584023	-0.536899	-1.947398	-2.271140	-1.911598	-1.683156	-1.485991	-2.815839	-1.744819
N	-0.230876	-4.496560	-0.287107	-0.114381	-0.044864	-0.198161	-0.187418	-0.074248	-0.536899	-7.584023
P	-4.726042	0.655576	-1.244173	0.845384	0.891710	0.415977	-0.155663	-1.096183	-3.374570	-5.776668
Q	0.423004	1.094577	-0.496560	0.228154	-0.198161	-0.219888	0.111205	0.926741	0.491456	-6.414098
R	-0.241948	-6.414098	-1.360021	-0.457318	-0.822472	-0.230876	-0.025602	0.511374	0.220108	-4.999060
S	1.063435	-0.578398	-0.578398	0.471259	0.478023	0.498126	0.119881	0.450776	1.150687	-7.584023
T	0.162491	-0.275684	-1.266610	-0.310227	-0.264351	0.298620	0.102478	0.298620	1.167521	-6.414098
V	-0.710579	-2.021781	0.661530	-0.741673	0.195696	0.619325	0.429998	0.748014	0.667459	-4.298621
W	-4.999060	-6.414098	-2.414098	-4.298621	-3.829135	-3.475498	-2.517934	-1.911598	-3.584023	0.478023
Y	-0.198161	-3.701380	0.275512	-1.096183	-1.485991	-1.485991	-0.695280	-1.312560	-0.741673	3.532971
