A	1.137504	-1.995118	0.815020	0.043356	0.453640	0.322906	0.380391	0.637779	0.179133	1.009748	-3.346590
C	-6.204571	-6.204571	-4.397216	-5.034646	-3.956644	-3.956644	-3.956644	-5.034646	-3.346590	-3.956644	-6.204571
D	1.213281	-2.449684	0.342323	1.372858	0.815020	0.896091	0.179133	-1.085630	-0.429784	-1.575215	-6.204571
E	1.382269	3.675395	0.909171	2.383206	1.045727	1.045727	-0.054824	-0.080450	-0.244569	0.435674	-6.204571
F	-0.642329	-5.034646	1.137504	-1.728838	-0.334206	-1.034646	-1.085630	-0.720755	-0.985403	-1.193344	2.296271
G	-1.371681	-4.397216	-1.309753	0.135279	0.772709	1.275209	1.234221	1.223789	-1.138482	-0.029645	-6.204571
H	-0.080450	-2.919169	-0.334206	-1.900790	-0.985403	-1.371681	-0.215886	-0.681009	0.488916	-1.193344	-2.919169
I	-0.985403	-2.321928	1.080831	-0.365367	0.066892	-0.244569	0.573506	0.242512	-0.365367	-1.575215	-6.204571
K	-0.365367	-1.995118	-0.604658	-0.681009	-0.567947	0.303223	0.621977	0.856125	1.069224	1.137504	-6.204571
L	-1.085630	-1.250375	0.786951	0.242512	0.772709	-0.004899	0.699311	0.772709	0.653410	0.361483	-0.642329
M	-0.761628	-2.745140	-0.532146	-1.995118	-2.745140	-2.745140	-2.321928	-1.995118	-0.985403	-1.649982	-1.728838
N	-0.004899	-5.034646	-0.273834	-1.138482	-0.429784	-0.642329	-0.303704	-0.054824	0.135279	-1.436387	-6.204571
P	-4.397216	0.743796	-1.371681	0.856125	0.653410	0.668873	0.157373	-0.004899	-1.812254	-3.117108	-6.204571
Q	0.263034	0.621977	-0.463104	0.157373	-0.187763	0.090050	-0.160177	-0.160177	0.960336	0.637779	-6.204571
R	0.453640	-5.034646	-1.812254	-1.371681	-0.761628	-0.397216	-0.244569	0.066892	0.842553	0.361483	-5.034646
S	0.934980	-1.193344	-0.463104	-0.080450	0.488916	0.772709	0.729120	0.589845	0.417481	1.213281	-5.034646
T	0.453640	-0.365367	-1.504131	-0.215886	0.019431	0.090050	0.112841	0.157373	0.453640	1.126346	-6.204571
V	-0.803692	-0.365367	0.573506	-0.803692	0.066892	-0.054824	-0.004899	0.540263	0.606000	0.869570	-6.204571
W	-3.117108	-3.956644	-1.649982	-3.619609	-2.449684	-3.117108	-3.346590	-3.117108	-2.589861	-6.204571	0.435674
Y	-0.054824	-2.204571	0.435674	-1.309753	-0.463104	-1.575215	-0.985403	-1.371681	-1.504131	-0.803692	3.626736
