A	1.267192	-2.681824	0.916435	0.030894	-0.096862	0.916435	-0.392317	0.702840	0.848691	-0.392317	1.102447	-3.851749
C	-3.851749	-3.851749	-3.851749	-2.681824	-2.681824	-2.044394	-3.851749	-3.851749	-3.851749	-3.851749	-2.681824	-3.851749
D	1.505803	-2.681824	0.452032	2.078988	-0.237039	0.702840	1.159478	-0.993768	-0.237039	-1.603822	-1.603822	-3.851749
E	1.748164	3.817136	0.357704	1.632067	1.923038	1.102447	0.702840	0.452032	-0.096862	-0.993768	0.357704	-3.851749
F	-0.096862	-3.851749	1.591194	-0.993768	-0.566347	-0.566347	-1.603822	-1.266787	-0.764286	-0.392317	0.148251	2.531955
G	-2.681824	-3.851749	-1.603822	0.357704	0.357704	0.357704	1.591194	1.461134	1.043069	-0.392317	-0.764286	-3.851749
H	-0.764286	-3.851749	-0.993768	-0.993768	-2.044394	-0.993768	-0.764286	-1.266787	-1.603822	0.981141	-2.044394	-2.681824
I	-0.993768	-2.044394	1.102447	-0.993768	-0.096862	-0.237039	-1.266787	0.848691	0.030894	-1.266787	-1.603822	-3.851749
K	-0.566347	-3.851749	-1.603822	-1.603822	-2.044394	0.148251	0.357704	0.357704	1.214340	1.159478	0.452032	-3.851749
L	-0.993768	-0.764286	1.267192	0.030894	1.748164	0.777608	-0.237039	0.702840	0.030894	-0.237039	0.702840	-0.993768
M	-0.392317	-1.603822	-0.566347	-2.044394	-1.266787	-2.044394	-2.681824	-2.044394	-2.044394	-0.993768	-2.044394	-2.681824
N	-0.566347	-2.681824	-2.044394	-0.566347	-0.993768	-0.237039	-0.096862	-0.993768	-0.096862	-0.764286	-1.603822	-3.851749
P	-3.851749	-0.237039	-2.681824	1.043069	0.777608	-0.566347	0.256775	0.030894	-0.096862	-0.566347	-2.044394	-3.851749
Q	0.030894	-0.993768	-0.566347	-0.566347	-0.237039	0.256775	-0.237039	-0.237039	-0.096862	1.043069	-0.566347	-3.851749
R	-0.392317	-3.851749	-2.044394	-0.993768	-1.603822	-0.392317	-1.266787	-0.237039	0.030894	0.981141	0.357704	-3.851749
S	1.461134	-0.392317	-0.993768	0.623984	0.777608	0.916435	1.102447	1.214340	1.043069	0.848691	1.549130	-3.851749
T	0.030894	-0.096862	-2.044394	-0.566347	-0.392317	0.030894	0.623984	0.030894	0.357704	0.256775	0.981141	-3.851749
V	-1.603822	-0.566347	1.214340	-2.681824	-0.096862	-0.764286	0.030894	-0.237039	0.030894	0.623984	1.214340	-3.851749
W	-3.851749	-3.851749	-2.681824	-3.851749	-3.851749	-2.681824	-2.681824	-2.681824	-3.851749	-0.993768	-2.044394	-1.266787
Y	-0.993768	-3.851749	0.540568	-0.392317	-2.044394	-0.764286	-1.266787	-1.603822	-0.993768	-0.993768	-0.764286	3.587043
