A	0.678072	-0.736966	-0.736966	-0.099536	-0.099536	-0.736966	-0.099536	-0.099536	0.341037	0.341037	-0.736966	0.678072	-1.906891
C	-1.906891	-1.906891	-1.906891	-1.906891	-0.736966	-1.906891	-1.906891	-1.906891	-1.906891	-0.736966	-1.906891	-0.736966	-1.906891
D	1.847997	-1.906891	0.951090	1.180572	0.341037	0.678072	0.678072	0.678072	0.341037	-0.099536	-1.906891	-1.906891	-1.906891
E	1.378512	3.616671	0.341037	-0.099536	-0.099536	1.847997	0.678072	0.341037	-0.099536	-0.736966	-1.906891	0.678072	-1.906891
F	-0.099536	-1.906891	1.707819	-0.099536	-0.099536	-0.736966	-0.736966	-0.736966	-0.099536	0.341037	-1.906891	-0.736966	2.093109
G	-0.736966	-1.906891	-1.906891	0.951090	0.341037	-0.736966	0.951090	1.180572	1.847997	1.707819	0.678072	-0.099536	-1.906891
H	-0.736966	-1.906891	-1.906891	-1.906891	-1.906891	-1.906891	-0.736966	-0.736966	-0.736966	-0.736966	0.341037	-0.736966	-1.906891
I	-1.906891	-1.906891	1.378512	0.341037	0.341037	-0.736966	1.180572	0.678072	-0.736966	0.678072	0.678072	-1.906891	-1.906891
K	-1.906891	-0.736966	-0.736966	-1.906891	-0.736966	-0.099536	-0.736966	-0.736966	1.378512	-1.906891	1.378512	0.341037	-1.906891
L	-1.906891	-1.906891	-0.099536	-0.099536	-0.099536	-0.736966	0.951090	-0.736966	-0.736966	-0.099536	-0.736966	0.678072	-1.906891
M	-1.906891	-1.906891	0.341037	-1.906891	-0.736966	-1.906891	-1.906891	-1.906891	-1.906891	-1.906891	-0.736966	-1.906891	-1.906891
N	1.378512	-1.906891	0.341037	1.378512	-0.736966	0.341037	0.341037	1.180572	-0.099536	0.341037	0.341037	-0.099536	-1.906891
P	-1.906891	-1.906891	-1.906891	-1.906891	1.552541	-0.736966	-0.736966	0.341037	-0.736966	-0.099536	-0.099536	-1.906891	-1.906891
Q	-0.099536	-1.906891	-0.736966	0.951090	-0.736966	1.180572	0.678072	0.341037	-0.736966	0.341037	-0.736966	0.951090	-1.906891
R	-0.099536	-1.906891	-1.906891	-0.099536	-0.736966	-0.099536	-1.906891	-0.736966	0.341037	-0.099536	1.378512	-0.099536	-1.906891
S	0.678072	0.341037	-0.099536	0.951090	0.341037	0.678072	-0.736966	0.678072	0.678072	0.341037	-0.736966	1.180572	-1.906891
T	0.341037	-0.736966	-0.736966	-0.736966	1.378512	0.951090	0.678072	-0.099536	-1.906891	0.341037	-0.099536	0.678072	-1.906891
V	-1.906891	-0.736966	0.341037	-0.099536	-0.099536	-0.099536	-1.906891	-0.099536	-0.099536	-0.736966	1.378512	0.678072	-1.906891
W	-1.906891	-0.736966	-0.736966	-1.906891	-1.906891	-1.906891	-1.906891	-1.906891	-0.736966	-0.736966	-1.906891	-1.906891	-0.736966
Y	-0.736966	-1.906891	-0.099536	-1.906891	-0.736966	-1.906891	-0.099536	-1.906891	-1.906891	-1.906891	-1.906891	-0.736966	3.405992
