A	-0.594965	-2.829270	0.687556	0.055119	1.567641	0.539549	1.194683	-0.738779
C	-5.549162	-8.636625	-4.636625	-5.351222	-3.417456	-4.160891	-3.235745	-4.528100
D	2.208669	-0.574578	-0.694110	-1.097466	-2.929265	-1.434501	-1.471718	-7.466700
E	1.104842	4.053210	-0.403005	0.977165	-2.109148	0.718176	1.098508	-5.021915
F	-0.746360	-3.803735	0.709889	-0.445565	0.811492	-0.217718	-2.210360	2.154742
G	-2.051662	-5.778644	-0.701460	-0.958905	-0.082036	-2.964199	-0.784876	-6.388697
H	0.135690	-2.461699	-0.106218	-1.229357	-0.657914	0.862225	-0.816446	-0.489420
I	-0.207218	-4.244307	0.852220	0.761585	1.004524	-0.191610	-0.495795	-0.643686
K	-2.070571	-2.274681	0.405719	0.903988	-0.561145	0.123264	1.051188	-2.861838
L	0.527025	-4.082036	0.918444	1.606847	0.903988	0.160226	0.511216	2.101890
M	-0.541228	-4.881737	-0.622604	-1.875073	-1.659345	-1.810076	-1.717761	0.204153
N	0.612489	-4.427171	-0.111104	-1.197833	-1.509920	-0.096497	-1.422305	-5.778644
P	-4.636625	-1.875073	-2.647940	0.254400	-1.891791	0.374603	-1.996380	-5.778644
Q	-0.967740	0.504844	-0.310195	0.024263	-0.881737	0.426096	0.208081	-5.021915
R	-2.128830	-4.881737	0.324825	0.123264	-1.116988	0.273268	0.176355	-4.332844
S	0.621352	-3.741807	-0.315824	-0.515091	0.511216	0.367596	0.793305	-3.235745
T	0.597594	-4.881737	0.037568	0.001811	0.273268	0.452826	0.821782	-2.766260
V	0.102312	-4.427171	0.930381	0.988628	1.958866	0.859730	1.323377	0.098085
W	-3.369838	-7.466700	-1.446800	-4.160891	-3.936185	-2.032998	-6.051662	-2.128830
Y	-0.244307	-5.177193	-0.186444	-1.107194	-2.619816	-0.321475	-1.732743	2.644436
