A	0.888229	0.032952	0.921383	0.159164	0.047388	0.369108	0.221833	1.212081	0.277446
C	-6.384109	-7.526128	-3.780483	-5.829520	-4.983230	-4.259988	-4.184437	-3.762057	-4.000405
D	0.984806	-2.074633	0.612717	0.989572	-0.483242	-1.223607	-1.369391	-2.018880	-10.384109
E	1.139820	3.127458	-0.277873	1.539033	0.088582	-0.287723	0.575168	0.857278	-6.501466
F	-0.462640	-1.986435	0.659602	-1.164941	0.232210	0.136018	-0.845920	-1.662156	2.363245
G	-0.517603	-3.350686	-1.331541	0.403181	0.129865	0.083496	-2.132627	-0.761142	-8.136182
H	-0.128785	-0.175265	-0.207624	-1.440862	-0.271344	-0.475717	0.553265	-0.636336	-1.759314
I	-0.462640	-2.301960	0.697541	-0.425919	0.518831	0.869147	0.400117	-1.140935	-0.843497
K	-0.158600	0.296250	0.335280	0.379518	0.491256	0.300639	0.241371	0.798751	-4.395424
L	-0.291022	-0.546875	0.491256	0.541260	1.161700	0.874310	1.046866	0.255005	1.414970
M	-0.910403	-2.398267	-0.685405	-2.180761	-1.773084	-1.815203	-1.489291	-2.018880	-0.829041
N	-0.076624	-3.495366	0.193792	-0.564728	-0.404327	-0.807625	-0.444163	-0.975249	-7.526128
P	-5.318020	0.626769	-1.810462	1.250021	0.174790	0.436469	-0.070943	-2.441595	-2.604390
Q	-0.076624	1.311663	-0.250325	0.153109	-0.146600	0.023690	0.543113	0.447396	-5.829520
R	-0.016694	-2.434282	-0.381294	-0.574743	0.142146	-0.063873	0.006329	0.088582	-4.424107
S	1.256249	-1.386930	0.352293	0.403181	0.408274	0.443432	0.277446	1.506630	-5.829520
T	0.454307	-1.134996	-0.442328	-0.388342	0.165194	0.512223	0.493175	1.099455	-4.234362
V	-0.049836	-0.377783	0.478722	-0.302626	0.743402	1.054033	1.083624	0.870624	-0.636336
W	-3.916504	-5.026557	-2.018880	-3.725898	-2.874334	-3.181985	-2.342450	-5.551219	-0.805265
Y	-0.083757	-0.954179	0.305015	-1.709917	-0.887755	-1.043146	-0.640537	-1.268415	2.984568
