A	0.684958	1.187459	1.650193	0.292641	-0.092649	0.596422	-0.619896	-0.092649	0.768374	-3.707359
C	-3.707359	-2.537434	-2.537434	-3.707359	-2.537434	-3.707359	-3.707359	-2.537434	-2.537434	-3.707359
D	-3.707359	-3.707359	2.131845	1.854883	-0.092649	-0.421957	-2.537434	-2.537434	-1.459432	-3.707359
E	-3.707359	-3.707359	-1.900004	0.768374	0.768374	-0.247928	-3.707359	-0.092649	0.502094	-3.707359
F	1.125531	-2.537434	0.847230	-0.421957	-0.619896	-0.849378	-0.619896	-0.849378	-0.247928	1.650193
G	-3.707359	-1.459432	-1.122397	0.047528	1.358730	1.462566	1.462566	-1.900004	-1.459432	-3.707359
H	-0.619896	-3.707359	-3.707359	-1.122397	0.175284	-0.247928	0.047528	0.292641	-0.849378	-3.707359
I	0.047528	-1.122397	-0.247928	-1.459432	-1.122397	-0.619896	0.768374	0.047528	-1.459432	-1.122397
K	1.462566	-3.707359	-1.122397	-0.421957	-0.849378	0.502094	0.047528	-1.122397	0.596422	-3.707359
L	-0.619896	0.921997	-0.849378	-3.707359	-0.849378	-0.619896	1.187459	1.892554	0.502094	3.470060
M	-1.459432	-2.537434	-1.122397	-3.707359	-2.537434	-2.537434	-1.459432	-0.421957	-2.537434	-0.421957
N	-3.707359	-2.537434	-1.900004	-0.619896	-0.247928	-0.421957	0.047528	-0.421957	-1.900004	-3.707359
P	-3.707359	2.223378	-1.900004	2.492313	2.067428	1.735584	1.246837	-1.122397	-2.537434	-3.707359
Q	-1.459432	-1.122397	-3.707359	-0.849378	-0.849378	-0.619896	-0.421957	0.047528	0.596422	-3.707359
R	2.390673	-1.900004	-1.900004	-2.537434	-0.092649	0.175284	-0.247928	0.175284	0.502094	-3.707359
S	0.175284	1.358730	1.411582	0.502094	0.684958	0.684958	0.401165	0.401165	1.605524	-3.707359
T	-1.900004	1.559427	0.401165	-1.122397	-0.421957	0.292641	-0.247928	1.060825	1.559427	-3.707359
V	-0.421957	1.511809	-0.092649	-0.619896	-0.619896	-0.092649	0.768374	1.358730	-0.619896	1.125531
W	-2.537434	-3.707359	-2.537434	-3.707359	-1.900004	-3.707359	-2.537434	-2.537434	-3.707359	-3.707359
Y	1.246837	-2.537434	0.502094	-1.900004	-1.459432	-3.707359	-2.537434	-1.900004	0.047528	0.401165
