A	-0.557995	1.731511	0.079434	0.857042	-1.727920	0.520007	-0.557995	0.857042	0.520007	0.520007	-1.727920
C	-1.727920	-1.727920	-1.727920	-1.727920	-0.557995	-1.727920	-1.727920	-1.727920	-1.727920	-1.727920	-1.727920
D	-1.727920	-1.727920	1.557482	2.026967	-0.557995	-0.557995	1.130061	-0.557995	-1.727920	-1.727920	-1.727920
E	-1.727920	-1.727920	-1.727920	0.079434	-0.557995	-1.727920	0.857042	-0.557995	-1.727920	-0.557995	-1.727920
F	1.359542	-1.727920	0.857042	-1.727920	-1.727920	-1.727920	-1.727920	-1.727920	-0.557995	0.079434	-0.557995
G	-1.727920	-1.727920	-1.727920	0.079434	1.731511	0.079434	1.731511	1.130061	-1.727920	-0.557995	-1.727920
H	-0.557995	-1.727920	-1.727920	-1.727920	0.520007	-1.727920	-0.557995	-1.727920	0.079434	-0.557995	-1.727920
I	-0.557995	-1.727920	0.857042	0.520007	-0.557995	0.079434	-0.557995	0.520007	0.857042	-1.727920	-0.557995
K	0.520007	-1.727920	-0.557995	-1.727920	0.079434	0.857042	0.079434	-0.557995	-1.727920	1.886789	-1.727920
L	-0.557995	1.359542	1.359542	-1.727920	-0.557995	0.520007	-0.557995	0.079434	2.026967	0.079434	3.538866
M	-1.727920	-1.727920	-0.557995	-1.727920	-0.557995	0.079434	-0.557995	-1.727920	-1.727920	-1.727920	-1.727920
N	-1.727920	-1.727920	-1.727920	-1.727920	0.857042	-1.727920	-0.557995	0.079434	-0.557995	-1.727920	-1.727920
P	-1.727920	1.130061	-0.557995	1.359542	0.857042	2.154723	0.520007	0.857042	-0.557995	-1.727920	-1.727920
Q	-1.727920	0.079434	-0.557995	-1.727920	-1.727920	-0.557995	-0.557995	1.130061	-0.557995	-0.557995	-1.727920
R	2.575860	-1.727920	0.079434	-1.727920	-0.557995	-1.727920	-1.727920	-0.557995	-0.557995	-0.557995	-1.727920
S	0.520007	1.130061	0.079434	1.886789	0.079434	0.520007	0.857042	-0.557995	0.520007	1.359542	-1.727920
T	-1.727920	0.079434	-0.557995	-0.557995	0.857042	0.520007	0.079434	0.520007	0.857042	1.359542	-1.727920
V	-0.557995	1.731511	-0.557995	-1.727920	0.079434	0.079434	0.079434	-1.727920	1.130061	0.079434	0.079434
W	-1.727920	-1.727920	-1.727920	-1.727920	-1.727920	-1.727920	-1.727920	-1.727920	-1.727920	-1.727920	-1.727920
Y	1.130061	-0.557995	0.857042	-1.727920	-0.557995	-1.727920	-1.727920	0.857042	-0.557995	0.079434	0.520007
