A	0.784540	2.112266	1.525374	-0.975197	0.631461	-0.434628	0.576599	-4.434628
C	-4.434628	-4.434628	-4.434628	-4.434628	-4.434628	-4.434628	-3.264703	-4.434628
D	-4.434628	-4.434628	-0.130847	-1.347165	-2.627273	-3.264703	-2.186701	-4.434628
E	-4.434628	-4.434628	-1.849666	-0.225175	-1.849666	-4.434628	1.859993	-4.434628
F	0.784540	-4.434628	-1.347165	-1.849666	-4.434628	-3.264703	-0.975197	-0.042311
G	-2.627273	-1.149226	2.666034	-0.679741	0.041105	-3.264703	-1.347165	-4.434628
H	1.404576	-4.434628	-1.149226	0.519568	-0.975197	-1.347165	-0.551985	-4.434628
I	0.784540	-0.679741	0.576599	0.041105	0.194728	0.922924	-1.849666	0.194728
K	0.966251	-4.434628	-1.849666	2.205617	-1.347165	-0.975197	1.008315	-4.434628
L	-0.225175	-1.849666	-1.347165	-0.225175	-1.576647	2.972640	0.735297	3.432651
M	-2.186701	-4.434628	-2.627273	-4.434628	-4.434628	0.119961	-1.849666	0.922924
N	-2.627273	-2.627273	-0.975197	-0.551985	-2.186701	-3.264703	-0.679741	-4.434628
P	-4.434628	-4.434628	-3.264703	1.008315	3.369503	-1.576647	-4.434628	-4.434628
Q	-1.149226	-2.627273	-1.849666	-0.225175	-2.186701	-0.042311	-0.326104	-4.434628
R	0.735297	-4.434628	-3.264703	1.466239	-1.849666	0.784540	0.041105	-4.434628
S	0.576599	2.730279	1.466239	-0.326104	-1.149226	-1.149226	0.784540	-4.434628
T	0.265811	2.499062	-0.042311	-0.225175	-1.149226	-2.186701	0.631461	-4.434628
V	0.966251	0.265811	0.398262	-0.042311	1.237797	1.609766	0.922924	2.131426
W	-4.434628	-4.434628	-3.264703	-3.264703	-4.434628	-2.627273	-4.434628	-4.434628
Y	0.878255	-4.434628	-2.186701	-1.849666	-3.264703	-3.264703	0.041105	-2.627273
