A	1.100113	0.855999	1.072909	0.075348	0.000321	0.553270	0.220144	0.783267	-3.504749
C	-8.134105	-5.886178	-5.549143	-6.964180	-4.025581	-4.519396	-4.674674	-3.741788	-6.964180
D	-5.276124	-8.134105	1.768647	1.411342	-1.646265	-2.263741	-3.015164	-3.301215	-8.134105
E	-4.251462	-5.549143	-1.549143	1.581857	-0.465220	-0.994554	-0.944281	1.175939	-8.134105
F	0.425272	-6.326750	-0.305969	-2.359318	-0.907693	-0.644257	-1.128481	-0.803189	1.158791
G	-0.981821	-1.423299	-1.862642	0.642328	0.341628	-0.155395	-2.776553	-1.215242	-8.134105
H	-0.510224	-6.964180	-0.780959	-0.931982	0.952031	-0.814433	0.561993	-0.099306	-6.964180
I	0.284801	0.081428	0.401170	-1.406185	-0.019062	1.195691	0.356745	-1.910104	-0.243841
K	1.504783	-6.326750	-0.684957	0.386513	1.266774	-0.644257	-0.528626	0.984836	-5.046643
L	-0.162562	1.954020	0.391415	-1.323534	-0.113125	0.838156	2.014053	0.376659	3.187682
M	-2.326750	-1.215242	-0.956686	-3.658372	-3.179909	-1.606628	-1.475894	-2.145421	0.129164
N	-1.934433	-1.073409	0.897940	-0.634260	-0.338066	-0.644257	-1.260661	-0.848703	-8.134105
P	-5.549143	1.379622	-1.200415	1.910289	0.726206	1.038947	0.420483	-4.025581	-8.134105
Q	-1.389272	0.006724	-0.585283	-0.447605	-0.169765	-0.282356	0.152452	0.617439	-8.134105
R	1.387004	-3.068016	-0.290184	-1.059964	0.945379	-0.184279	0.401170	0.458352	-8.134105
S	1.190075	1.993244	0.794413	0.823722	0.252835	0.425272	0.476919	1.258749	-8.134105
T	0.192324	1.158791	-0.106199	-0.321928	-0.072059	0.760712	0.706673	0.994533	-8.134105
V	0.768270	0.873623	-0.198940	-1.086981	0.801796	1.564599	0.965242	0.434801	2.091403
W	-3.924652	-8.134105	-2.392638	-5.549143	-3.579517	-4.674674	-3.301215	-5.276124	-6.326750
Y	0.678874	-2.964180	0.242020	-2.610543	-0.994554	-2.359318	-1.200415	-0.236260	1.187259
