A	0.731458 1.520578 2.239624 2.948874 1.633282 2.621857 2.005630 1.681332 1.930843
C	-8.526693 -8.601189 -3.566723 -2.038077 -4.366163 -3.404849 -4.584245 -7.439931 -2.745830
D	1.867904 -1.496940 -0.415461 -1.469354 -0.609504 -3.478710 -0.746877 -1.544906 -0.832801
E	1.535316 0.280595 0.184029 -5.692264 0.423860 -2.148020 0.869448 0.617445 -0.281632
F	0.285949 -1.058539 -0.212748 -2.946494 -1.851188 -5.773909 -1.222613 -1.014995 -4.871193
G	-1.988642 0.886775 1.951961 2.677671 -1.457855 0.177910 -0.898194 0.172462 1.376635
H	-3.855709 0.398237 -1.196839 -5.980581 -1.242328 -7.885304 -0.292666 -0.410593 -3.035579
I	0.524736 -0.575542 -1.106585 -1.102936 0.221526 0.371311 -0.849966 -0.950464 0.330519
K	-3.467891 0.617784 -1.296828 -8.195886 0.903227 -8.046833 -0.280675 0.833128 -8.055520
L	0.020058 -0.793592 -0.951831 -5.483401 0.312874 -0.352422 -0.061445 0.317899 -0.290946
M	-3.915283 -1.976554 -2.272339 -3.335125 -1.938243 -5.021929 -2.498272 -3.194910 -2.430353
N	-2.010158 -0.408171 -1.535265 -2.413273 -0.736576 -8.258030 0.294980 -1.295645 0.313425
P	0.911765 -4.677669 -0.343857 -7.588922 -0.744971 1.651454 -0.429284 1.362105 -1.196290
Q	-1.562696 -0.272088 -1.167241 -3.316798 0.035278 -8.141978 0.551928 -0.385594 -1.155039
R	-3.419695 0.978641 -0.255457 -7.130568 0.309036 -7.827723 0.669299 0.466906 -3.482501
S	-0.726639 0.306421 0.742253 1.651270 0.176021 0.471102 0.822914 0.476554 1.834703
T	-1.773679 0.683623 -0.334720 -1.145025 0.746746 0.742224 -0.847809 -0.420793 0.617063
V	1.134471 -0.002232 -0.534951 -0.772170 1.425309 1.967641 0.647744 0.101171 1.142884
W	-1.928962 -1.548615 -2.917559 -4.710299 -5.118349 -8.551486 -3.649859 -5.174210 -8.252581
Y	0.784514 0.139202 -0.252700 -8.409311 -1.908215 -4.500809 -2.131376 -0.951942 -3.219004
