A	0.513321	1.436779	1.316284	0.351049	0.717431	0.422840	0.222839	0.275498	1.316284	-5.848623
C	-5.848623	-5.848623	-5.848623	-5.848623	-5.848623	-5.848623	-4.041268	-5.848623	-5.848623	-5.848623
D	-4.041268	-4.678698	1.353501	1.569230	0.556519	-0.211998	-0.678698	-1.639170	-2.233913	-5.848623
E	-3.263660	-1.015733	-0.629454	0.844864	0.896211	-0.782534	-0.629454	0.326303	0.809589	-5.848623
F	1.914589	-4.041268	1.671013	-0.629454	-0.447744	-0.581836	-0.073836	-1.848623	-1.148183	2.348594
G	-1.080439	-1.848623	-2.761160	0.827334	1.413472	1.471049	1.316284	-0.491071	-0.782534	-5.848623
H	-0.405679	-2.990642	-1.456306	-2.093735	-0.678698	-1.080439	-0.286381	-0.581836	-0.953805	-5.848623
I	0.375379	-0.176198	0.862183	-0.953805	-0.729682	-0.248710	0.082114	0.577642	-1.848623	-4.678698
K	0.222839	-5.848623	-0.581836	-0.211998	-0.447744	-0.141264	0.275498	-1.148183	-0.073836	-5.848623
L	0.195771	1.085068	-0.581836	-0.729682	-0.176198	0.052244	0.827334	1.024821	0.021742	0.468790
M	-0.405679	-0.837396	-0.894427	-3.600695	-2.761160	-2.389191	-1.544842	-1.080439	-1.848623	-1.456306
N	-1.965980	-5.848623	-0.678698	-0.364807	-0.009419	-0.211998	-0.107156	-0.729682	-1.294034	-5.848623
P	-5.848623	1.641225	-1.965980	2.122921	1.558645	1.225519	0.773429	-1.015733	-1.372890	-5.848623
Q	-1.294034	1.889469	-1.965980	-0.286381	-0.678698	-0.325061	-0.286381	0.399305	0.195771	-5.848623
R	0.791622	-3.600695	-0.894427	-1.080439	-1.639170	-0.678698	-0.782534	-0.953805	-0.073836	-5.848623
S	0.773429	1.040120	0.275498	0.140062	0.736340	1.290928	0.912928	0.844864	1.515512	-5.848623
T	-0.248710	0.375379	-1.372890	-0.729682	-0.325061	0.513321	0.445998	1.471049	1.671013	-5.848623
V	0.301124	1.198501	0.375379	-1.372890	-0.364807	0.598460	0.082114	1.621019	0.639217	-4.041268
W	-3.600695	-5.848623	-2.563221	-3.600695	-3.263660	-4.041268	-2.761160	-2.563221	-3.600695	-4.678698
Y	1.459716	-3.263660	1.114273	-0.678698	-1.372890	-2.093735	-1.456306	-1.544842	-0.176198	3.677387
