A	-0.219169	2.207096	-0.336525	0.792059	-0.009715	0.549016	0.792059	0.173149	-0.009715	0.846921	-4.219169
C	-4.219169	-4.219169	-4.219169	-4.219169	-4.219169	-4.219169	-4.219169	-4.219169	-4.219169	-4.219169	-4.219169
D	-4.219169	-4.219169	1.380744	2.120681	0.899773	0.549016	0.173149	-0.219169	-0.759737	-1.361188	-4.219169
E	-3.049244	-4.219169	-0.219169	0.410188	1.000000	0.549016	0.173149	0.481271	-0.464281	1.138383	-4.219169
F	2.028759	-3.049244	1.740833	-1.971241	-0.464281	-1.361188	-0.759737	-0.219169	-1.971241	-0.464281	2.052295
G	-1.634206	-1.971241	-0.933766	0.792059	1.181711	1.620035	0.950756	1.417456	0.084612	-1.361188	-4.219169
H	-0.110644	-4.219169	-2.411814	-2.411814	-0.219169	-0.933766	-0.219169	-1.131706	-0.604459	-1.361188	-4.219169
I	0.735028	-0.336525	1.000000	-1.361188	-0.759737	-0.110644	-0.933766	0.256565	0.410188	-1.361188	-4.219169
K	-0.219169	-4.219169	-0.604459	-1.634206	-3.049244	-0.219169	-0.604459	-0.009715	-0.464281	-0.219169	-4.219169
L	-0.604459	0.256565	0.084612	-0.464281	0.335420	-0.110644	0.335420	0.410188	1.453257	-0.336525	0.735028
M	-1.634206	-0.336525	-0.759737	-3.049244	-4.219169	-1.971241	-1.634206	-1.634206	-1.131706	-2.411814	-1.361188
N	-1.634206	-3.049244	-0.604459	-1.131706	-0.759737	-0.464281	0.256565	0.410188	-0.110644	-3.049244	-4.219169
P	-4.219169	1.343074	-2.411814	1.681698	1.380744	1.047618	1.047618	-0.219169	-1.361188	-2.411814	-4.219169
Q	-1.971241	1.651196	-3.049244	-0.759737	-0.110644	-0.464281	0.084612	-0.604459	1.047618	0.735028	-4.219169
R	0.173149	-3.049244	-1.361188	-0.219169	-0.464281	-1.361188	-0.009715	-0.336525	-1.634206	-0.110644	-4.219169
S	0.846921	1.000000	-0.604459	0.613721	0.899773	1.093714	0.846921	1.000000	1.343074	1.522298	-4.219169
T	-0.219169	1.000000	-1.971241	-0.110644	-0.604459	0.410188	0.410188	0.613721	0.613721	1.488191	-4.219169
V	0.084612	0.950756	0.256565	-0.933766	-0.009715	-0.219169	-0.464281	-0.009715	1.181711	1.093714	-3.049244
W	-4.219169	-4.219169	-1.361188	-1.971241	-1.971241	-4.219169	-2.411814	-3.049244	-2.411814	-4.219169	-4.219169
Y	2.185973	-4.219169	1.797640	-1.131706	-0.759737	-1.634206	-1.131706	-1.131706	-2.411814	0.084612	3.686218
