A	-0.784271	2.255257	-0.784271	-0.146841	0.630766	-0.784271	-0.146841	-0.146841	0.293731	0.630766	0.630766	-1.954196
C	-1.954196	-1.954196	-1.954196	-1.954196	-1.954196	-1.954196	-1.954196	-1.954196	-1.954196	-1.954196	-1.954196	-1.954196
D	-1.954196	-1.954196	1.505235	2.045804	-0.784271	1.505235	0.293731	0.293731	0.293731	0.630766	-1.954196	-1.954196
E	-1.954196	-0.784271	-1.954196	0.630766	-0.146841	0.293731	-0.784271	0.293731	-1.954196	-0.146841	0.903785	-1.954196
F	1.660514	-0.784271	2.255257	-0.784271	-0.146841	-0.146841	-1.954196	0.630766	-0.784271	-0.784271	-0.146841	2.255257
G	-1.954196	-1.954196	-1.954196	0.903785	0.630766	1.133267	1.505235	0.903785	1.660514	-1.954196	-1.954196	-1.954196
H	-0.146841	-1.954196	-1.954196	-1.954196	0.293731	-0.146841	-1.954196	-0.146841	-1.954196	-0.784271	-0.146841	-1.954196
I	-0.146841	-0.146841	0.903785	-0.784271	-0.784271	-0.146841	0.293731	0.293731	-0.784271	-0.784271	-0.784271	-1.954196
K	-0.784271	-1.954196	0.293731	-0.784271	-0.784271	-1.954196	-0.146841	0.293731	-0.784271	-1.954196	-1.954196	-1.954196
L	-0.784271	-0.146841	-0.146841	-0.146841	0.293731	0.630766	0.903785	0.903785	0.293731	0.293731	-0.784271	-1.954196
M	-1.954196	-1.954196	-0.784271	-1.954196	-0.784271	-0.146841	-0.784271	-1.954196	-0.146841	-1.954196	-1.954196	-0.784271
N	-0.784271	-1.954196	-0.784271	-1.954196	-0.146841	-1.954196	-0.784271	-1.954196	-0.146841	-0.146841	-0.784271	-1.954196
P	-1.954196	0.293731	-1.954196	1.928447	1.800691	0.293731	1.331206	1.331206	0.903785	-0.784271	-0.784271	-1.954196
Q	-1.954196	0.630766	-1.954196	-0.146841	-0.784271	-0.146841	-0.146841	-0.784271	-0.784271	1.505235	0.293731	-1.954196
R	0.293731	-1.954196	-0.784271	-1.954196	-1.954196	0.293731	-0.784271	-0.784271	-0.784271	-0.146841	-0.146841	-1.954196
S	1.505235	0.630766	-1.954196	-0.146841	0.630766	-0.146841	-0.146841	0.630766	0.630766	1.133267	1.660514	-1.954196
T	-1.954196	1.505235	-0.784271	-0.146841	0.293731	0.903785	0.630766	-0.146841	0.903785	1.133267	1.505235	-1.954196
V	-0.784271	1.331206	-0.146841	-1.954196	0.293731	-1.954196	0.293731	-1.954196	0.630766	0.293731	1.133267	-1.954196
W	-1.954196	-1.954196	-0.784271	-1.954196	-1.954196	-1.954196	-1.954196	-0.784271	-0.784271	-0.784271	-1.954196	-1.954196
Y	2.521537	-1.954196	1.133267	-0.784271	-0.784271	-0.784271	-0.784271	-1.954196	-1.954196	-0.784271	-0.784271	3.358687
