A	-1.247928	2.506960	-0.078003	-0.078003	-1.247928	0.559427	1.000000	-0.078003	0.559427	0.559427	-1.247928	-0.078003	-1.247928
C	-1.247928	-1.247928	-1.247928	-1.247928	-1.247928	-1.247928	-1.247928	-1.247928	-1.247928	-1.247928	-1.247928	-1.247928	-1.247928
D	-1.247928	-1.247928	1.610053	1.000000	-1.247928	-1.247928	-1.247928	1.000000	-0.078003	-0.078003	0.559427	-1.247928	-1.247928
E	-1.247928	-1.247928	-0.078003	1.839535	-0.078003	0.559427	-1.247928	-1.247928	-1.247928	1.000000	-1.247928	1.337035	-1.247928
F	2.037475	-1.247928	-0.078003	-0.078003	-1.247928	-1.247928	-0.078003	-1.247928	0.559427	-1.247928	-0.078003	-1.247928	2.211504
G	-1.247928	-0.078003	0.559427	-0.078003	2.037475	0.559427	-1.247928	0.559427	1.000000	0.559427	1.000000	0.559427	-1.247928
H	-1.247928	-1.247928	-1.247928	-0.078003	1.000000	-1.247928	1.000000	-1.247928	-1.247928	-1.247928	-1.247928	-1.247928	-1.247928
I	1.839535	-1.247928	0.559427	-1.247928	-1.247928	0.559427	0.559427	-1.247928	-1.247928	-0.078003	0.559427	-1.247928	-1.247928
K	-0.078003	-1.247928	-1.247928	-1.247928	-1.247928	-1.247928	-0.078003	0.559427	0.559427	-1.247928	-1.247928	-0.078003	-1.247928
L	-1.247928	-1.247928	-1.247928	-1.247928	0.559427	1.000000	-0.078003	0.559427	-1.247928	-1.247928	1.337035	-0.078003	-0.078003
M	-1.247928	-1.247928	-1.247928	-1.247928	-1.247928	-1.247928	-1.247928	-1.247928	-1.247928	-1.247928	-1.247928	-1.247928	-1.247928
N	-1.247928	-1.247928	-0.078003	-1.247928	-1.247928	1.000000	-0.078003	-0.078003	-0.078003	-0.078003	1.000000	-1.247928	-1.247928
P	-1.247928	-0.078003	-1.247928	1.610053	1.337035	1.337035	-0.078003	1.839535	1.839535	0.559427	-1.247928	-1.247928	-1.247928
Q	-1.247928	0.559427	-0.078003	-0.078003	-0.078003	-0.078003	-1.247928	-0.078003	-1.247928	-0.078003	-0.078003	0.559427	-1.247928
R	-0.078003	-1.247928	-1.247928	-0.078003	-0.078003	-0.078003	-1.247928	-1.247928	-1.247928	-0.078003	-1.247928	-1.247928	-1.247928
S	-0.078003	1.839535	-0.078003	-0.078003	1.000000	-0.078003	1.337035	0.559427	0.559427	1.337035	-0.078003	2.037475	-1.247928
T	-1.247928	0.559427	-1.247928	-1.247928	-1.247928	-1.247928	-0.078003	-0.078003	-1.247928	1.000000	-0.078003	1.000000	-1.247928
V	-1.247928	-1.247928	1.337035	-0.078003	-1.247928	-0.078003	-1.247928	-0.078003	-1.247928	-0.078003	1.000000	-0.078003	-1.247928
W	-1.247928	-1.247928	-1.247928	-1.247928	-1.247928	-1.247928	-1.247928	-1.247928	0.559427	-1.247928	-1.247928	-1.247928	-1.247928
Y	1.839535	-1.247928	1.000000	-1.247928	-1.247928	-1.247928	1.337035	-1.247928	-0.078003	-1.247928	-0.078003	-1.247928	2.860597
