A	0.257229	2.336455	1.110387	0.314260	0.421974	0.314260	0.902945	-4.696968
C	-4.696968	-4.696968	-4.696968	-4.696968	-4.696968	-3.527043	-4.696968	-4.696968
D	-4.696968	-3.527043	0.615915	0.071217	-2.889613	-0.942080	-2.112005	-4.696968
E	-1.838987	-4.696968	-0.696968	0.314260	-2.889613	-1.082258	1.925084	-4.696968
F	2.429737	-2.449040	0.703912	-0.814324	-0.588443	-0.814324	-1.411565	1.750116
G	-3.527043	-0.942080	0.257229	-0.067611	1.642882	-1.237536	-2.449040	-4.696968
H	-0.487514	-4.696968	0.135922	-0.814324	-0.304650	0.522201	-1.609505	-4.696968
I	0.369122	-0.221234	0.071217	0.421974	1.347427	0.703912	-0.487514	-2.889613
K	-2.112005	-2.889613	0.745976	0.421974	-0.304650	-1.237536	-0.067611	-4.696968
L	0.472957	-1.411565	-0.142379	1.110387	-0.221234	1.233770	0.472957	2.565127
M	-0.393187	-1.838987	-1.082258	-2.449040	-2.112005	-1.838987	-2.112005	-0.142379
N	-2.889613	-4.696968	0.314260	-1.237536	-0.814324	-0.487514	-1.411565	-4.696968
P	-4.696968	0.314260	-0.221234	1.401065	1.044499	0.135922	-3.527043	-4.696968
Q	-2.112005	1.906659	-0.814324	-0.696968	-0.942080	0.472957	0.071217	-4.696968
R	-1.838987	-2.449040	-0.814324	-0.487514	-0.487514	-0.067611	-0.814324	-4.696968
S	0.135922	1.906659	0.071217	0.135922	0.745976	1.203899	0.865275	-4.696968
T	-1.082258	0.902945	-0.393187	0.135922	0.472957	1.010392	1.233770	-4.696968
V	0.786848	0.522201	0.003472	1.233770	1.173397	0.569819	1.708174	-4.696968
W	-2.112005	-4.696968	-2.889613	-3.527043	-3.527043	-2.449040	-4.696968	-4.696968
Y	2.129581	-3.527043	0.522201	-1.838987	-4.696968	-1.237536	-1.609505	3.185676
