A	0.724671	1.577142	1.166197	0.239063	0.437328	0.398091	0.279722	1.169530	-4.436220
C	-8.911954	-8.911954	-7.104599	-8.911954	-8.911954	-8.911954	-6.664026	-7.104599	-8.911954
D	-2.687952	-7.742029	0.956483	1.283111	-0.264495	-0.836475	-1.382523	-1.649859	-8.911954
E	-1.462805	-2.813922	-0.696421	1.331518	0.092267	-0.446387	0.403762	1.250438	-8.911954
F	1.515621	-1.603615	0.840009	-0.984176	-0.139639	0.177497	-0.696421	-0.849908	2.130048
G	-0.764749	-1.709830	-1.661655	0.854575	0.699532	0.810427	-1.547819	-0.660471	-8.911954
H	-0.416099	-2.840491	-0.890974	-1.824491	-0.371826	-1.014108	-0.273518	-0.947613	-3.511074
I	0.664531	0.334193	0.977550	-0.745791	0.591872	0.885303	0.616500	-1.343998	-2.235997
K	-0.202870	-5.157066	0.099274	-0.164600	-0.177244	-0.771124	-1.157066	-0.067248	-5.452522
L	0.683304	1.862010	0.177497	0.116643	0.687959	0.799713	1.398375	0.210227	2.374893
M	-0.696421	-0.503624	-0.451498	-2.326991	-2.133877	-1.547819	-0.890974	-1.626551	-0.347804
N	-0.954852	-5.029311	-0.090977	-0.591153	-0.357365	-0.552204	-0.684338	-1.036972	-8.911954
P	-6.326991	1.422320	-1.068033	1.622836	0.722404	0.357757	0.081692	-2.404159	-8.911954
Q	-0.696421	1.639755	-0.836475	-0.202870	-0.514279	-0.305548	0.386682	0.348966	-8.911954
R	-0.094970	-4.357365	-0.514279	-0.969439	-0.278050	-0.733289	-0.771124	-0.654566	-7.742029
S	0.810427	0.420642	0.409411	0.538742	0.536163	0.829513	0.939014	1.589635	-8.911954
T	0.346023	0.074599	-0.696421	-0.357365	0.245393	0.821062	0.810427	1.177828	-7.742029
V	0.699532	1.020630	0.566816	-0.357365	0.985135	1.090861	1.204065	0.950684	-0.702500
W	-3.041589	-7.104599	-2.253742	-3.511074	-2.867560	-4.702500	-2.762207	-5.626551	-3.900726
Y	1.071396	-2.640491	0.412227	-1.864830	-0.991601	-1.306474	-1.216725	-0.514279	3.099885
