A	-0.478732	-4.233620	-0.233620	-0.618910	0.158698	-0.233620	0.466820	0.242114	-1.146157	-4.233620
C	-4.233620	-4.233620	-4.233620	-3.063695	-4.233620	-4.233620	-3.063695	-4.233620	-4.233620	-4.233620
D	-4.233620	-4.233620	-0.774188	1.605584	-0.478732	-0.024166	-0.233620	-1.648657	-3.063695	-4.233620
E	-1.648657	-4.233620	-4.233620	1.033167	-1.985692	-0.618910	0.070161	0.395737	-0.350977	-4.233620
F	-1.146157	2.700071	0.534565	-1.146157	-0.233620	-1.146157	-0.618910	0.070161	-0.125095	3.828426
G	-1.648657	-4.233620	-0.774188	-0.774188	0.599270	0.661198	1.541167	-1.146157	-1.146157	-4.233620
H	-0.948217	-3.063695	0.070161	-0.350977	-0.618910	-0.774188	-0.774188	0.158698	-0.618910	-4.233620
I	1.209324	-4.233620	1.605584	-1.146157	0.320969	0.599270	-0.618910	-0.125095	-1.146157	-0.024166
K	1.328623	-4.233620	-0.233620	0.466820	-0.024166	-0.024166	0.777608	-1.985692	0.720577	-4.233620
L	0.158698	-0.233620	1.837843	-2.426265	-0.024166	0.466820	0.070161	1.916127	1.507847	1.366293
M	-1.146157	-1.648657	0.242114	-3.063695	-1.985692	-1.146157	-0.948217	-1.146157	-1.375639	-3.063695
N	-0.024166	-4.233620	0.158698	0.242114	-0.024166	-0.125095	0.158698	0.242114	-0.618910	-4.233620
P	-0.948217	-4.233620	0.885321	1.726382	2.014308	0.985549	1.289942	0.661198	-2.426265	-4.233620
Q	-1.146157	-4.233620	-2.426265	-0.478732	-0.350977	0.395737	-0.618910	0.158698	-0.125095	-4.233620
R	1.473739	-4.233620	-1.146157	-0.948217	-0.233620	-0.618910	-0.125095	-1.985692	0.466820	-4.233620
S	0.320969	-4.233620	-0.233620	0.070161	0.158698	0.395737	0.070161	-0.618910	0.777608	-4.233620
T	-0.948217	-4.233620	0.158698	1.167260	-0.478732	1.079263	-0.125095	0.599270	1.541167	-4.233620
V	1.697118	-4.233620	-0.948217	-0.478732	1.167260	0.661198	-0.774188	0.936305	0.985549	-4.233620
W	-4.233620	0.599270	-1.648657	-3.063695	-3.063695	-1.648657	-4.233620	-1.648657	-4.233620	0.242114
Y	0.466820	3.315202	-1.648657	-1.648657	-0.948217	-1.648657	-0.350977	-0.774188	0.534565	-2.426265
