A	0.134450	-3.748193	-1.940838	0.006695	0.727541	0.806396	0.881164	0.134450	0.360332	-0.660730	-2.578268
C	-3.748193	-3.748193	-2.578268	-3.748193	-2.578268	-2.578268	-3.748193	-2.578268	-3.748193	-3.748193	-3.748193
D	-1.940838	-3.748193	-1.940838	1.317896	0.006695	0.360332	-0.288761	0.251807	-3.748193	-2.578268	-3.748193
E	-0.660730	-3.748193	-3.748193	0.644125	0.006695	-0.462791	0.806396	-0.660730	-1.163230	-0.462791	-3.748193
F	-1.163230	2.698890	0.134450	-1.163230	-2.578268	-1.500265	-0.462791	0.461261	0.360332	0.251807	3.800629
G	-1.163230	-3.748193	-3.748193	-0.660730	-0.288761	0.727541	0.644125	0.555588	-1.163230	-0.660730	-3.748193
H	-1.500265	-3.748193	-0.133483	-0.462791	-0.462791	-0.660730	-0.660730	-0.890212	-0.288761	0.006695	-3.748193
I	0.952247	-3.748193	1.609359	-1.940838	0.006695	-0.133483	-0.288761	0.461261	0.006695	-0.660730	-0.890212
K	1.084697	-3.748193	-0.890212	-0.133483	0.360332	-0.288761	0.806396	-0.288761	-1.163230	0.727541	-3.748193
L	-1.500265	-0.660730	1.993274	-1.940838	-0.462791	-0.462791	-0.462791	1.084697	2.678072	1.518594	1.470976
M	-2.578268	-1.940838	-0.133483	-2.578268	-1.940838	-1.940838	-1.940838	-1.940838	-0.660730	-1.163230	-1.940838
N	-0.288761	-3.748193	-1.163230	0.644125	0.006695	0.881164	0.881164	0.461261	-0.660730	-0.462791	-3.748193
P	-0.288761	-3.748193	0.952247	2.182544	1.652687	0.806396	0.134450	0.006695	-0.660730	-3.748193	-3.748193
Q	-1.500265	-3.748193	-0.462791	0.006695	0.006695	-0.890212	0.644125	0.006695	0.251807	1.019991	-3.748193
R	1.263034	-3.748193	-0.890212	-1.163230	-0.890212	-1.163230	-0.890212	-0.288761	-0.890212	0.360332	-3.748193
S	0.006695	-3.748193	1.263034	1.084697	1.146625	1.564690	0.644125	0.461261	-0.890212	-0.288761	-3.748193
T	0.644125	-3.748193	-0.288761	0.134450	-0.660730	0.644125	0.134450	0.134450	-0.288761	1.019991	-3.748193
V	1.851720	-2.578268	0.006695	-1.163230	0.952247	0.134450	-0.288761	0.806396	0.727541	1.206003	-3.748193
W	-3.748193	0.461261	-2.578268	-2.578268	-3.748193	-2.578268	-2.578268	-3.748193	-3.748193	-3.748193	0.251807
Y	0.555588	3.325949	-0.660730	-3.748193	-0.660730	-1.500265	-1.500265	-1.163230	0.006695	-0.660730	-2.578268
