A	0.440573	-1.807355	-0.637430	-0.637430	0.777608	-0.637430	1.478047	0.440573	0.000000	-0.637430	0.000000	-1.807355
C	-1.807355	-1.807355	-1.807355	-1.807355	-1.807355	-1.807355	-1.807355	-1.807355	-1.807355	-1.807355	-1.807355	-1.807355
D	-1.807355	-1.807355	-1.807355	2.747234	0.440573	1.280108	0.000000	-0.637430	-1.807355	-1.807355	-0.637430	-1.807355
E	-1.807355	-1.807355	-0.637430	0.440573	-1.807355	0.440573	0.000000	0.000000	-0.637430	0.777608	-1.807355	-1.807355
F	-0.637430	2.496426	1.050626	-1.807355	-0.637430	-1.807355	-1.807355	0.000000	-0.637430	0.440573	-0.637430	3.459432
G	-0.637430	-1.807355	-0.637430	-1.807355	-0.637430	1.050626	1.050626	1.280108	0.000000	0.000000	-0.637430	-1.807355
H	-1.807355	-1.807355	0.440573	-1.807355	-0.637430	-0.637430	-0.637430	-1.807355	0.000000	-0.637430	0.000000	-1.807355
I	1.050626	-1.807355	1.280108	-0.637430	-1.807355	-0.637430	-1.807355	0.000000	0.440573	0.777608	-1.807355	-1.807355
K	0.440573	-1.807355	-0.637430	-0.637430	-0.637430	-0.637430	0.000000	0.777608	1.652077	-0.637430	0.000000	-1.807355
L	-1.807355	-0.000000	2.075288	-0.637430	-1.807355	-0.637430	0.440573	0.000000	0.000000	2.075288	2.192645	1.280108
M	-1.807355	-1.807355	0.000000	-1.807355	-1.807355	-1.807355	-1.807355	-1.807355	-1.807355	0.000000	-1.807355	-1.807355
N	-0.637430	-1.807355	-1.807355	0.777608	-1.807355	0.440573	1.050626	0.000000	0.000000	-1.807355	-0.637430	-1.807355
P	-0.637430	-1.807355	0.440573	1.478047	1.478047	0.440573	0.000000	0.440573	1.050626	-0.637430	-1.807355	-1.807355
Q	-0.637430	-1.807355	-0.637430	-1.807355	0.440573	0.440573	-1.807355	0.440573	-0.637430	0.000000	-0.637430	-1.807355
R	1.478047	-1.807355	-0.637430	0.000000	-0.637430	1.280108	-0.637430	0.000000	-0.637430	-0.637430	0.440573	-1.807355
S	0.000000	-1.807355	-1.807355	-1.807355	0.440573	-0.637430	1.050626	0.000000	-0.637430	-1.807355	0.000000	-1.807355
T	0.440573	-1.807355	-1.807355	-0.637430	1.280108	0.777608	0.777608	0.000000	1.050626	0.000000	1.478047	-1.807355
V	1.652077	-0.637430	-0.637430	-0.637430	0.440573	-1.807355	-0.637430	0.777608	0.777608	0.440573	0.000000	-1.807355
W	-1.807355	-0.000000	-0.637430	-1.807355	-0.637430	-0.637430	-1.807355	-1.807355	-1.807355	-1.807355	-1.807355	0.777608
Y	0.777608	2.893085	0.000000	-1.807355	1.050626	-1.807355	-1.807355	-1.807355	-1.807355	0.000000	0.440573	-1.807355
