A	-1.000000	-1.000000	0.169925	-1.000000	-1.000000	-1.000000	-1.000000	0.169925	0.807355	1.247928	-1.000000	0.169925	-1.000000
C	-1.000000	-1.000000	-1.000000	-1.000000	-1.000000	-1.000000	-1.000000	-1.000000	-1.000000	-1.000000	-1.000000	-1.000000	-1.000000
D	-1.000000	-1.000000	-1.000000	0.169925	-1.000000	0.169925	1.247928	-1.000000	0.169925	-1.000000	-1.000000	-1.000000	-1.000000
E	-1.000000	-1.000000	-1.000000	1.247928	-1.000000	0.169925	-1.000000	0.169925	-1.000000	1.247928	-1.000000	-1.000000	-1.000000
F	0.169925	1.857981	-1.000000	-1.000000	-1.000000	-1.000000	-1.000000	-1.000000	-1.000000	0.807355	0.169925	1.247928	3.108524
G	-1.000000	-1.000000	-1.000000	0.169925	0.169925	0.169925	-1.000000	1.584963	0.807355	-1.000000	0.807355	-1.000000	-1.000000
H	-1.000000	-1.000000	0.169925	-1.000000	-1.000000	0.169925	0.807355	0.169925	1.247928	-1.000000	-1.000000	-1.000000	-1.000000
I	1.584963	-1.000000	1.584963	-1.000000	-1.000000	-1.000000	0.169925	-1.000000	-1.000000	0.169925	-1.000000	-1.000000	-1.000000
K	1.247928	-1.000000	-1.000000	-1.000000	-1.000000	-1.000000	0.807355	-1.000000	1.247928	0.807355	-1.000000	0.807355	-1.000000
L	-1.000000	0.169925	2.087463	0.169925	-1.000000	0.807355	-1.000000	-1.000000	0.169925	0.169925	2.285402	1.247928	0.807355
M	-1.000000	-1.000000	0.169925	0.169925	-1.000000	-1.000000	-1.000000	0.807355	-1.000000	-1.000000	-1.000000	0.169925	-1.000000
N	0.169925	-1.000000	-1.000000	0.807355	0.169925	1.247928	0.169925	0.169925	0.169925	-1.000000	-1.000000	-1.000000	-1.000000
P	-1.000000	-1.000000	0.169925	2.087463	1.584963	0.169925	0.169925	-1.000000	0.169925	-1.000000	-1.000000	-1.000000	-1.000000
Q	-1.000000	-1.000000	-1.000000	-1.000000	1.247928	-1.000000	0.807355	0.807355	-1.000000	-1.000000	-1.000000	-1.000000	-1.000000
R	-1.000000	-1.000000	-1.000000	-1.000000	0.169925	0.169925	0.169925	-1.000000	0.169925	-1.000000	0.807355	1.247928	-1.000000
S	1.247928	-1.000000	-1.000000	-1.000000	0.807355	1.247928	-1.000000	0.807355	-1.000000	0.807355	0.169925	0.169925	-1.000000
T	0.169925	-1.000000	-1.000000	-1.000000	0.807355	-1.000000	-1.000000	0.169925	0.169925	-1.000000	0.169925	0.169925	-1.000000
V	0.807355	-1.000000	-1.000000	0.169925	-1.000000	0.169925	1.247928	0.169925	-1.000000	0.807355	-1.000000	0.169925	-1.000000
W	-1.000000	-1.000000	-1.000000	-1.000000	-1.000000	-1.000000	-1.000000	-1.000000	-1.000000	-1.000000	-1.000000	-1.000000	0.169925
Y	0.169925	2.754888	0.807355	-1.000000	0.807355	0.169925	-1.000000	-1.000000	-1.000000	-1.000000	0.807355	-1.000000	-1.000000
