A	0.228624	-4.918863	-0.347321	0.035333	-0.218424	0.337477	0.228624	-0.775905	-6.088788
C	-6.088788	-6.088788	-6.088788	-6.088788	-6.088788	-4.918863	-6.088788	-3.840861	-6.088788
D	-4.281433	-6.088788	-1.022699	1.208128	-0.526546	-2.206145	-0.869620	-3.230807	-6.088788
E	-0.604972	-4.918863	-1.459432	1.050763	-0.565226	-2.474078	0.551457	0.399052	-6.088788
F	-0.918863	2.798432	-0.604972	-1.077561	-0.044394	1.318480	0.477266	-0.526546	3.415037
G	-2.803386	-4.918863	-0.969847	-0.249584	-0.158051	0.159139	-3.230807	-1.879335	-6.088788
H	-1.193970	-6.088788	0.060959	-0.158051	0.294916	0.830075	0.902734	0.182675	-6.088788
I	1.101036	-4.281433	1.411058	-0.822002	0.587169	-0.488875	-0.381429	-1.134592	1.307817
K	1.101036	-6.088788	0.060959	0.496174	0.944635	-0.731236	-1.320604	1.185007	-6.088788
L	0.438689	-0.565226	1.360360	0.110884	0.135213	0.316353	1.420987	1.632311	2.287337
M	-2.333901	-1.879335	-0.822002	-3.503826	-2.333901	-2.206145	-1.980264	-1.613055	-3.840861
N	-0.281433	-6.088788	-0.158051	0.110884	0.399052	-1.022699	0.551457	-0.416363	-6.088788
P	-0.249584	-4.918863	0.799955	1.731391	-0.218424	1.657726	0.930802	-4.281433	-6.088788
Q	-0.565226	-6.088788	0.009244	-0.526546	-0.044394	-0.017326	0.205833	0.205833	-6.088788
R	1.011874	-6.088788	-1.980264	-0.969847	-0.218424	-0.314001	-2.088788	0.438689	-6.088788
S	0.337477	-4.281433	0.419006	0.496174	0.228624	0.378817	-0.071980	0.009244	-6.088788
T	0.228624	-3.840861	1.101036	0.159139	0.458106	0.294916	-0.969847	1.525922	-6.088788
V	1.553263	-4.281433	0.533264	-0.775905	1.297074	0.622018	0.337477	0.639132	-3.230807
W	-6.088788	-0.918863	-3.001325	-2.803386	-2.474078	-3.001325	-1.696471	-4.281433	0.639132
Y	0.496174	3.473454	-1.534199	-1.459432	-0.416363	-0.969847	0.622018	-0.218424	-4.281433
