A	-7.394384 0.364270 1.781645 1.022503 0.775415 2.584342 1.311410 0.744347 1.948107
C	-7.451606 -7.432759 -1.226861 -3.913121 -7.451930 -3.034962 -2.880047 -7.451904 -4.169836
D	-4.555314 -3.055188 -2.942893 -1.588799 -0.004054 -0.170144 -0.800164 -1.224769 -3.243354
E	-7.431005 0.846115 -1.438464 0.790772 -0.285502 -0.013995 1.317709 0.817297 -1.696948
F	2.341143 -2.463782 -0.164438 -1.066548 -3.963392 -7.426720 -1.475768 -2.026099 -3.587141
G	-6.822048 -2.874438 -0.199411 -3.790164 -1.132160 1.380353 -1.200435 -0.060412 -0.346004
H	-7.436348 0.193590 -0.763332 -1.630492 -0.663200 -2.713340 0.355095 -0.859960 -7.440612
I	1.962164 1.230117 1.026503 0.988630 -0.747018 -2.917856 -0.034237 -0.951390 1.194793
K	-2.176825 1.450359 -0.255925 -6.993422 1.433761 -0.978879 -0.525339 1.142806 -7.366624
L	0.850044 -0.092423 0.086713 2.647554 -0.645151 -6.826079 0.596962 0.724350 1.965226
M	-1.694826 -7.414298 -1.202353 0.691959 -1.704959 -3.955018 -3.029566 -2.415168 -0.315695
N	-6.962916 -0.668442 -1.336632 0.468175 0.665194 -1.764984 0.903706 -0.991180 -2.941057
P	-7.110987 -7.441435 -0.994413 -7.428672 0.002070 1.334431 0.640099 1.199424 -4.862723
Q	-3.237502 -0.105917 -0.271026 -0.812577 0.314817 -3.231953 0.557301 0.600424 -2.222377
R	-5.872702 1.688118 -0.830763 -5.970231 0.775748 0.149852 -0.579952 0.853893 0.567267
S	-3.982417 -0.554142 1.590607 -1.294647 0.938996 1.540970 -0.605301 0.012449 -0.516764
T	-7.271221 0.188310 -0.186209 -2.507550 1.315613 -0.166606 -1.246560 -0.132515 -1.252336
V	-0.059648 1.047315 0.282452 0.980046 -0.129500 -0.550634 0.928107 0.377752 2.131366
W	0.046522 -2.438149 -3.962515 -1.345696 -3.959168 -7.448398 -3.060390 -3.017852 -3.830689
Y	2.684581 -1.161156 0.538314 -2.561569 -2.818276 -7.450153 -1.921390 -1.548025 -1.467071
