A	-2.851892 0.750879 1.152015 0.359406 0.108298 0.647460 0.989754 0.635151 1.334454
C	-8.747822 -3.298548 -2.709194 -4.238545 -4.170953 -4.829191 -2.657837 -4.085099 -0.840929
D	-6.985492 -0.846926 -0.679841 0.693495 0.319787 -3.154570 -1.053009 -0.101350 -0.068807
E	-3.105050 0.687874 -0.943677 2.330449 0.529983 -3.890624 1.475718 1.046770 -0.886006
F	2.631295 -0.498627 0.101064 -2.335567 -1.058972 3.053827 -3.522032 -3.117322 -1.516421
G	-4.946465 -1.239069 0.900649 -0.673384 -1.371997 -2.612249 -1.221233 -1.301600 -1.295985
H	-2.506159 -0.339400 -0.624581 -1.164852 -0.584635 -2.245109 -0.669313 -0.842801 -2.139236
I	1.290283 0.678670 -0.045857 -0.235613 -1.207768 -0.520488 -0.356691 -0.908199 0.985084
K	-5.605757 0.484563 -1.395959 0.167021 1.438974 -5.695744 -0.038326 1.249652 -4.910944
L	2.158247 0.894508 -0.523492 0.052928 0.963609 1.011181 2.179218 0.100504 1.374478
M	-0.580988 -1.947773 -1.558831 -1.954143 -1.602517 -1.240698 -2.395276 -1.949555 -1.238361
N	-6.696649 -0.721397 -0.681525 -0.447851 -0.083881 -2.419717 0.714987 -0.003394 0.316723
P	-7.720782 -5.378467 -0.616415 -3.060474 0.486037 -1.307459 -2.469576 0.293425 -2.681487
Q	-2.992566 0.165468 -0.554193 -0.364727 0.217965 -3.101925 0.806268 0.179279 -2.302610
R	-3.082437 0.630959 -1.796691 -2.380111 0.345312 -4.805275 -0.599480 1.136953 -3.895223
S	-5.938756 0.053920 1.458340 0.802021 0.423785 -0.466524 -0.268132 0.570548 1.014912
T	-3.463505 0.231946 0.086115 1.230474 0.699036 -0.453016 -1.607080 0.316398 0.553201
V	0.140865 1.262565 0.809051 0.520403 -0.380176 -0.002998 0.551421 0.439585 1.985799
W	-0.463143 -2.023856 -0.766858 -3.759274 -4.584169 -0.402565 -5.331540 -4.132150 -5.334203
Y	1.823440 -0.233498 1.080617 -4.089184 -0.588357 1.282807 -3.408944 -1.428543 -1.903425
