A	-3.509313 0.893062 0.855977 0.591865 0.267325 -1.741474 0.978390 0.486132 -2.440807
C	-9.657030 -6.147893 -5.218601 -9.663324 -6.027075 -9.250641 -2.599352 -9.663965 -9.663483
D	-5.269624 -0.276027 -0.509791 1.029545 0.848404 -5.847759 -0.488062 0.233677 2.999762
E	-2.177803 1.507871 0.184372 2.349263 1.194327 -1.690237 1.637555 1.663809 3.398632
F	-1.039672 -0.762275 0.484610 -3.359994 -0.424273 3.047221 -2.940913 -1.856654 -3.574223
G	-7.884977 -1.552343 0.405666 -1.231000 -1.051561 -4.647287 -1.458687 -0.788370 -4.992366
H	-2.367016 -1.793507 -1.935735 -2.606298 -1.173554 -5.250111 -4.544305 -2.360263 -2.399930
I	-1.470457 0.087362 0.701774 0.855923 0.025862 0.018703 0.271416 -0.708066 -8.030181
K	3.724984 0.871880 -1.313047 -3.463950 0.719346 -4.365045 -1.185094 1.223212 -3.989379
L	-0.445044 1.113140 1.209665 -0.413730 1.288737 1.825940 2.401630 0.619556 -2.825654
M	-2.489958 -1.257590 -0.840107 -2.749931 -1.395951 -0.113714 -1.477647 -1.895846 -3.984530
N	-6.592066 -0.611240 -1.112780 -1.234615 -0.932907 -4.673812 -0.155171 -0.336176 -4.094330
P	-9.545109 -3.215636 -0.682525 -0.120137 -0.146008 -1.766416 -1.934158 -0.200478 -5.891493
Q	-2.637833 0.051244 -0.408757 -0.886150 0.449710 -2.751143 -0.063985 0.484367 -2.607854
R	1.833433 0.616427 -2.254400 -5.266844 -0.337619 -5.744715 -2.186433 0.581384 -7.764671
S	-5.264036 -0.425780 0.369881 1.157807 -0.046683 -2.851757 0.126447 0.515809 -2.649405
T	-3.408037 0.148169 -0.218548 1.042896 0.075853 -2.643548 -0.447147 0.214222 -5.019840
V	-2.019369 0.657380 1.145560 0.660509 0.307016 -0.425416 0.961117 -0.112153 -2.966131
W	-4.767502 -3.458025 -0.668359 -6.222793 -3.162190 0.730100 -4.501887 -3.555657 -5.150168
Y	-1.542979 -0.130012 0.482584 -3.849108 -0.791108 1.205580 -4.022665 -1.765249 -3.270695
