A	-2.022368	-0.852443	-0.215013	1.065095	-2.022368	0.562595	1.437064	0.835613	0.225560	-2.022368
C	-2.022368	-2.022368	-2.022368	-2.022368	-2.022368	-2.022368	-2.022368	-2.022368	-2.022368	-2.022368
D	-2.022368	-2.022368	-0.852443	0.225560	-0.215013	-0.852443	-2.022368	-2.022368	-0.852443	-2.022368
E	-0.852443	-2.022368	-2.022368	0.562595	-0.215013	0.225560	-0.852443	-0.852443	0.835613	-2.022368
F	-2.022368	1.263034	0.562595	-2.022368	-0.852443	-0.215013	-0.852443	-0.852443	-0.852443	0.225560
G	-0.852443	-0.852443	-0.852443	0.835613	1.437064	0.835613	1.263034	-2.022368	-0.852443	-2.022368
H	-0.852443	-0.215013	-2.022368	-2.022368	-0.852443	-0.852443	-2.022368	-2.022368	-2.022368	-2.022368
I	-2.022368	1.065095	-0.215013	-2.022368	0.225560	-0.852443	0.562595	0.835613	0.225560	-2.022368
K	2.988859	-2.022368	-2.022368	0.562595	-0.215013	0.835613	0.562595	-2.022368	0.562595	-2.022368
L	-2.022368	2.086157	-0.852443	-2.022368	1.592342	0.562595	-0.215013	1.977632	2.086157	3.752419
M	-2.022368	0.225560	-2.022368	-2.022368	-0.852443	-2.022368	-2.022368	-0.215013	-0.852443	-0.215013
N	-2.022368	-2.022368	-2.022368	-0.215013	0.225560	-0.852443	0.225560	-0.852443	-0.852443	-2.022368
P	-0.852443	-2.022368	3.244419	2.086157	1.065095	1.263034	1.592342	0.225560	-2.022368	-2.022368
Q	-0.852443	-0.852443	-0.852443	-0.215013	-0.215013	-0.215013	-2.022368	0.225560	-0.215013	-2.022368
R	2.086157	0.835613	-0.215013	-2.022368	-0.852443	0.225560	0.225560	-2.022368	-0.215013	-2.022368
S	0.562595	-0.852443	-0.215013	0.562595	0.225560	0.225560	-0.852443	-0.852443	1.065095	-2.022368
T	-0.215013	-0.215013	-2.022368	-0.852443	-0.215013	-0.215013	-0.215013	-0.215013	-0.852443	-2.022368
V	-2.022368	-0.215013	-0.852443	0.562595	-0.215013	0.562595	0.562595	1.977632	0.562595	-0.852443
W	-2.022368	-2.022368	-0.852443	-2.022368	-2.022368	-0.852443	-2.022368	-2.022368	-2.022368	-2.022368
Y	-2.022368	0.835613	-0.852443	-0.852443	-0.852443	-2.022368	-2.022368	-0.852443	-0.852443	-2.022368
