A	-1.044394	-1.044394	0.125531	0.762961	0.125531	0.125531	0.125531	0.762961	-1.044394	0.762961	-1.044394
C	-1.044394	-1.044394	-1.044394	-1.044394	-1.044394	-1.044394	-1.044394	-1.044394	-1.044394	-1.044394	-1.044394
D	-1.044394	-1.044394	-1.044394	-1.044394	-1.044394	1.203533	0.125531	-1.044394	-1.044394	-1.044394	-1.044394
E	-1.044394	-1.044394	-1.044394	-1.044394	0.125531	0.762961	0.762961	0.125531	-1.044394	0.762961	-1.044394
F	-1.044394	1.540568	-1.044394	-1.044394	-1.044394	-1.044394	0.125531	0.125531	-1.044394	-1.044394	1.203533
G	-1.044394	0.125531	-1.044394	0.762961	0.125531	-1.044394	0.125531	0.125531	-1.044394	-1.044394	-1.044394
H	-1.044394	-1.044394	-1.044394	0.125531	-1.044394	-1.044394	-1.044394	-1.044394	-1.044394	0.125531	-1.044394
I	-1.044394	1.203533	-1.044394	-1.044394	-1.044394	-1.044394	0.125531	-1.044394	1.203533	-1.044394	-1.044394
K	2.955606	-1.044394	-1.044394	-1.044394	1.203533	1.203533	0.125531	0.762961	-1.044394	0.762961	-1.044394
L	-1.044394	1.813587	-1.044394	-1.044394	0.125531	0.125531	0.762961	-1.044394	1.203533	1.540568	3.165059
M	-1.044394	0.125531	-1.044394	-1.044394	-1.044394	0.125531	-1.044394	-1.044394	-1.044394	-1.044394	-1.044394
N	-1.044394	-1.044394	-1.044394	-1.044394	0.125531	1.203533	-1.044394	0.125531	0.125531	-1.044394	-1.044394
P	-1.044394	0.125531	3.347923	0.762961	0.762961	0.762961	0.762961	1.203533	-1.044394	-1.044394	-1.044394
Q	-1.044394	-1.044394	-1.044394	0.125531	-1.044394	-1.044394	-1.044394	0.125531	0.125531	0.125531	-1.044394
R	1.813587	-1.044394	-1.044394	0.125531	0.125531	-1.044394	-1.044394	0.125531	0.125531	0.762961	-1.044394
S	-1.044394	0.762961	-1.044394	1.813587	1.203533	-1.044394	-1.044394	-1.044394	-1.044394	-1.044394	-1.044394
T	-1.044394	-1.044394	-1.044394	0.762961	1.203533	-1.044394	0.762961	-1.044394	0.125531	0.125531	-1.044394
V	-1.044394	-1.044394	-1.044394	0.125531	-1.044394	-1.044394	0.762961	-1.044394	1.813587	0.762961	-1.044394
W	-1.044394	-1.044394	-1.044394	-1.044394	-1.044394	-1.044394	-1.044394	-1.044394	-1.044394	-1.044394	-1.044394
Y	-1.044394	-1.044394	-1.044394	-1.044394	-1.044394	0.125531	0.125531	1.540568	0.762961	-1.044394	-1.044394
