A	-1.523562	-0.353637	-0.353637	-0.353637	-0.353637	0.283793	-1.523562	-1.523562
C	-1.523562	-1.523562	-1.523562	-1.523562	-1.523562	-1.523562	-1.523562	-1.523562
D	-1.523562	-1.523562	-1.523562	-0.353637	-0.353637	-1.523562	-1.523562	-1.523562
E	-1.523562	-1.523562	-1.523562	1.334419	-0.353637	-1.523562	-1.523562	-1.523562
F	-1.523562	1.061401	-1.523562	-0.353637	-1.523562	-0.353637	-1.523562	-1.523562
G	-0.353637	-1.523562	-1.523562	-0.353637	1.061401	-1.523562	-1.523562	-1.523562
H	0.283793	-1.523562	-1.523562	-1.523562	-1.523562	0.283793	-0.353637	-1.523562
I	0.724366	1.334419	0.283793	-0.353637	-1.523562	0.724366	-0.353637	-1.523562
K	2.476438	-1.523562	-1.523562	0.283793	-1.523562	-1.523562	0.724366	-1.523562
L	-1.523562	1.761840	-0.353637	-0.353637	-1.523562	2.091148	1.563901	3.743225
M	-1.523562	1.061401	-1.523562	-1.523562	-1.523562	-0.353637	-0.353637	-1.523562
N	-1.523562	-1.523562	-1.523562	-0.353637	-1.523562	-1.523562	0.283793	-1.523562
P	-1.523562	-1.523562	3.542527	1.761840	3.176878	-1.523562	-1.523562	-1.523562
Q	-0.353637	-0.353637	-1.523562	-1.523562	-1.523562	-1.523562	0.724366	-1.523562
R	2.359081	-0.353637	-1.523562	-0.353637	-1.523562	-1.523562	1.061401	-1.523562
S	-1.523562	0.724366	-1.523562	0.724366	-0.353637	-1.523562	0.724366	-1.523562
T	-1.523562	-0.353637	-1.523562	1.061401	-1.523562	-0.353637	0.283793	-1.523562
V	-1.523562	0.724366	-1.523562	-0.353637	0.283793	2.231326	1.061401	-1.523562
W	-1.523562	-1.523562	-1.523562	-1.523562	-1.523562	-0.353637	-1.523562	-1.523562
Y	-1.523562	-1.523562	-1.523562	-1.523562	-1.523562	-1.523562	-1.523562	-1.523562
