A	-1.095600	-0.963150	-0.054573	0.998376	-0.054573	1.166856	-0.529253	-0.483157	-5.796040
C	-5.796040	-4.626115	-4.626115	-3.988685	-4.626115	-5.796040	-4.626115	-4.626115	-5.796040
D	-4.626115	-5.796040	-2.938059	1.030509	0.378886	-4.626115	-5.796040	-0.729950	-5.796040
E	-5.796040	-4.626115	-3.988685	0.587665	0.998376	-3.211077	-3.548112	1.291423	-5.796040
F	-4.626115	0.609102	-3.548112	-1.687515	-0.677099	-0.272478	0.043164	-0.353096	-0.272478
G	-3.988685	-0.841843	-3.211077	0.192645	0.475423	0.043164	-3.988685	-1.796040	-5.796040
H	-0.576871	-1.241451	-3.548112	-0.626115	0.043164	-0.576871	-2.336608	-0.784812	-5.796040
I	-2.041152	2.146475	1.790800	-0.901222	-0.626115	-0.901222	1.790800	-0.088680	-1.796040
K	2.984500	-3.211077	-5.796040	1.330665	0.931881	1.579000	-3.548112	1.030509	-5.796040
L	-1.095600	1.809440	-2.041152	-0.395160	0.074325	-0.576871	2.175504	1.181240	4.160337
M	-1.796040	-0.123614	-3.548112	-2.708577	-1.241451	-2.708577	-1.403722	-1.403722	-1.166683
N	-3.988685	-2.041152	-1.913397	-0.353096	0.074325	-0.159415	-1.166683	-0.841843	-5.796040
P	-5.796040	-5.796040	3.479503	1.291423	-0.576871	1.077405	0.711755	-4.626115	-5.796040
Q	-0.784812	0.011315	-3.988685	-0.088680	0.475423	-1.027855	-1.796040	0.521373	-5.796040
R	2.709772	-0.626115	-4.626115	-0.529253	-0.123614	0.671566	-3.988685	0.427962	-5.796040
S	0.475423	0.731437	-0.841843	0.711755	0.711755	0.630225	-1.095600	0.134698	-5.796040
T	-1.166683	0.328082	-1.095600	-0.088680	0.192645	0.711755	0.134698	0.609102	-5.796040
V	-0.576871	1.223551	1.077405	-0.626115	-0.123614	0.134698	2.217981	1.137651	-1.796040
W	-5.796040	-3.988685	-5.796040	-4.626115	-2.336608	-2.336608	-2.336608	-2.938059	-5.796040
Y	-4.626115	-0.529253	-4.626115	-2.336608	-0.529253	0.192645	-0.784812	-0.784812	-5.796040
