A	-1.819873 0.889136 1.175429 -1.465508 0.572203 1.493155 0.099664 0.607494 -0.435000
C	-7.941862 -4.793113 -7.936473 -7.942664 -7.942870 -7.942898 -7.942898 -7.942898 -7.942898
D	-7.832977 -1.226834 -1.170621 -7.062129 0.024450 -1.509159 -2.337979 -0.206535 -1.064338
E	-4.460078 0.545539 -0.269460 -2.994542 0.388377 -0.335765 0.332874 -0.138445 -1.902173
F	-0.806821 -0.893116 -0.599165 -0.819440 -2.536195 -3.595414 -0.389496 -1.486449 1.934290
G	-7.683718 -1.749514 -0.090210 -4.299630 -0.119893 0.679496 0.553905 0.574363 -1.529989
H	-7.866253 -0.218155 -0.219095 -2.156743 -1.348486 -0.719001 -0.093032 -0.867631 -2.165998
I	2.771252 -0.374430 0.460745 0.809018 -0.722863 -0.772328 -0.682302 -0.592584 0.864675
K	-7.461713 1.454881 0.500939 -1.465396 1.657384 0.782880 1.721810 1.320011 -2.436740
L	2.618004 0.007356 0.779473 3.585684 -1.193998 -0.829624 0.863391 0.069611 0.645814
M	-0.660872 -2.941243 -1.304968 -0.055091 -2.552151 -1.994057 -3.416254 -2.534355 0.012400
N	-4.636819 -0.148612 -0.541731 -1.948842 0.194533 0.294717 0.379452 -0.061038 -2.240084
P	-2.193252 -4.456912 0.619537 -7.261390 0.999400 0.657713 0.443617 1.022616 -2.204818
Q	-7.711928 0.503536 0.070755 0.435405 0.530620 1.392471 0.450944 -0.186617 -0.746127
R	-7.889006 1.271127 -0.093211 -2.354466 0.859103 0.233287 1.145743 0.940768 -1.459830
S	-7.857320 0.678247 0.264291 -2.606629 0.236609 1.007210 -0.444031 0.815692 -2.461598
T	-7.885993 0.101615 0.433227 -2.423952 0.247269 0.138644 -0.879717 0.001050 -2.217565
V	2.346895 0.998261 0.571609 -0.158317 0.333524 -0.579676 -0.578133 -0.889653 1.391273
W	-3.388902 -4.705382 -2.225288 -7.926035 -7.942721 -7.942493 -7.941301 -4.262229 -2.549963
Y	-5.733966 -1.345352 -0.666929 -0.964686 -1.743975 -2.079722 -1.885681 -0.357969 2.310893
