A	0.719892	0.082462	1.770518	-1.087463	-1.087463	0.719892	-1.087463	0.719892	-1.087463	-1.087463
C	-1.087463	-1.087463	-1.087463	-1.087463	-1.087463	-1.087463	-1.087463	-1.087463	-1.087463	-1.087463
D	-1.087463	-1.087463	-1.087463	1.497500	1.160465	0.719892	-1.087463	-1.087463	-1.087463	-1.087463
E	-1.087463	-1.087463	-1.087463	0.719892	0.082462	-1.087463	-1.087463	0.719892	0.082462	-1.087463
F	0.082462	1.160465	0.719892	-1.087463	0.082462	-1.087463	-1.087463	-1.087463	-1.087463	3.388271
G	-1.087463	-1.087463	-1.087463	0.082462	1.497500	1.497500	0.082462	-1.087463	-1.087463	-1.087463
H	-1.087463	-1.087463	-1.087463	0.082462	0.082462	0.719892	-1.087463	-1.087463	0.082462	-1.087463
I	0.719892	-1.087463	0.719892	-1.087463	-1.087463	0.719892	0.082462	0.082462	-1.087463	-1.087463
K	0.719892	-1.087463	-1.087463	1.497500	-1.087463	-1.087463	0.719892	-1.087463	0.082462	-1.087463
L	-1.087463	0.082462	0.082462	-1.087463	-1.087463	0.082462	1.497500	-1.087463	0.082462	0.082462
M	-1.087463	-1.087463	0.082462	-1.087463	-1.087463	-1.087463	-1.087463	0.719892	-1.087463	-1.087463
N	-1.087463	0.082462	0.082462	-1.087463	0.082462	-1.087463	0.082462	-1.087463	-1.087463	-1.087463
P	0.082462	-1.087463	0.082462	0.082462	1.497500	0.082462	1.160465	-1.087463	-1.087463	-1.087463
Q	-1.087463	-1.087463	0.082462	-1.087463	-1.087463	0.719892	0.082462	1.497500	0.082462	-1.087463
R	0.082462	-1.087463	-1.087463	0.082462	-1.087463	-1.087463	-1.087463	-1.087463	0.082462	-1.087463
S	-1.087463	0.082462	0.719892	0.082462	0.082462	-1.087463	0.082462	1.160465	1.497500	-1.087463
T	0.719892	0.082462	0.082462	0.719892	0.719892	-1.087463	0.082462	1.160465	2.197939	-1.087463
V	1.160465	0.082462	0.082462	0.082462	-1.087463	0.719892	0.719892	0.082462	0.082462	-1.087463
W	-1.087463	-1.087463	-1.087463	-1.087463	-1.087463	-1.087463	-1.087463	-1.087463	-1.087463	-1.087463
Y	1.497500	2.527247	-1.087463	-1.087463	-1.087463	-1.087463	0.082462	-1.087463	-1.087463	-1.087463
