A	0.225560	0.346866	0.511611	-0.397877	-0.131597	0.876485	0.093109	-0.724687	-4.607330
C	-4.607330	-4.607330	-4.607330	-4.607330	-4.607330	-4.607330	-4.607330	-4.607330	-4.607330
D	-2.359403	-4.607330	0.093109	1.776374	-2.022368	-4.607330	-2.799975	-3.437405	-4.607330
E	-3.437405	-3.437405	-2.359403	1.567595	-0.397877	-1.749349	-0.724687	1.293536	-4.607330
F	0.225560	0.659456	0.346866	-2.359403	-1.321928	0.659456	-0.303550	-0.852443	3.188709
G	-2.022368	-1.519867	-0.852443	0.458759	0.022026	-0.724687	-2.359403	-0.992620	-4.607330
H	-0.397877	-4.607330	-1.749349	-1.519867	0.611838	-1.147899	0.876485	-0.303550	-1.749349
I	1.200025	0.022026	1.200025	-2.022368	0.705553	1.352672	0.160854	-2.359403	-0.992620
K	1.323407	-4.607330	-0.397877	0.287487	1.167457	-2.022368	-0.397877	0.793549	-2.359403
L	-0.852443	-0.131597	0.022026	-1.519867	0.160854	0.835613	1.880510	1.263034	2.642968
M	-3.437405	-1.519867	-0.992620	-4.607330	-2.799975	-2.022368	-1.147899	-1.321928	0.287487
N	-1.147899	-1.519867	1.352672	-0.498806	-0.852443	-2.799975	-0.724687	-1.147899	-4.607330
P	-4.607330	-2.359403	0.511611	1.996296	-0.397877	0.916232	0.705553	-4.607330	-4.607330
Q	-2.359403	-0.052741	-0.724687	-0.498806	-0.498806	-0.724687	0.225560	0.611838	-4.607330
R	0.750222	-3.437405	-2.359403	-3.437405	0.992583	-0.852443	-0.052741	-0.498806	-4.607330
S	0.916232	1.065095	1.065095	0.659456	-0.052741	0.225560	0.346866	1.029294	-4.607330
T	0.793549	0.160854	0.458759	0.346866	0.225560	0.954912	-0.215013	1.616671	-4.607330
V	1.776374	-0.131597	0.403897	-1.147899	1.592342	1.839753	1.065095	0.160854	-0.498806
W	-4.607330	-4.607330	-4.607330	-4.607330	-4.607330	-4.607330	-3.437405	-4.607330	-4.607330
Y	0.511611	3.087898	-0.052741	-2.359403	-0.397877	-1.321928	-0.724687	0.287487	0.287487
