A	-2.303650 0.751159 0.878711 -0.780488 0.467202 2.009276 0.824776 0.353070 0.355596
C	-9.218514 -4.750455 -5.742468 -9.220628 -4.218247 -9.220544 -5.611135 -5.753911 -9.175403
D	-9.165162 -0.828901 -1.582806 1.551226 -0.664416 -2.842801 -1.586779 -0.477297 -3.051136
E	-9.084425 -0.018928 0.053464 -1.891429 0.354048 -1.808084 0.592757 0.260862 -2.448847
F	0.030017 -0.817725 -0.852996 -3.236387 -1.366593 -4.470326 -1.911511 -1.186301 -0.343820
G	-3.777019 -1.021892 -0.211966 -1.417155 -0.156646 1.517971 0.273478 0.189505 -1.831625
H	-5.875430 -0.405880 -1.341120 -3.190518 -0.299702 -3.432769 -1.104238 -0.739353 -2.950338
I	2.757834 1.039826 0.608542 -2.420451 -0.644668 0.115515 -0.342305 0.216421 2.336638
K	-8.963147 0.661454 -0.021793 -8.151898 0.951007 -3.067813 -0.284096 0.971152 -3.708389
L	2.474353 0.591566 0.803369 -2.864655 -0.024860 -1.633972 0.770454 0.834488 1.567117
M	-0.091488 -1.907002 -1.203283 -4.972200 -2.283899 -4.823428 -1.722287 -1.660835 -0.539251
N	-5.599812 0.220407 -0.558385 3.527045 0.255791 0.903663 1.016311 -0.752281 -3.258066
P	-3.021910 -4.396652 1.034075 -7.903089 0.985884 2.110998 0.145818 1.166831 -2.509225
Q	-5.649750 0.249152 -0.323133 -0.936204 0.378039 -2.206695 0.634322 -0.298165 -1.839947
R	-8.998672 0.857887 0.139323 -9.154445 0.721931 -4.680560 -0.765921 0.611635 -2.808852
S	-4.955747 0.142722 0.958007 1.190375 0.855980 0.978260 0.650583 0.634212 -1.334847
T	-1.827932 0.243837 0.201355 -1.040176 0.355319 0.296172 0.408510 -0.108758 -0.129393
V	2.260146 1.228221 0.869797 -1.516132 0.251238 0.362884 1.216238 0.163241 2.538032
W	-3.816724 -4.878321 -3.118687 -9.141479 -3.652016 -9.175056 -3.081944 -3.918329 -4.447041
Y	-3.665679 -0.676498 -0.718820 -3.469648 -1.672092 -4.216695 -2.317276 -0.884690 -0.808422
