A	-6.304185 0.316625 0.063740 -0.115960 -0.365489 -1.650318 -0.483529 -0.289820 -0.736466
C	-6.540169 -6.540169 -6.540169 -6.540169 -6.539989 -6.539455 -6.540158 -6.540099 -2.148583
D	-6.395812 0.041484 -0.335889 -3.317888 0.048337 -5.910547 -1.438730 -0.211896 -2.380275
E	-2.180338 0.843260 -1.116586 0.511915 1.394931 -4.560173 1.152326 1.175429 -1.107144
F	1.952274 -0.129652 0.620036 -0.264478 -6.149580 1.238090 -1.364103 -1.288833 -2.158120
G	-3.850888 -0.873735 1.512399 -1.406140 -2.537451 -6.525207 -1.977429 -2.033026 -2.071706
H	-6.390654 -1.096042 0.478088 0.929115 -1.019662 -0.939183 0.140899 -0.949232 -2.977288
I	1.299702 1.197664 -0.444357 -1.623096 -0.762774 2.261525 -1.199587 -0.835275 1.196670
K	0.335394 -1.216793 -1.501802 2.920168 1.049017 -2.115347 1.017965 1.566640 -0.442501
L	2.511848 0.781303 -0.938780 -4.360989 1.870148 2.504580 1.599061 0.339703 2.456112
M	-0.538782 -2.148865 -6.537291 -3.324652 -1.141290 1.080085 -3.074326 -6.535799 -3.058798
N	-3.134910 -0.087228 -1.510835 -1.563079 -0.318966 -2.283829 1.070801 0.633500 0.125577
P	-5.712831 -6.411716 -1.416246 -0.957098 0.210661 -0.799636 -6.059319 0.153795 -2.137407
Q	-2.172383 -0.078296 -0.366210 -0.366701 0.192030 -3.058795 2.039468 0.112713 -5.458675
R	-5.840032 -0.583696 -2.217202 -0.132920 -0.266351 -6.512657 1.144856 0.944451 -1.429638
S	-6.308439 0.644766 1.077913 0.289846 -0.633582 -2.200051 -2.885142 0.245435 -0.635212
T	-3.030249 -0.144632 0.126502 0.559196 0.957184 -1.118620 -6.351206 0.448867 0.275238
V	0.232388 1.524625 0.218293 -6.246730 -0.290967 0.779132 -0.828604 0.579918 2.512465
W	-1.435940 -6.533747 -0.005904 -0.935630 -3.077898 -6.537127 -6.538621 -3.142443 -6.533881
Y	1.858395 0.486838 1.682187 -0.711025 -0.626847 -0.761683 -2.560289 -1.995011 -6.533172
