A	-3.446478 0.749083 0.792316 0.251349 0.257223 -0.454664 -0.023158 0.783353 1.126471
C	-7.700780 -3.341213 -3.372487 -5.546043 -2.633329 -5.903207 -5.887863 -5.889954 -3.106026
D	-9.067048 -1.044878 -1.446274 -3.851888 -0.617937 -2.925034 -2.115873 -1.612585 -2.468098
E	-7.902696 0.635411 0.272886 -1.365715 0.309071 -1.947951 -0.408022 -0.175032 -0.445692
F	0.135984 -0.641878 -0.563638 0.862240 -2.322319 -9.012233 -0.356391 -1.904505 -0.346823
G	-8.602804 -1.756623 -0.098583 -2.898232 0.002747 -1.295702 -0.868363 0.244419 0.638654
H	-8.589861 -0.183952 -1.527866 1.389677 -0.082267 -0.897592 0.408901 0.091230 -1.296687
I	2.925377 0.452918 0.984082 -0.450763 -0.712235 -2.438798 -0.096718 -0.054189 -0.901403
K	-7.081296 1.131339 0.745423 1.533633 1.732582 2.942135 1.441515 1.048892 0.385420
L	2.631016 0.765277 0.857280 1.073423 -0.391073 -3.649816 1.365659 1.131708 0.121350
M	-0.777967 -2.064157 -1.165519 -1.033215 -1.646103 -4.734790 -2.080320 -2.283562 -1.023369
N	-8.211324 -0.897586 -0.443434 0.013990 0.182980 -2.036052 0.219698 -0.600424 -1.662433
P	-6.726783 -7.232599 0.276623 -9.090268 0.710231 -2.235892 -0.094578 0.350660 -2.319262
Q	-8.856932 0.244441 -0.231349 0.367143 0.371853 -1.372094 0.578769 0.177788 0.648134
R	-8.825712 1.129613 0.280229 0.726343 1.130601 2.775405 1.310387 1.157884 1.947539
S	-8.795872 0.037607 0.663088 -0.827953 0.142583 -0.445838 -0.700737 0.115630 0.881069
T	-5.149318 -0.056587 -0.540262 -1.197454 -0.043542 0.070518 -2.508674 0.054754 -1.776167
V	2.098682 1.141341 0.506994 -0.005936 -0.153392 -1.143876 -0.033065 0.131690 0.429304
W	-5.924962 -3.075284 -2.757181 -0.415091 -3.863097 -9.153856 -2.431200 -4.311337 -8.632120
Y	-3.959760 -0.646875 -0.194219 -0.255129 -1.764945 -9.058004 -0.209121 -0.893255 0.251805
