A	-3.306313 0.641035 0.746987 0.268468 0.667683 -0.202857 0.636903 0.829764 1.632603
C	-5.360088 -5.166055 -4.097433 -8.622183 -8.621433 -8.622649 -8.622001 -8.622695 -8.574335
D	-5.367955 -1.292574 -1.557446 -4.874161 -1.012816 -3.844454 -2.186919 -1.560294 -2.115923
E	-7.252889 0.053598 0.014641 -2.397518 -0.176215 -1.682251 -0.754675 0.057690 -0.547944
F	-0.029032 -1.152972 -0.356639 0.950610 -2.075277 -7.616883 -0.069488 -1.134173 -1.406017
G	-7.700581 -1.740500 -0.186935 -2.101400 0.249210 -3.068207 0.046351 0.080846 1.940768
H	-8.049942 -0.631060 -1.094618 1.462544 -0.888846 -0.636131 0.468381 -0.420719 -1.381649
I	2.997148 0.856109 1.135889 0.519848 -0.569424 -3.049881 0.312923 0.031720 -0.955307
K	-2.066294 1.524104 0.836415 1.583606 1.908705 3.319442 1.644382 0.894025 0.174521
L	2.214715 0.822339 0.408349 0.981294 -0.304412 -2.979553 0.931294 1.241913 -0.541114
M	-0.760920 -2.806351 -1.589624 -0.942934 -1.499663 -8.461266 -2.051363 -3.279959 -3.031777
N	-8.089328 -1.129987 -0.473446 -0.256642 -0.104437 -1.474597 -0.754363 -0.366128 -0.902751
P	-7.601470 -8.172546 0.558536 -4.924533 0.951374 -2.913860 -0.565268 0.728349 -1.933077
Q	-7.626100 -0.013264 -0.278465 -0.665798 0.099788 -3.394690 -0.394066 -0.184297 1.285852
R	-7.486549 1.068120 0.148026 0.612705 0.843333 2.457489 1.468104 0.853192 0.411689
S	-7.902627 -0.090069 0.224682 -1.159879 0.260223 -1.114610 -0.352393 0.195708 1.306659
T	-2.524957 0.628486 0.034650 -0.854278 0.006710 -0.431423 -1.466568 -0.116504 -0.538601
V	2.331585 1.234440 0.823951 0.254352 -0.042546 -1.128863 0.166895 0.467864 -0.398657
W	-4.261145 -5.148570 -4.093606 -1.041880 -3.500446 -8.611874 -2.704065 -5.015260 -8.618912
Y	-3.095212 -0.836388 -0.005956 0.019161 -1.061553 -8.318322 -0.924185 -0.665683 -1.186347
