A	-0.429684	1.439422	0.966833	0.431339	0.584963	0.656046	-0.429684	0.723790	0.584963	0.584963
C	-4.044394	-4.044394	-4.044394	-4.044394	-4.044394	-4.044394	-2.874469	-2.874469	-1.796467	-2.874469
D	0.656046	-2.237039	-0.429684	1.398549	0.064130	-2.237039	-0.161751	-0.289507	-1.796467	-4.044394
E	2.750022	0.259387	-1.459432	0.656046	0.723790	-0.584963	-0.584963	-0.044394	0.723790	-4.044394
F	1.021695	-1.796467	1.313158	0.347923	0.259387	-0.758992	0.850424	-0.758992	0.510195	-2.874469
G	-2.237039	-2.237039	-1.186413	0.431339	1.222392	0.259387	0.966833	-0.758992	0.656046	-4.044394
H	-0.584963	-4.044394	-4.044394	-1.459432	-1.186413	-1.186413	-0.956931	-2.237039	-1.459432	-4.044394
I	-0.429684	0.510195	0.966833	-0.956931	-0.584963	0.259387	0.656046	0.584963	-0.758992	0.510195
K	-2.237039	-4.044394	-1.459432	-0.289507	-0.289507	-0.429684	0.165059	-2.874469	-0.758992	-4.044394
L	-1.186413	-0.956931	1.356485	-0.758992	0.510195	0.723790	0.788496	1.021695	0.431339	3.157730
M	-1.186413	-4.044394	-0.161751	-4.044394	-4.044394	-2.237039	-1.796467	-0.429684	-1.459432	-1.186413
N	-1.186413	-4.044394	-2.237039	0.259387	-0.758992	-0.161751	-0.289507	0.165059	-0.289507	-4.044394
P	-4.044394	-2.237039	-0.044394	1.628031	2.027068	1.174774	1.074547	0.347923	-0.161751	-4.044394
Q	-1.796467	-2.874469	-2.874469	-0.429684	-0.758992	-0.044394	0.064130	-0.289507	0.510195	-4.044394
R	-4.044394	-2.874469	-1.459432	-0.758992	-1.459432	-0.161751	-0.956931	-2.874469	-0.758992	-4.044394
S	0.656046	0.165059	-0.044394	0.723790	-0.429684	1.125531	-0.289507	0.431339	1.174774	-4.044394
T	1.021695	2.155278	-0.429684	-0.758992	-0.289507	0.584963	0.788496	0.584963	0.850424	-2.237039
V	-1.459432	2.782154	1.628031	-0.161751	-0.161751	1.074547	0.064130	1.628031	0.165059	2.700440
W	-4.044394	-4.044394	-1.186413	-2.874469	-2.237039	-2.874469	-2.874469	-1.796467	-2.237039	-4.044394
Y	0.347923	-2.874469	0.259387	-0.956931	-0.956931	-0.956931	-1.459432	0.064130	-0.161751	-4.044394
