A	-0.222392	1.496426	0.807355	0.050626	1.301170	-1.000000	0.947533	0.280108	0.947533	1.402098	0.280108
C	-2.807355	-2.807355	-2.807355	-1.637430	-2.807355	-2.807355	-2.807355	-2.807355	-2.807355	-2.807355	-2.807355
D	0.807355	-2.807355	-0.559427	0.947533	-0.222392	0.478047	0.478047	0.478047	-1.637430	-1.000000	-2.807355
E	2.792558	-1.000000	-0.559427	0.050626	0.050626	1.192645	-0.559427	0.652077	-0.559427	-0.559427	-2.807355
F	0.807355	-2.807355	1.192645	-1.637430	-1.000000	-0.559427	0.280108	0.947533	0.050626	0.280108	-2.807355
G	-2.807355	-1.637430	-1.000000	0.807355	0.947533	0.050626	-0.222392	0.478047	0.050626	-0.222392	-2.807355
H	-0.222392	-2.807355	-2.807355	-1.637430	-1.637430	-1.000000	-0.559427	-1.637430	-0.559427	-1.000000	-2.807355
I	-1.637430	0.807355	1.584963	-1.000000	-1.000000	0.652077	0.807355	0.478047	0.652077	-1.637430	-0.559427
K	-2.807355	-2.807355	-1.000000	0.478047	-2.807355	-0.559427	-0.559427	-1.637430	-2.807355	0.947533	-2.807355
L	-0.222392	0.280108	1.402098	-0.222392	0.280108	0.947533	0.652077	1.192645	1.192645	0.947533	3.290677
M	-1.000000	-2.807355	-1.637430	-1.000000	-2.807355	-1.637430	-2.807355	-2.807355	0.280108	-1.000000	-2.807355
N	-1.000000	-2.807355	-2.807355	-1.000000	-0.559427	-1.637430	-0.222392	-0.559427	-1.000000	0.280108	-2.807355
P	-2.807355	-2.807355	-1.637430	1.496426	2.146841	1.668379	1.301170	0.050626	1.075288	-0.559427	-2.807355
Q	-1.000000	-1.637430	-2.807355	-1.000000	-2.807355	0.280108	0.050626	-0.559427	0.478047	0.280108	-2.807355
R	-2.807355	-2.807355	-1.637430	-2.807355	-0.559427	-1.637430	-1.637430	-0.559427	-1.637430	-1.637430	-2.807355
S	0.807355	0.807355	0.280108	1.822002	0.478047	0.478047	0.947533	-1.000000	0.652077	0.947533	-2.807355
T	0.280108	2.203872	0.050626	-0.559427	0.478047	-0.222392	0.050626	0.807355	0.478047	0.807355	-2.807355
V	-1.000000	2.362570	0.947533	0.652077	0.478047	0.050626	0.050626	0.947533	-0.222392	-1.000000	2.593525
W	-2.807355	-2.807355	-0.559427	-2.807355	-1.637430	-2.807355	-2.807355	-2.807355	-1.637430	-2.807355	-2.807355
Y	-0.222392	-2.807355	0.652077	-2.807355	-1.637430	-1.000000	-2.807355	-1.000000	-1.000000	0.050626	-2.807355
