A	-0.754888	-0.754888	1.052467	-0.754888	0.415037	-0.754888	-0.754888	1.052467	-0.754888	-0.754888	0.415037	-0.754888
C	-0.754888	-0.754888	-0.754888	-0.754888	-0.754888	-0.754888	-0.754888	-0.754888	-0.754888	-0.754888	-0.754888	-0.754888
D	0.415037	-0.754888	0.415037	1.493040	1.493040	-0.754888	1.493040	-0.754888	-0.754888	1.052467	-0.754888	-0.754888
E	2.103093	-0.754888	-0.754888	-0.754888	-0.754888	0.415037	-0.754888	-0.754888	-0.754888	-0.754888	0.415037	-0.754888
F	0.415037	-0.754888	1.493040	-0.754888	-0.754888	0.415037	-0.754888	-0.754888	-0.754888	1.052467	-0.754888	-0.754888
G	-0.754888	-0.754888	-0.754888	1.493040	1.493040	1.052467	0.415037	1.493040	1.052467	0.415037	0.415037	-0.754888
H	0.415037	-0.754888	-0.754888	-0.754888	-0.754888	-0.754888	-0.754888	-0.754888	-0.754888	-0.754888	-0.754888	-0.754888
I	-0.754888	-0.754888	0.415037	-0.754888	-0.754888	0.415037	0.415037	-0.754888	-0.754888	-0.754888	-0.754888	0.415037
K	-0.754888	-0.754888	-0.754888	-0.754888	-0.754888	0.415037	0.415037	0.415037	0.415037	-0.754888	-0.754888	-0.754888
L	-0.754888	0.415037	0.415037	-0.754888	1.052467	1.052467	0.415037	-0.754888	-0.754888	-0.754888	1.052467	1.830075
M	0.415037	-0.754888	-0.754888	-0.754888	-0.754888	0.415037	-0.754888	-0.754888	-0.754888	-0.754888	-0.754888	-0.754888
N	-0.754888	-0.754888	-0.754888	0.415037	-0.754888	-0.754888	0.415037	-0.754888	0.415037	-0.754888	0.415037	-0.754888
P	-0.754888	-0.754888	-0.754888	1.052467	-0.754888	0.415037	0.415037	-0.754888	0.415037	-0.754888	-0.754888	-0.754888
Q	-0.754888	-0.754888	-0.754888	-0.754888	-0.754888	-0.754888	-0.754888	-0.754888	-0.754888	-0.754888	-0.754888	-0.754888
R	-0.754888	-0.754888	-0.754888	-0.754888	-0.754888	-0.754888	-0.754888	-0.754888	-0.754888	-0.754888	-0.754888	-0.754888
S	0.415037	0.415037	0.415037	1.052467	1.052467	-0.754888	0.415037	0.415037	1.493040	0.415037	1.052467	-0.754888
T	0.415037	1.493040	-0.754888	-0.754888	-0.754888	-0.754888	-0.754888	0.415037	1.493040	-0.754888	1.493040	-0.754888
V	-0.754888	2.103093	1.052467	-0.754888	-0.754888	0.415037	0.415037	1.493040	-0.754888	1.830075	-0.754888	2.332575
W	-0.754888	-0.754888	-0.754888	-0.754888	-0.754888	-0.754888	-0.754888	-0.754888	-0.754888	-0.754888	-0.754888	-0.754888
Y	-0.754888	0.415037	-0.754888	-0.754888	-0.754888	-0.754888	-0.754888	-0.754888	-0.754888	0.415037	-0.754888	-0.754888
