A	-0.862225	1.321330	1.187651	0.067205	0.464047	-0.031244	0.939943	0.492673	-0.691494
C	-5.328924	-5.328924	-3.039418	-4.250922	-3.640868	-3.213447	-3.039418	-3.640868	-4.250922
D	0.690975	-4.250922	0.464047	1.134146	-0.936607	-2.195068	-1.604031	-3.039418	-6.498849
E	3.144556	-0.181437	-1.730665	1.222250	-0.628484	-1.015033	0.520742	1.213678	-6.498849
F	0.520742	-3.640868	1.010926	-0.826424	0.434841	1.069107	0.262702	-0.538847	-1.869493
G	-2.390325	-3.640868	-2.390325	0.820823	0.389894	-0.400817	-2.289396	0.464047	-6.498849
H	-0.975287	-6.498849	-1.544653	-1.232063	-1.015033	-1.730665	0.048045	-0.791490	-6.498849
I	-1.604031	0.008945	1.205054	-1.544653	0.028628	1.542810	0.194638	-1.869493	0.929511
K	-2.498849	-5.328924	-1.730665	0.104777	-0.136905	-1.379908	-1.544653	0.548275	-6.498849
L	-1.141297	0.245985	1.893468	-0.510165	0.798067	1.443665	0.751449	0.123203	2.833747
M	-0.975287	-3.411386	-0.072584	-2.743962	-2.289396	-1.097970	-0.898936	-2.390325	-0.936607
N	-0.936607	-4.250922	-0.826424	-0.274848	-0.274848	-0.936607	-1.185966	0.703275	-6.498849
P	-6.498849	-2.289396	-1.604031	1.776111	1.609675	0.295567	1.213678	-1.232063	-6.498849
Q	-1.798409	-3.640868	-2.106532	-0.072584	-0.323924	-0.568112	0.245985	0.970793	-6.498849
R	-2.390325	-4.250922	-3.640868	-0.400817	-0.538847	-1.798409	-0.862225	0.262702	-6.498849
S	0.449518	0.478431	0.359132	0.739556	0.374595	-0.051766	0.141396	1.030581	-6.498849
T	0.601813	2.526290	-0.936607	-0.349102	-0.204228	0.774946	0.141396	0.798067	-3.411386
V	-0.975287	2.692827	0.601813	-0.791490	0.980931	1.501151	1.087991	-0.975287	3.126403
W	-3.411386	-5.328924	-1.944260	-3.213447	-1.944260	-3.213447	-1.015033	-4.691494	-6.498849
Y	-0.204228	-5.328924	0.389894	-2.023116	-0.791490	-2.106532	-0.454455	-0.204228	-0.862225
