A	-0.799335 0.722055 1.836490 1.550694 1.169925 1.836142 1.366510 1.202073 1.842231
C	-9.184287 -9.672904 -2.093497 -2.723700 -9.226959 -3.979724 -9.152176 -9.697853 -2.468734
D	-2.143182 -1.220594 -2.088838 1.263058 0.021807 1.391702 1.235531 -0.511744 0.927974
E	-1.138283 0.660892 -0.464341 0.394538 0.625575 -0.857542 1.189603 1.055418 1.110631
F	1.521453 -1.498643 -0.683813 -0.762642 -1.736937 -1.688125 -2.404282 -1.869628 -2.016366
G	-2.670892 -0.647856 0.578052 -0.296343 -0.363301 -0.634066 -0.892103 -0.123525 1.237148
H	-5.019409 0.279395 -1.329232 -2.841866 -1.310225 -4.040036 -0.431485 -0.748699 -3.499036
I	2.659367 0.277202 0.377759 1.312247 -0.515534 -0.482561 -0.714131 -0.550609 -0.560119
K	-5.426092 0.909901 -1.849825 -9.247681 0.942536 -2.774145 -1.501573 0.605069 -5.846793
L	0.277535 -0.282344 -0.373462 1.531099 -0.916252 -1.548539 0.574270 0.876751 -0.037734
M	-2.676140 -2.171914 -1.470489 -0.161489 -3.816594 -4.764566 -2.447386 -3.695876 -1.916012
N	-7.320410 0.002260 -0.659372 -1.955676 -0.366812 0.008937 1.257650 -0.937525 -1.353454
P	0.100980 -4.797014 0.099581 -7.256101 1.004437 0.285158 0.636638 1.360623 -6.213194
Q	-4.812936 0.146827 -0.825594 -0.050894 0.019648 -3.511882 -0.059134 -0.163484 0.755848
R	-5.712486 1.137202 -0.166341 -8.149504 -0.014680 -3.883793 -1.000502 0.538834 -6.459784
S	-2.939104 0.008627 1.321039 0.089853 0.797272 1.306846 0.188482 0.009255 1.624821
T	-2.666554 0.357316 0.547904 0.010382 0.975670 1.798042 -1.212387 -0.354413 -0.892966
V	1.379322 1.294547 0.845558 0.943878 0.790579 1.345510 0.515494 0.364765 0.632525
W	-0.737928 -2.140991 -3.696964 -3.545194 -6.107648 -5.637178 -3.928402 -3.380557 -6.085091
Y	1.745263 -0.540833 0.024447 -3.677725 -1.980193 -4.596025 -2.263556 -1.298928 -1.990911
