A	0.990285	2.343074	0.535719	-0.361188	0.535719	0.395541	0.535719	0.990285	1.950756	-3.219169
C	-3.219169	-3.219169	-3.219169	-3.219169	-3.219169	-3.219169	-2.049244	-3.219169	-2.049244	-3.219169
D	-3.219169	-3.219169	-0.971241	1.173149	-0.361188	-0.634206	-2.049244	-2.049244	-2.049244	-3.219169
E	-3.219169	-2.049244	-3.219169	1.549016	-0.361188	-0.971241	-1.411814	-0.131706	1.846921	-3.219169
F	1.899773	-2.049244	0.663475	-3.219169	1.735028	-2.049244	-0.361188	-3.219169	-3.219169	2.522298
G	-1.411814	-0.634206	-1.411814	0.663475	1.549016	0.663475	0.535719	-0.634206	-1.411814	-3.219169
H	-2.049244	-3.219169	-0.634206	-0.634206	1.084612	-0.131706	-3.219169	0.240263	-1.411814	-0.131706
I	0.240263	1.335420	1.173149	-3.219169	-3.219169	-0.971241	0.066234	-0.361188	-2.049244	-3.219169
K	0.240263	-3.219169	0.990285	-0.131706	-0.361188	-0.361188	-0.634206	0.066234	-2.049244	-3.219169
L	0.066234	1.899773	-2.049244	-3.219169	-0.971241	-0.131706	1.335420	-0.131706	-2.049244	0.395541
M	-0.634206	0.240263	-0.971241	-2.049244	-3.219169	-0.971241	-0.361188	-0.634206	-3.219169	-0.971241
N	-3.219169	-3.219169	0.066234	-0.634206	-1.411814	0.535719	-0.634206	-0.131706	-2.049244	-3.219169
P	-3.219169	-3.219169	1.792059	2.555619	1.173149	0.990285	1.173149	-0.971241	0.395541	-3.219169
Q	-2.049244	0.066234	-1.411814	0.240263	-0.971241	0.780831	-1.411814	-0.634206	-1.411814	-3.219169
R	0.780831	-3.219169	-0.361188	-3.219169	-1.411814	0.066234	-0.361188	-0.131706	-1.411814	-3.219169
S	0.066234	0.535719	-0.634206	0.066234	-0.361188	1.335420	0.889356	1.256565	2.093714	-3.219169
T	-2.049244	-0.131706	-1.411814	-0.634206	-0.971241	0.889356	0.535719	1.846921	0.990285	-3.219169
V	1.256565	0.663475	0.066234	-0.971241	-1.411814	-0.361188	0.535719	0.990285	0.535719	-3.219169
W	-3.219169	-2.049244	-2.049244	-3.219169	0.240263	-2.049244	-1.411814	-3.219169	-3.219169	-3.219169
Y	1.735028	-1.411814	1.173149	-3.219169	-0.634206	-1.411814	0.240263	-1.411814	-2.049244	3.308308
