A	0.788496	2.540568	-1.459432	0.347923	0.347923	0.788496	-1.459432	-0.289507	-1.459432	1.825971	-1.459432
C	-1.459432	-1.459432	-1.459432	-1.459432	-1.459432	-1.459432	-1.459432	-1.459432	-1.459432	-1.459432	-1.459432
D	-1.459432	-1.459432	-1.459432	2.932886	-1.459432	1.125531	1.125531	-1.459432	-1.459432	-1.459432	-1.459432
E	-1.459432	-1.459432	-1.459432	-0.289507	-1.459432	0.347923	0.347923	-1.459432	-0.289507	-0.289507	-1.459432
F	1.125531	-1.459432	-1.459432	-1.459432	-1.459432	-1.459432	-0.289507	-1.459432	-1.459432	-1.459432	2.423211
G	-1.459432	-0.289507	-1.459432	-1.459432	1.628031	0.788496	0.788496	0.788496	-0.289507	-0.289507	-1.459432
H	-1.459432	-1.459432	-0.289507	-1.459432	-1.459432	-0.289507	0.788496	-1.459432	-1.459432	-1.459432	-0.289507
I	0.347923	-0.289507	2.000000	-1.459432	-0.289507	-1.459432	-1.459432	1.125531	0.788496	-1.459432	-1.459432
K	-0.289507	-1.459432	0.347923	-1.459432	-1.459432	1.125531	0.347923	-0.289507	-1.459432	-1.459432	-1.459432
L	-0.289507	1.398549	-1.459432	-1.459432	-1.459432	-1.459432	-0.289507	2.295456	1.125531	0.347923	1.628031
M	-1.459432	-1.459432	-0.289507	-1.459432	-1.459432	-1.459432	-1.459432	-0.289507	-1.459432	-1.459432	0.347923
N	-1.459432	-1.459432	-0.289507	0.788496	-1.459432	-1.459432	-0.289507	-1.459432	-1.459432	-0.289507	-1.459432
P	-1.459432	-1.459432	-0.289507	1.125531	2.844349	-1.459432	0.347923	-1.459432	-1.459432	0.347923	-1.459432
Q	-1.459432	-1.459432	-1.459432	-1.459432	-1.459432	-0.289507	0.347923	-1.459432	0.788496	-1.459432	-1.459432
R	0.347923	-1.459432	0.788496	-1.459432	-1.459432	0.347923	-0.289507	-0.289507	-1.459432	-1.459432	-1.459432
S	2.155278	0.347923	-1.459432	-1.459432	0.788496	1.628031	0.788496	0.788496	2.000000	0.788496	-1.459432
T	-0.289507	0.788496	-1.459432	-0.289507	-0.289507	0.347923	-0.289507	-1.459432	1.825971	0.347923	-1.459432
V	-0.289507	0.788496	1.125531	-1.459432	-1.459432	-1.459432	-0.289507	-1.459432	-0.289507	1.398549	-0.289507
W	-1.459432	-1.459432	-1.459432	-1.459432	-1.459432	-1.459432	-0.289507	-1.459432	-1.459432	-1.459432	-1.459432
Y	1.125531	-0.289507	1.825971	-0.289507	-1.459432	-1.459432	-1.459432	1.125531	-1.459432	1.125531	1.825971
