A	-0.055853	2.000000	-0.055853	-0.496426	0.554200	0.281182	2.250808	-2.303781
C	-2.303781	-2.303781	-2.303781	-2.303781	-1.133856	-2.303781	-2.303781	-2.303781
D	-2.303781	-2.303781	-2.303781	-0.496426	-2.303781	-2.303781	-1.133856	-2.303781
E	-2.303781	-2.303781	-2.303781	1.578862	-2.303781	-0.496426	2.000000	-2.303781
F	2.396659	-2.303781	-0.055853	-2.303781	-2.303781	-2.303781	-1.133856	2.000000
G	-2.303781	-0.496426	-1.133856	-1.133856	2.396659	-2.303781	-2.303781	-2.303781
H	-1.133856	-2.303781	1.804744	-1.133856	-0.055853	0.554200	-0.496426	-1.133856
I	0.783682	-0.055853	-2.303781	-0.055853	-1.133856	0.783682	-2.303781	-2.303781
K	-2.303781	-0.496426	2.171953	-1.133856	-2.303781	0.783682	-2.303781	-2.303781
L	0.554200	1.804744	-2.303781	0.981621	-2.303781	-1.133856	-2.303781	0.981621
M	-1.133856	0.554200	0.783682	-1.133856	-2.303781	-0.496426	-2.303781	-0.055853
N	-2.303781	-2.303781	1.155651	1.310929	-0.496426	0.554200	-2.303781	-2.303781
P	-2.303781	-2.303781	-0.055853	-0.496426	-2.303781	0.281182	-1.133856	-2.303781
Q	-2.303781	-0.055853	-1.133856	-1.133856	-0.496426	-0.496426	-0.496426	-2.303781
R	-2.303781	-2.303781	0.554200	-1.133856	-2.303781	0.554200	-2.303781	-2.303781
S	-0.496426	1.696219	-0.496426	-0.496426	0.981621	1.451107	1.804744	-2.303781
T	-1.133856	0.554200	-2.303781	-1.133856	0.981621	0.783682	-0.055853	-2.303781
V	1.804744	-0.055853	-2.303781	2.250808	-0.055853	0.554200	0.981621	-2.303781
W	-2.303781	-2.303781	-2.303781	-2.303781	1.696219	-2.303781	-2.303781	-2.303781
Y	1.578862	-2.303781	-1.133856	-2.303781	-2.303781	-2.303781	-2.303781	3.258462
