A	1.474335	2.695343	0.197681	0.512554	0.574086	0.255166	0.896616	2.120384	-1.110628
C	-6.329796	-3.471815	-5.159871	-5.159871	-4.081869	-4.081869	-3.471815	-4.522441	-6.329796
D	-6.329796	-6.329796	0.661726	1.545185	-0.767554	-2.221272	-4.081869	-1.937479	-6.329796
E	-3.744834	-6.329796	-5.159871	1.583093	-1.063010	-1.700440	0.236258	1.804630	-6.329796
F	1.189840	-1.854063	-0.428930	-1.775207	-1.496906	-0.622437	-2.329796	-3.044394	2.156033
G	-1.775207	-1.063010	-2.120343	0.633100	0.770866	1.209362	-1.700440	-2.120343	-6.329796
H	-0.459432	-5.159871	-0.105795	-2.026016	-0.081869	-0.806234	0.661726	-0.806234	-0.231764
I	0.496752	1.219026	1.149984	-1.775207	0.528185	0.633100	-0.490593	-3.744834	-2.715086
K	-0.035176	-6.329796	2.057144	-0.258334	0.633100	-0.657371	-0.058333	-0.806234	-3.744834
L	0.703627	1.785247	-2.221272	-1.063010	-0.258334	1.219026	0.236258	-3.044394	2.421748
M	-0.767554	0.075345	-0.341112	-2.870365	-2.574909	-1.700440	-1.375600	-4.081869	0.292255
N	-1.496906	-4.522441	-0.341112	-0.459432	-0.012384	-0.693172	-0.555009	-1.110628	-6.329796
P	-6.329796	-3.744834	1.382731	1.656046	1.552847	-0.285402	-0.312988	-0.399059	-6.329796
Q	-1.700440	-0.886853	-1.775207	-0.657371	-0.555009	-0.972244	0.675828	-0.399059	-6.329796
R	-1.159871	-6.329796	1.321255	-1.854063	-0.490593	-0.490593	0.197681	-1.854063	-5.159871
S	1.179979	0.783946	-1.496906	0.703627	0.647484	0.661726	1.365432	2.120384	-6.329796
T	0.158044	-0.622437	-2.715086	0.117287	0.431755	1.552847	1.321255	0.978543	-6.329796
V	1.238160	0.920502	-0.428930	-0.012384	0.703627	0.847623	0.920502	0.310449	0.053908
W	-4.522441	-6.329796	-6.329796	-3.471815	-3.044394	-2.026016	-4.522441	-6.329796	-6.329796
Y	1.209362	-0.258334	-1.063010	-2.221272	-1.318569	-0.622437	-2.026016	-1.854063	2.638870
