A	1.869056	-3.870681	0.822627	0.117713	0.672053	0.703452	0.261769	0.607129	0.174834	-1.519458
C	-4.908156	-4.571121	-5.986158	-5.348728	-7.156083	-5.348728	-3.870681	-4.571121	-4.908156	-5.348728
D	-3.541373	-4.298102	0.440107	1.513688	0.598804	-0.497872	-0.908156	-1.713140	-2.089994	-7.156083
E	-1.167398	4.226406	0.829759	1.837563	0.749304	-0.068620	-0.394532	0.163589	0.476912	-7.156083
F	-0.956411	-5.348728	0.734181	-1.031962	0.021336	-0.042341	0.440107	-1.713140	-0.411249	0.726560
G	1.230857	-3.870681	-1.196081	0.539145	1.083515	1.059450	0.971911	-0.552457	-0.956411	-4.571121
H	-1.084621	-5.986158	-0.571121	-1.483658	-0.884620	-1.139275	-1.381296	-0.462596	-0.378006	-7.156083
I	-0.267340	-3.870681	1.431694	-1.139275	-0.628606	0.070329	0.353692	0.392739	-0.729818	2.655292
K	0.978343	-4.068620	-0.908156	-0.462596	0.152256	0.503913	0.582009	0.421346	1.294097	-7.156083
L	-0.136492	-3.156083	0.711196	0.129319	0.411873	0.829759	1.278545	0.808258	0.590431	1.491375
M	-1.448724	-7.156083	-0.445277	-2.852302	-2.455643	-1.672267	-0.932081	-1.483658	-2.323193	-2.037142
N	-2.387899	-4.298102	-0.428163	-0.428163	0.058236	-0.193187	-0.136492	0.323697	-0.497872	-7.156083
P	-4.571121	-2.526726	-1.483658	1.003788	0.703452	0.240522	-0.313733	-0.497872	-3.273440	-3.047559
Q	0.021336	-2.144856	-1.285718	0.272277	-0.313733	0.008824	0.106012	0.808258	0.363553	-5.986158
R	1.214604	-4.571121	-1.285718	-0.981157	-0.329535	0.333765	-0.178803	0.323697	0.485969	-5.348728
S	0.932705	-4.571121	-0.709000	0.421346	0.756806	0.687838	0.251185	0.771695	0.919396	-4.571121
T	0.229779	-4.068620	-1.196081	-0.668243	-0.136492	0.240522	-0.081942	0.656094	1.535660	-3.541373
V	-0.237220	-3.273440	0.631819	-0.411249	-0.122660	0.185992	0.598804	0.932705	0.430757	2.595879
W	-2.680350	-5.348728	-1.986158	-3.273440	-2.852302	-3.541373	-1.672267	-3.401196	-3.870681	0.229779
Y	-0.480126	-4.571121	0.952441	-1.111689	-1.593841	-1.843200	-1.414616	-1.798531	-0.497872	0.046041
