A	1.988334	-3.733742	0.820847	0.095528	0.986380	0.233690	0.298107	0.798753	0.298107	-0.228214	-0.911740
C	-4.371172	-5.541097	-4.371172	-4.371172	-5.541097	-5.541097	-5.541097	-4.371172	-4.371172	-5.541097	-5.541097
D	-4.371172	-4.371172	0.633829	1.585608	0.926509	0.633829	0.021146	-1.432572	-1.331643	-2.453634	-5.541097
E	-1.658454	4.109058	-0.274310	2.271081	1.024957	1.005798	0.682905	-0.017535	-0.098153	-0.529869	-5.541097
F	-0.529869	-4.371172	1.152390	-0.986508	0.021146	-0.371172	-0.708207	-0.371172	-1.237316	-0.183545	0.966698
G	1.043866	-2.956134	-2.081665	0.359770	0.475712	1.117115	1.407271	1.062530	-0.840657	-1.237316	-5.541097
H	-1.148779	-4.371172	-1.065363	-1.926387	-0.708207	-1.541097	-1.331643	-0.840657	-0.646279	-0.183545	-5.541097
I	-0.274310	-2.683116	1.506027	-0.911740	-0.371172	-0.140217	0.298107	0.820847	0.266258	-0.772912	2.554300
K	0.682905	-5.541097	-0.772912	-0.986508	-0.422156	0.166263	0.798753	0.633829	0.233690	0.986380	-5.541097
L	-0.586900	0.021146	0.776316	0.266258	0.058816	0.475712	0.583025	0.776316	0.986380	1.024957	1.720998
M	-1.926387	-1.926387	-0.475007	-1.926387	-2.453634	-4.371172	-2.255694	-1.331643	-1.065363	-1.658454	-2.081665
N	-3.293169	-5.541097	-1.148779	-0.422156	-0.475007	0.166263	-0.529869	-0.646279	0.608651	-0.529869	-5.541097
P	-4.371172	-1.658454	-2.081665	1.080955	0.798753	0.447588	0.298107	0.166263	-1.432572	-2.081665	-3.293169
Q	-0.017535	-2.956134	-0.371172	-0.646279	-0.098153	-0.183545	-0.586900	0.095528	0.946743	0.530366	-4.371172
R	1.347647	-5.541097	-1.432572	-1.786209	-0.840657	-0.274310	-0.529869	-0.183545	0.530366	0.447588	-5.541097
S	1.152390	-3.733742	-0.475007	0.475712	0.842608	1.080955	0.798753	0.200370	0.682905	0.926509	-4.371172
T	0.058816	-4.371172	-1.331643	-0.772912	0.021146	0.329268	0.095528	0.475712	0.966698	1.720998	-3.733742
V	0.166263	-2.255694	0.266258	-1.065363	-0.183545	-0.422156	0.095528	0.556935	0.864045	0.503298	2.560879
W	-3.293169	-5.541097	-1.331643	-3.293169	-2.081665	-5.541097	-3.733742	-3.293169	-5.541097	-4.371172	0.389641
Y	-0.183545	-3.733742	1.301254	-2.683116	-1.237316	-2.683116	-0.840657	-2.453634	-1.926387	-0.422156	-1.148779
