A	2.080490	-2.930737	-0.072756	-1.123382	0.354665	0.354665	-0.682810	1.373043	1.461580	0.824150	-1.123382	-0.072756
C	-2.930737	-2.930737	-2.930737	-1.760812	-2.930737	-2.930737	-2.930737	-2.930737	-2.930737	-2.930737	-2.930737	-2.930737
D	-2.930737	-1.760812	-0.682810	2.135352	-1.123382	-0.345775	1.278716	-1.760812	-1.760812	-1.123382	-1.123382	-2.930737
E	-2.930737	4.032159	-1.123382	1.461580	1.177787	-0.072756	-0.072756	0.156726	-1.760812	-1.123382	0.156726	-2.930737
F	-1.123382	-2.930737	1.769702	-1.123382	-0.682810	0.528694	-2.930737	-1.123382	-0.682810	-1.760812	-1.760812	0.156726
G	0.824150	-2.930737	-2.930737	1.177787	0.824150	1.623852	1.177787	1.373043	1.698619	0.156726	-1.123382	-2.930737
H	-1.760812	-2.930737	-1.123382	-2.930737	-1.123382	-1.760812	-1.123382	-0.682810	-0.682810	-0.345775	-0.682810	-2.930737
I	-1.123382	-2.930737	1.698619	-0.682810	0.156726	0.354665	-0.682810	-0.072756	0.528694	0.156726	-0.682810	2.553078
K	1.177787	-2.930737	-0.072756	-1.123382	-1.760812	-0.072756	1.278716	0.824150	0.951906	-0.072756	0.156726	-2.930737
L	-1.760812	-1.760812	0.354665	0.156726	-0.682810	-0.072756	0.683973	-0.345775	-0.072756	0.528694	1.278716	1.373043
M	-1.123382	-2.930737	-1.123382	-1.123382	-1.123382	-2.930737	-2.930737	-2.930737	-0.682810	-0.345775	-1.760812	-1.760812
N	-1.760812	-2.930737	-0.072756	-0.072756	0.354665	0.683973	-0.682810	-2.930737	-0.682810	0.528694	-1.123382	-2.930737
P	-2.930737	-0.682810	-1.760812	1.069263	1.373043	0.156726	0.824150	0.951906	0.683973	-0.682810	-2.930737	-2.930737
Q	-0.072756	-1.760812	-0.682810	-1.123382	-0.345775	-0.072756	-0.072756	0.156726	-0.682810	0.824150	0.156726	-2.930737
R	1.461580	-2.930737	-0.072756	-1.123382	-1.760812	-0.682810	-1.760812	-0.072756	-0.682810	0.156726	-0.072756	-2.930737
S	1.278716	-2.930737	-1.760812	0.354665	0.951906	0.528694	1.069263	1.177787	0.354665	0.156726	1.278716	-2.930737
T	0.156726	-2.930737	-1.123382	-1.123382	-0.072756	0.354665	0.528694	-0.682810	0.156726	0.528694	1.623852	-2.930737
V	0.354665	-1.760812	-0.345775	-1.123382	1.069263	-0.345775	-0.345775	-0.072756	-0.682810	1.544996	1.278716	2.512206
W	-2.930737	-2.930737	-0.682810	-2.930737	-1.760812	-2.930737	-2.930737	-2.930737	-2.930737	-2.930737	-1.760812	0.528694
Y	-1.760812	-2.930737	1.544996	-1.760812	-1.760812	-0.345775	-2.930737	-1.123382	-1.123382	-2.930737	0.156726	-1.123382
