A	1.359391	-4.443515	0.955892	0.303983	0.889563	0.510681	0.478223	-3.192972
C	-4.716534	-7.301496	-5.053569	-5.494141	-4.716534	-6.131571	-4.716534	-6.131571
D	-1.341494	-1.341494	0.116356	-0.939552	-2.997715	-1.900617	-2.406678	-7.301496
E	-0.854413	4.261700	-0.625539	0.901852	-2.347300	-0.338600	0.760550	-7.301496
F	0.137296	-7.301496	0.852056	-0.643285	1.214204	-1.777934	-1.701583	0.436596
G	0.486406	-7.301496	-0.214033	-0.573576	-0.412753	-1.777934	-0.136589	-7.301496
H	-0.309974	-4.716534	-0.214033	-1.006875	-1.151749	0.137296	-0.397614	-7.301496
I	0.198350	-7.301496	1.127911	0.677214	0.453391	0.349555	-0.793702	2.865608
K	0.419603	-7.301496	-0.428052	0.780653	-2.182555	0.845709	1.527434	-6.131571
L	0.787292	-4.214033	0.641018	1.585724	1.007980	0.581147	0.883379	1.519480
M	-0.875231	-7.301496	-1.006875	-1.988613	-1.151749	-1.739254	-1.462292	-1.701583
N	-1.817680	-6.131571	-0.382633	-1.341494	-2.347300	-0.324216	-0.793702	-7.301496
P	-6.131571	-7.301496	-2.468606	0.889563	-0.397614	-0.051198	-3.301496	-6.131571
Q	-0.474948	-4.443515	-0.661251	-0.075084	-0.556662	0.542425	0.534554	-7.301496
R	0.510681	-7.301496	-1.257102	-0.004580	-2.909179	1.403272	0.461716	-7.301496
S	0.938102	-5.053569	0.198350	-0.443515	0.990825	0.870931	0.826498	-7.301496
T	0.237663	-6.131571	0.313214	-0.099372	1.441655	0.510681	0.733303	-5.494141
V	0.218140	-4.716534	0.832930	0.733303	1.810943	0.565783	0.780653	2.902769
W	-2.235407	-6.131571	-1.400629	-4.443515	-3.301496	-3.301496	-6.131571	-2.533312
Y	0.558039	-3.686786	0.303983	-1.312812	-2.909179	-1.988613	-1.431131	-1.701583
