A	1.535231	-3.542077	0.972798	0.283700	0.065842	0.435107	0.392317	0.398228	-0.902815
C	-3.843031	-9.442943	-4.431716	-4.674759	-4.813587	-5.233490	-3.603740	-4.042064	-4.223775
D	-1.630766	-1.622765	0.476665	0.894121	-0.273018	-1.537556	-1.347546	-1.983512	-9.442943
E	-0.263656	4.211133	-0.113147	1.473123	0.147644	-0.393776	0.438935	0.692445	-9.442943
F	-0.467096	-9.442943	0.531471	-0.662404	0.342100	0.440845	-1.072256	-0.922325	0.681178
G	0.827060	-9.442943	-0.410898	0.616739	0.700440	0.100088	-1.522591	-0.291927	-8.273018
H	-0.893159	-5.983512	-0.459950	-1.327900	-0.340312	-0.813587	-0.238984	-0.499696	-5.983512
I	-0.337035	-9.442943	0.863118	-0.196797	0.025681	0.589447	0.315280	-1.029316	2.482518
K	0.818270	-4.888355	-0.144308	-0.047409	0.535052	0.231690	0.220615	1.205189	-7.635589
L	0.281570	-3.735584	0.703625	0.635207	0.894121	1.083311	1.352487	0.767423	1.764528
M	-1.258068	-4.967210	-0.813587	-1.903785	-1.913513	-1.215328	-1.435916	-1.819062	-1.321410
N	-1.408145	-7.635589	0.109726	-0.544342	-0.360129	-0.683055	-0.208725	-0.499696	-7.195016
P	-5.442943	-4.130061	-2.100869	1.093061	0.577342	0.315280	0.213928	-3.318822	-2.784732
Q	-0.113147	-0.786519	-0.521846	0.002589	-0.211722	0.325654	0.360380	0.413871	-6.584963
R	0.761322	-2.539062	-1.116514	-0.795485	0.429347	-0.217736	0.491485	0.561628	-8.273018
S	1.147877	-5.828234	0.319439	0.342100	0.500670	0.493326	0.346183	1.051162	-5.828234
T	0.484094	-5.139163	-0.031433	-0.353493	0.030762	0.489640	0.518868	1.090630	-2.876889
V	0.028224	-5.442943	0.744409	0.038351	0.182309	0.958203	0.873055	0.608265	2.695488
W	-2.732137	-8.273018	-2.146027	-3.482942	-2.554200	-2.465664	-2.857981	-4.000000	-0.625960
Y	-0.238984	-5.688056	0.300629	-1.638812	-1.039931	-1.421964	-1.105322	-0.957114	-0.074437
