A	0.314605	-0.006100	0.061083	-0.638445	0.332844	0.535423	0.016644	0.277420	0.713028	-4.006100
C	-5.640816	-6.081388	-4.801280	-5.303781	-4.274033	-3.888743	-4.801280	-4.006100	-3.679290	-7.888743
D	-3.334154	-3.334154	2.656945	2.822063	0.665846	0.166539	-0.292553	-0.984861	-1.900059	-6.081388
E	-1.958006	0.089967	0.061083	1.262273	0.824643	0.031610	0.061083	0.356809	0.641663	-5.640816
F	1.642151	0.622021	1.058163	-2.934547	-1.094327	-1.212786	-0.557826	-1.285117	-0.481475	2.557048
G	-1.571331	-3.120559	-2.621957	-0.237692	1.177346	1.136396	1.050836	-1.322689	-0.984861	-6.718818
H	0.443293	-0.841619	-1.640816	-2.365181	-0.359313	-0.557826	0.053771	0.252087	-0.546669	-6.718818
I	0.226300	-0.911463	-0.150651	-2.081388	-1.248498	-0.339921	-0.036994	0.031610	-1.322689	-1.421138
K	0.437686	-4.801280	-1.738996	-1.483602	-0.349584	0.146056	0.258462	-1.046393	0.508931	-3.679290
L	0.736052	1.274906	0.508931	-1.303781	-0.068564	0.132237	0.626957	0.979308	0.670634	3.039405
M	-0.408963	-1.617280	-1.341849	-3.679290	-2.575860	-2.326501	-2.288830	-1.380949	-2.365181	-0.150651
N	-1.303781	-4.801280	-1.143909	-0.984861	-0.150651	-0.311314	-0.100841	0.075598	-0.984861	-7.888743
P	-4.133856	2.635064	0.193406	2.105257	1.525413	1.284309	0.987006	0.420733	-2.081388	-6.718818
Q	-1.078172	-0.626648	-1.177937	-1.062195	-0.546669	-0.219858	-0.006100	0.448879	0.111257	-6.081388
R	0.454442	-0.202243	-1.713818	-2.487864	-0.814602	-0.339921	-0.052693	-0.369107	0.498197	-4.429312
S	0.415037	-1.015299	-0.662331	0.024146	0.887690	0.979308	0.503574	0.514269	1.401276	-6.081388
T	-0.021465	-0.662331	-1.900059	-0.897221	0.097099	0.476486	0.338873	1.076320	1.306014	-6.081388
V	0.514269	-0.006100	-0.419101	-1.462478	0.061083	0.320710	0.356809	1.262273	0.675406	-0.076566
W	-4.006100	-1.958006	-1.571331	-5.303781	-3.679290	-4.274033	-3.259387	-3.120559	-4.801280	-2.487864
Y	1.324361	1.108436	0.731477	-2.288830	-1.248498	-1.817281	-1.177937	-1.015299	-0.060607	1.673499
