A	-0.044075	-0.097713	0.304976	-0.469682	0.129356	0.325498	0.684441	0.057565	-0.542194	0.731337	-4.334752
C	-4.972182	-4.972182	-3.054644	-4.334752	-6.142107	-4.334752	-3.894180	-4.334752	-6.142107	-4.972182	-4.972182
D	-3.284126	-3.557145	2.662831	1.653933	2.440976	1.047718	-0.044075	-0.658291	-0.784555	-2.033583	-4.972182
E	-2.387220	-0.367320	0.619444	0.997444	0.849415	0.423947	-0.367320	-0.097713	-0.334752	0.918589	-6.142107
F	1.864920	0.365688	0.806260	-0.125299	-1.441667	-2.142107	-1.838326	-0.469682	-0.922939	-1.023166	2.523229
G	-2.033583	-2.387220	-2.259464	0.284158	0.533850	1.254498	1.254498	1.177565	-1.076018	-1.512750	-6.142107
H	0.635970	-1.749790	-1.749790	-1.749790	-0.618545	-0.658291	0.219837	-0.875321	0.325498	-1.076018	-4.334752
I	0.619444	-1.373923	0.007640	-1.441667	-1.023166	-0.875321	-0.542194	-0.182105	0.152514	-0.618545	-2.033583
K	-0.367320	-3.557145	-2.142107	-1.666374	-1.187911	-0.302903	0.105820	0.105820	-0.658291	0.479945	-4.334752
L	0.684441	0.700243	0.791584	-0.153422	-0.302903	0.081895	0.325498	0.761775	1.499945	0.945356	3.226399
M	-0.271742	-1.838326	-1.309217	-3.054644	-2.527397	-3.054644	-1.932654	-2.033583	-1.932654	-2.033583	0.129356
N	-1.587518	-4.334752	-1.130880	-1.309217	-0.579865	-0.618545	0.129356	0.304976	0.219837	-0.784555	-6.142107
P	-3.557145	3.095103	-0.434748	2.383414	1.317325	1.570420	1.108191	0.731337	-0.334752	-2.387220	-4.334752
Q	-1.441667	-0.972182	-2.033583	-0.784555	-0.658291	-0.367320	0.057565	-0.434748	0.700243	0.081895	-6.142107
R	0.175306	-0.972182	-1.838326	-1.666374	-2.527397	-0.875321	-0.241240	0.007640	-0.097713	0.032819	-3.557145
S	0.325498	-0.658291	-0.097713	0.423947	0.791584	1.047718	0.863517	1.096298	0.835173	1.188810	-4.972182
T	-0.211370	-1.441667	-1.749790	-0.241240	-0.469682	0.479945	0.057565	0.715874	0.668465	1.544393	-6.142107
V	0.746636	-0.434748	-0.334752	-1.441667	-0.829224	-0.579865	0.152514	0.007640	1.131689	0.568699	-0.829224
W	-6.142107	-2.033583	-2.033583	-2.142107	-4.972182	-3.557145	-3.557145	-4.334752	-4.972182	-6.142107	-2.682675
Y	1.481774	1.275745	0.219837	-0.618545	-1.932654	-1.512750	-1.838326	-1.187911	-0.469682	0.129356	1.254498
