A	-0.092446	-0.594947	-0.092446	-0.931982	-0.594947	-0.594947	0.279523	0.820091	0.105493	0.702734	0.574978	-2.009984
C	-3.179909	-3.179909	-3.179909	-3.179909	-3.179909	-3.179909	-2.009984	-3.179909	-3.179909	-3.179909	-2.009984	-3.179909
D	-3.179909	-3.179909	2.944212	1.990016	0.279523	2.720958	0.702734	0.574978	-0.321928	-1.372554	-0.594947	-3.179909
E	-1.372554	-0.321928	0.105493	0.105493	0.434801	0.574978	0.574978	0.279523	0.574978	0.105493	0.279523	-3.179909
F	1.774287	1.374680	0.279523	-0.321928	1.029544	-2.009984	-0.594947	-2.009984	-1.372554	-0.931982	-2.009984	2.492516
G	-2.009984	-0.931982	-1.372554	0.105493	1.029544	0.820091	1.123872	1.295824	1.123872	-0.594947	-0.594947	-3.179909
H	-0.321928	-0.931982	-1.372554	-1.372554	-0.594947	-0.931982	-0.931982	-1.372554	0.279523	0.702734	-0.092446	-2.009984
I	0.574978	-3.179909	0.105493	-0.321928	-0.594947	-0.594947	-0.931982	0.105493	-0.321928	-0.092446	-0.931982	-0.931982
K	0.105493	-2.009984	-3.179909	-1.372554	-0.594947	-2.009984	-0.321928	0.105493	-0.321928	-0.931982	0.434801	-3.179909
L	0.434801	-0.321928	0.434801	-0.594947	-0.321928	0.279523	-0.092446	0.702734	-0.931982	1.212408	0.574978	2.944212
M	0.279523	-3.179909	-1.372554	-2.009984	-3.179909	-2.009984	-0.931982	-2.009984	-3.179909	-1.372554	-3.179909	-0.321928
N	-3.179909	-3.179909	-2.009984	-0.321928	-0.594947	-2.009984	-0.092446	0.434801	-0.092446	0.279523	-1.372554	-3.179909
P	-3.179909	2.561558	-0.321928	2.177643	2.039259	0.820091	1.714909	0.928615	1.123872	0.105493	-1.372554	-3.179909
Q	-1.372554	-2.009984	-1.372554	-0.594947	-0.931982	-1.372554	-1.372554	0.105493	-0.931982	0.574978	0.702734	-3.179909
R	-0.594947	-1.372554	-0.931982	-1.372554	-2.009984	-1.372554	-1.372554	-1.372554	-0.931982	-0.321928	0.279523	-3.179909
S	0.702734	-0.931982	-0.321928	0.702734	0.574978	0.574978	0.574978	0.574978	1.123872	-0.321928	1.029544	-3.179909
T	-2.009984	-0.594947	-2.009984	-0.321928	0.105493	0.279523	0.279523	-0.092446	1.123872	1.029544	1.520531	-3.179909
V	0.928615	0.820091	-2.009984	-0.594947	-0.594947	-0.931982	0.105493	-0.321928	0.105493	0.434801	0.820091	-0.931982
W	-2.009984	-0.594947	-3.179909	-3.179909	-2.009984	-3.179909	-3.179909	-3.179909	-2.009984	-2.009984	-3.179909	-2.009984
Y	1.831318	1.652981	0.928615	-1.372554	-0.594947	-3.179909	-1.372554	-2.009984	-0.594947	-0.321928	-0.594947	1.520531
