A	0.293731	-0.784271	-0.784271	-0.146841	1.331206	-1.954196	-0.784271	1.133267	-0.146841	-0.784271	0.293731	-0.146841	-1.954196
C	-1.954196	-1.954196	-1.954196	-0.784271	-1.954196	-1.954196	-1.954196	-1.954196	-1.954196	-1.954196	-1.954196	-1.954196	-1.954196
D	-1.954196	-1.954196	3.164745	1.331206	-0.146841	-1.954196	2.746243	0.630766	1.505235	0.630766	-0.784271	-0.784271	-1.954196
E	-1.954196	-0.146841	0.293731	-0.146841	0.630766	0.293731	-0.146841	0.903785	-0.784271	0.630766	-0.146841	1.505235	-1.954196
F	2.438121	1.505235	0.630766	-0.784271	-1.954196	1.505235	-1.954196	-0.146841	-1.954196	-0.784271	-1.954196	-0.146841	2.675160
G	-0.784271	-1.954196	-0.784271	0.293731	-0.146841	1.133267	-0.146841	-0.146841	1.133267	0.630766	-0.784271	-1.954196	-1.954196
H	-0.784271	-0.784271	-1.954196	-0.146841	-0.784271	-0.784271	-0.784271	-0.784271	0.293731	0.293731	0.630766	-1.954196	-1.954196
I	-0.146841	-1.954196	-0.146841	-0.146841	0.293731	-0.146841	-0.784271	0.293731	-0.146841	0.293731	-0.146841	-1.954196	-0.784271
K	0.293731	-1.954196	-0.784271	-0.146841	-1.954196	-1.954196	0.903785	-1.954196	1.331206	0.903785	-1.954196	0.293731	-1.954196
L	-0.146841	0.293731	0.293731	-0.784271	0.293731	0.630766	-1.954196	0.630766	-1.954196	0.293731	1.660514	0.293731	2.349584
M	-0.146841	-1.954196	-1.954196	-1.954196	-0.146841	-1.954196	-0.784271	-0.784271	-1.954196	-0.784271	-0.784271	-0.784271	0.630766
N	-0.146841	-1.954196	-0.784271	-1.954196	0.293731	-0.146841	0.630766	0.293731	-0.784271	-1.954196	-0.146841	-0.784271	-1.954196
P	-1.954196	2.521537	-1.954196	2.154328	0.293731	0.903785	-0.784271	1.331206	0.293731	0.630766	-0.146841	-1.954196	-1.954196
Q	-1.954196	-0.784271	-1.954196	-0.784271	-0.784271	0.630766	-1.954196	-0.784271	-1.954196	0.293731	-0.784271	0.903785	-1.954196
R	-0.784271	-1.954196	-1.954196	0.293731	-1.954196	-0.784271	-0.784271	-1.954196	-0.784271	-1.954196	-0.146841	-0.146841	-1.954196
S	0.293731	-0.784271	-0.784271	-0.146841	1.800691	0.293731	-0.784271	0.293731	-0.146841	1.133267	1.505235	1.331206	-1.954196
T	-0.784271	-0.146841	-1.954196	-0.784271	-0.146841	-0.784271	0.293731	-0.146841	-1.954196	-0.146841	0.630766	1.331206	-1.954196
V	-0.146841	-1.954196	-1.954196	-0.146841	0.293731	-0.146841	-0.146841	-0.146841	1.133267	-0.146841	0.630766	0.630766	-0.784271
W	-1.954196	0.630766	-1.954196	-1.954196	-1.954196	-0.146841	-1.954196	-1.954196	-0.146841	-1.954196	-1.954196	-1.954196	-1.954196
Y	1.331206	1.133267	-0.146841	-0.784271	-1.954196	-0.146841	-0.784271	-1.954196	-0.146841	-1.954196	-1.954196	-1.954196	1.133267
