A	0.269400	0.725804	0.004550	-0.438621	1.188538	0.031550	0.350265	-5.380518
C	-4.540983	-5.821091	-6.458521	-6.458521	-3.324665	-5.043483	-3.628446	-6.458521
D	-2.562356	1.050155	3.446532	0.238833	-1.062392	-1.584051	-1.556983	-7.628446
E	-2.185502	-0.320107	0.299332	0.877366	-0.286371	-0.554304	1.160273	-7.628446
F	1.644184	1.318461	-0.988201	-1.244741	-0.834030	-1.202181	-0.850368	1.712517
G	-2.674249	-1.956020	-0.900525	0.350265	0.692355	-0.366351	-1.356983	-7.628446
H	0.314069	0.223304	-1.611637	-0.554304	0.652325	0.954637	0.126442	-5.043483
I	0.562614	-0.414126	-1.584051	-0.032256	-0.060489	0.493088	-0.883612	0.126442
K	-1.062392	-4.013736	-2.104884	0.753097	-0.501741	-0.595023	1.227980	-4.013736
L	0.634824	-0.169014	-1.140606	0.568771	-0.527783	0.628942	0.686704	3.545075
M	-0.724564	-1.991821	-3.236128	-2.315563	-2.617218	-1.789242	-2.028533	0.231089
N	-0.608855	-2.674249	-0.680078	-0.051017	-0.786095	-0.581322	-0.770465	-7.628446
P	-2.733628	1.790988	0.004550	1.196513	1.434275	0.453704	-2.458521	-7.628446
Q	-2.409277	-0.866894	-1.697708	-0.739702	-1.223304	0.392534	0.175685	-6.458521
R	-0.636924	-1.311033	-3.418992	0.126442	-0.988201	-0.297529	0.460343	-4.013736
S	0.774566	-0.022966	0.159457	0.167594	1.036890	0.611153	0.935704	-7.628446
T	-0.032256	-0.070025	-1.333825	0.466951	0.587087	0.658112	0.806183	-4.343043
V	1.114706	-0.169014	-1.081551	0.753097	0.926143	1.632474	0.725804	0.473530
W	-3.073857	-1.886979	-4.770465	-3.873558	-4.169014	-3.519921	-5.821091	-3.873558
Y	1.638341	0.940461	-1.697708	-1.727579	-1.611637	-1.244741	-0.540983	0.066783
