A	0.612404	0.875454	0.866965	-0.082161	0.257766	0.405761	0.279446	0.835667	-3.067590
C	-5.682448	-6.689716	-4.327550	-6.364876	-4.445628	-4.205330	-4.313448	-3.572558	-6.424255
D	-2.325426	-5.247610	1.872218	1.455818	-0.399278	-0.606115	-1.439106	-2.236258	-11.319072
E	-1.164571	-0.024308	0.058003	1.677445	0.133298	-0.150243	0.144835	1.065172	-10.149147
F	0.814150	-0.169166	-0.010022	-1.915528	-0.457210	-0.217589	-0.629948	-1.177284	1.781508
G	-1.113279	-2.932132	-1.493716	0.585374	0.399354	0.034764	-2.439489	-1.144147	-10.149147
H	0.194409	0.030624	-0.699311	-1.030206	0.018828	-0.538943	0.580190	-0.295145	-6.307845
I	0.276535	-0.724748	0.230351	-1.464204	0.182641	0.866190	0.212796	-1.193336	0.290453
K	0.790269	-4.871989	-1.144147	-0.102478	0.688393	-0.440830	-0.654181	0.757660	-3.911805
L	0.619313	1.572901	0.715297	-0.366149	0.531212	0.841193	1.162033	0.491600	3.219056
M	-0.837525	-1.319777	-0.924610	-2.998272	-2.216440	-1.886530	-1.671164	-2.155423	-0.091908
N	-0.499492	-5.071145	0.179528	-0.383539	-0.362515	-0.471819	-0.325780	-0.723582	-11.319072
P	-4.231609	2.088295	0.078201	1.740272	0.566433	0.746344	0.674308	-2.609988	-9.511717
Q	-0.594345	0.300804	-0.193982	-0.184325	-0.107032	-0.032948	0.573091	0.507079	-8.734110
R	0.606389	0.255403	-1.942404	-1.288405	0.126201	-0.640912	-0.158886	0.365786	-4.141653
S	1.091909	-0.811278	0.697127	0.731542	0.569766	0.668103	0.459108	1.356775	-11.319072
T	0.458080	-0.787935	-0.423686	-0.277071	0.315625	0.634397	0.591945	1.072574	-6.618633
V	0.492603	0.150570	-0.112363	-0.947568	0.834084	1.189527	1.087598	0.587724	1.280957
W	-3.650187	-2.858616	-2.439489	-4.327550	-3.171867	-4.092660	-2.605686	-5.024452	-2.712667
Y	0.553506	0.988982	-0.205330	-2.318368	-0.902011	-1.431471	-0.640912	-0.553372	1.152539
