A	0.856468 1.600964 -0.005131 2.887217 1.762085 2.283679 2.041236 2.022325 2.291757
C	-6.776039 -6.776349 -6.774206 -3.317095 -6.776349 -3.316965 -6.776349 -6.776349 -6.776349
D	-6.699711 -0.480531 -1.786373 -3.148560 -1.131452 -2.248341 -1.057698 -1.864418 -2.304961
E	-0.250371 -0.686657 -6.385489 -6.442729 0.995026 1.650976 1.105008 0.934773 -0.389852
F	1.141799 -0.838770 -3.265922 -3.355905 -2.383828 -6.774670 -2.383627 -0.831861 -3.312091
G	-2.146487 0.064748 -1.283731 2.983149 -0.231308 -3.229591 -1.358987 -1.220513 1.171694
H	-6.591958 0.873626 -3.440693 -3.232118 -1.400309 -6.760092 -0.419577 -2.242253 -2.394585
I	1.812137 -0.926289 -3.203138 -6.718021 -0.605539 0.970056 -1.247409 -0.981047 0.650706
K	-6.688975 0.407962 -3.307390 -6.719373 0.856132 -6.773745 -0.995903 -0.126004 -6.766850
L	0.623824 -1.394168 -6.770468 -6.764282 0.281265 -0.069764 -0.495374 0.548391 -0.785940
M	-1.747768 -3.252765 -5.583103 -6.769942 -6.774316 -6.776304 -2.384160 -6.776023 -6.775248
N	-6.587381 0.066231 -6.766593 -2.147586 -2.665410 -6.640850 0.113799 -1.165570 -2.357336
P	1.790188 -6.371140 -6.706120 -6.744879 -0.631296 1.465860 -0.876085 0.767456 -2.239389
Q	-2.330166 -0.586878 -6.725595 -3.218617 0.324649 -3.828961 1.217007 -0.425195 -1.436369
R	-6.731301 0.465318 -6.762777 -6.741435 0.298701 -6.760273 0.731315 0.070969 -2.379453
S	-6.623730 1.385376 3.195499 1.687733 0.139380 0.418693 1.426941 0.743674 2.282890
T	-0.927622 1.125889 3.062616 -1.527566 0.427533 0.584635 -0.806624 0.905617 0.129629
V	1.859119 -0.033401 -1.867826 -1.807841 1.586280 1.545019 -0.260038 0.355878 1.126894
W	-0.339415 -6.682651 -6.768306 -6.776311 -3.316919 -6.776327 -3.316304 -3.316919 -6.776266
Y	-0.158764 -0.063919 -6.682064 -6.204644 -2.320155 -6.773912 -1.820290 -0.368987 -1.762133
