A	-10.310575 0.159645 1.376913 0.626538 0.435818 1.845703 0.786837 0.350583 1.404391
C	-10.480914 -6.937809 -2.463457 -3.292525 -5.823588 -3.159772 -5.087069 -5.887912 -1.469418
D	-10.351498 -1.616764 -2.134300 -2.780897 -0.406510 0.317691 -1.037461 -0.967386 -1.608945
E	-10.369521 0.468256 -0.359342 -0.161976 -0.002989 -0.576196 0.534028 0.257964 -2.015118
F	2.721447 -0.944210 -0.221294 0.322339 -1.488261 -3.932467 -0.022475 -1.056833 -2.165829
G	-10.328847 -1.762123 -0.428931 -3.240515 -0.131699 1.262193 -0.196307 -0.079926 0.278687
H	-10.381245 -0.267350 -0.664055 -2.571135 -0.414711 -4.328336 0.066735 -0.255467 -4.762505
I	1.511387 0.450971 0.776683 1.326376 -0.363832 -3.799153 0.164181 -0.550055 1.330708
K	-10.162544 1.126484 0.133495 -2.530377 1.502412 -4.617354 0.598958 1.085017 -3.340639
L	0.973375 0.736224 0.800122 2.289280 -0.292783 -4.760885 0.791537 1.188363 2.083445
M	-2.444911 -2.166205 -0.914352 -0.164060 -2.254620 -10.352585 -2.211592 -2.032377 -2.272520
N	-10.160502 -0.636804 -1.010611 -3.877592 -0.345601 1.319537 0.049901 -0.704347 -0.016016
P	-10.235543 -10.420452 0.207278 -4.688826 0.495599 0.421251 0.245895 1.056556 -2.416203
Q	-10.305553 0.154547 -0.032282 -1.266142 -0.037094 -3.019222 0.457567 0.176167 -1.698698
R	-10.278344 1.396247 -0.086121 -5.442749 0.838447 -6.179067 0.261028 0.885235 -2.508172
S	-10.244007 0.252261 0.722749 0.667927 0.754031 2.513839 0.004828 0.361618 0.733078
T	-10.219496 0.219961 -0.253949 0.871339 0.732299 0.410159 -0.254344 -0.228077 -0.470077
V	-0.091854 1.227236 0.526391 1.412315 0.399145 -0.605477 0.375955 -0.037352 1.905328
W	-0.261192 -1.780096 -2.545432 -3.021568 -3.894768 -9.218596 -2.133223 -3.627677 -7.273701
Y	2.727629 -0.506541 0.297814 -0.784861 -0.920265 -4.593271 -0.591692 -0.878518 -3.506317
