A	0.143836	-2.866733	1.119945	0.385654	0.964667	0.195551	0.573281	0.704015	2.383426	4.057380
C	-4.784271	-5.954196	-1.845672	-4.146841	-4.784271	-3.706269	-5.954196	-2.494765	-2.494765	-2.071553
D	-0.835255	-5.954196	-0.888107	1.319599	-0.212729	-0.179409	-0.146841	-3.096215	-3.096215	-5.954196
E	1.037326	-4.784271	-1.845672	1.185355	-0.212729	-0.053330	-0.179409	-1.059379	0.245476	-5.954196
F	-0.083832	-4.784271	0.903785	-1.744743	-0.281771	-0.784271	0.090198	-0.354283	-2.339486	-1.186012
G	-1.121306	-3.706269	-1.399607	0.513409	0.856375	1.159546	1.092928	-2.071553	-0.281771	-5.954196
H	1.515446	3.203151	0.823881	-0.735028	-0.354283	-0.281771	-0.430634	-0.281771	-2.199309	-5.954196
I	-1.186012	-5.954196	0.143836	-1.561879	-0.146841	-0.888107	0.117266	0.888154	-0.391954	-2.339486
K	-1.845672	-2.494765	-0.511253	0.269805	-0.391954	0.472068	-0.053330	-1.059379	-1.324840	-5.954196
L	-1.121306	-1.954196	0.721761	0.169925	1.065394	0.686049	1.008700	1.431666	-1.324840	-0.391954
M	-0.553317	-5.954196	-0.596644	-2.866733	-1.845672	-2.339486	-1.561879	-1.186012	-3.706269	-3.706269
N	0.592698	-5.954196	0.195551	-0.179409	-0.354283	-1.561879	-0.317572	-0.354283	-2.199309	-5.954196
P	-5.954196	-3.369234	0.363216	1.172508	0.823881	0.888154	0.245476	0.450945	-0.281771	-3.096215
Q	0.592698	0.553598	-0.317572	0.245476	-0.317572	0.005806	0.005806	-0.023459	-0.179409	-4.784271
R	-0.784271	3.028797	-0.246837	-0.354283	-0.317572	0.143836	0.649430	-0.391954	-1.561879	-5.954196
S	1.235628	-3.096215	-0.146841	0.739291	0.773724	0.872352	-0.114993	-0.430634	1.817293	-3.369234
T	1.484596	-5.954196	-1.253757	-0.281771	-0.391954	0.143836	0.169925	0.492887	0.964667	-4.146841
V	-1.186012	-4.146841	0.195551	-0.687410	0.721761	0.686049	0.220729	1.723523	1.354143	0.169925
W	-3.369234	-5.954196	-1.059379	-4.146841	-2.668794	-3.096215	-2.668794	-1.650416	-5.954196	-5.954196
Y	-0.281771	-4.146841	0.649430	-1.121306	-1.324840	-0.735028	-1.186012	-0.687410	-3.096215	-3.706269
