A	-0.050123	-2.872125	1.280522	0.215338	1.159724	0.844082	1.568447	0.920433	0.215338	2.367644	4.109238
C	-4.679480	-4.679480	-1.394078	-4.679480	-4.679480	-2.872125	-2.094518	-4.679480	-2.094518	-3.509555	-2.431553
D	-0.679480	-3.509555	-1.064770	1.544522	-0.679480	0.020960	-0.570956	-0.287163	-3.509555	-3.509555	-4.679480
E	0.763463	-4.679480	-2.431553	1.520192	0.439461	0.153410	0.439461	0.020960	-0.924593	0.439461	-4.679480
F	-0.570956	-4.679480	1.280522	-2.872125	0.020960	-1.592017	-2.872125	-0.570956	0.020960	-4.679480	-2.094518
G	-0.924593	-4.679480	-1.394078	-0.050123	0.633403	1.251257	1.061987	0.633403	-1.821499	-1.220048	-4.679480
H	1.190885	3.523868	-0.287163	0.153410	-0.375699	-0.375699	-0.796837	0.274716	-0.287163	-2.094518	-4.679480
I	-1.394078	-3.509555	0.153410	-0.679480	-0.203747	0.215338	-0.796837	0.020960	0.587306	-0.287163	-3.509555
K	-1.592017	-2.094518	-0.796837	-0.796837	-1.064770	-0.924593	0.804336	0.490445	-1.064770	-1.064770	-4.679480
L	-0.679480	-1.821499	1.568447	-0.203747	0.844082	0.804336	0.844082	0.957145	1.905482	-1.220048	-1.220048
M	-0.679480	-4.679480	-0.287163	-2.431553	-3.509555	-2.094518	-2.094518	-1.064770	-0.796837	-2.872125	-4.679480
N	0.331747	-4.679480	-0.124891	-0.375699	-1.064770	-0.470027	-0.924593	-0.679480	-0.287163	-2.872125	-4.679480
P	-4.679480	-2.872125	-0.050123	1.095307	0.882762	0.957145	-0.375699	0.088704	-0.287163	-0.050123	-1.592017
Q	1.095307	-0.375699	-0.796837	0.215338	0.020960	-0.050123	-0.124891	-0.375699	0.920433	-0.470027	-4.679480
R	-0.924593	2.640192	-0.287163	-0.679480	-0.796837	-0.570956	-0.287163	0.587306	0.020960	-1.394078	-4.679480
S	1.364914	-4.679480	0.539688	1.190885	1.127875	0.804336	0.882762	0.386609	-0.375699	1.867414	-3.509555
T	1.495446	-4.679480	-2.872125	-0.570956	0.215338	0.088704	-0.287163	-0.050123	0.386609	1.027879	-2.431553
V	-1.220048	-4.679480	-0.375699	-1.064770	0.539688	0.490445	0.490445	0.153410	0.920433	1.418552	-0.375699
W	-3.509555	-4.679480	-0.924593	-4.679480	-2.872125	-4.679480	-2.872125	-2.431553	-1.592017	-4.679480	-4.679480
Y	0.439461	-2.872125	0.331747	-1.394078	-1.592017	-2.094518	-1.394078	-1.220048	-0.470027	-2.872125	-4.679480
