A	0.591194	-2.266787	0.318176	0.820676	1.192645	1.192645	1.018616	0.591194	-0.018859	0.820676	2.125531	3.932886
C	-2.266787	-2.266787	-2.266787	-2.266787	-2.266787	-2.266787	-2.266787	-2.266787	-2.266787	-2.266787	-2.266787	-2.266787
D	-0.018859	-2.266787	-0.459432	1.733213	-1.096862	1.192645	0.318176	0.820676	-1.096862	-2.266787	-1.096862	-2.266787
E	0.820676	-1.096862	-2.266787	0.591194	-2.266787	0.820676	-1.096862	-1.096862	-0.459432	-2.266787	-2.266787	-2.266787
F	-0.018859	-2.266787	2.036994	-1.096862	-1.096862	0.591194	-2.266787	-0.018859	-0.018859	0.591194	-2.266787	-2.266787
G	-2.266787	-2.266787	-1.096862	0.591194	1.192645	0.591194	1.942667	1.841738	1.347923	-1.096862	-0.018859	-2.266787
H	1.615857	3.134093	-0.018859	-0.459432	0.591194	-0.018859	-1.096862	-2.266787	-1.096862	0.591194	-2.266787	-2.266787
I	-1.096862	-2.266787	0.591194	-1.096862	-1.096862	-2.266787	-1.096862	-0.018859	0.591194	0.318176	-1.096862	-2.266787
K	-2.266787	-1.096862	0.820676	-2.266787	-1.096862	-0.459432	0.318176	0.318176	-2.266787	-1.096862	-1.096862	-2.266787
L	-2.266787	-2.266787	0.591194	-1.096862	1.018616	-0.459432	-1.096862	-2.266787	1.192645	1.347923	-1.096862	-1.096862
M	-0.018859	-2.266787	-0.018859	-2.266787	-2.266787	-0.018859	-2.266787	-2.266787	-0.459432	-2.266787	-1.096862	-2.266787
N	0.318176	-2.266787	-1.096862	0.318176	-0.459432	-0.459432	-1.096862	-2.266787	-1.096862	0.591194	-2.266787	-2.266787
P	-2.266787	-0.459432	1.018616	0.820676	1.018616	0.591194	1.192645	0.318176	0.820676	-0.018859	-0.459432	-2.266787
Q	0.318176	-1.096862	-0.459432	-0.018859	-1.096862	-0.459432	-0.459432	-0.018859	-0.018859	-0.018859	-2.266787	-2.266787
R	-2.266787	2.628031	-1.096862	-2.266787	-0.018859	-1.096862	-2.266787	-0.459432	0.318176	-0.459432	-2.266787	-2.266787
S	1.018616	-2.266787	-0.459432	1.615857	0.591194	-0.018859	0.318176	1.488101	0.318176	-0.459432	2.036994	-2.266787
T	1.488101	-2.266787	-2.266787	-1.096862	-0.018859	-0.459432	0.591194	-0.018859	0.591194	0.591194	1.615857	-1.096862
V	-1.096862	-2.266787	-0.459432	-0.018859	1.018616	-0.018859	1.018616	-0.459432	0.318176	1.347923	1.347923	-1.096862
W	-2.266787	-2.266787	-2.266787	-2.266787	-2.266787	-2.266787	-2.266787	-2.266787	-2.266787	-1.096862	-2.266787	-2.266787
Y	-0.018859	-2.266787	-0.459432	-2.266787	-1.096862	-1.096862	-1.096862	-0.459432	-2.266787	-2.266787	-2.266787	-2.266787
