A	-1.129283	-1.129283	-1.129283	-1.129283	1.118644	0.678072	1.118644	0.040642	0.678072	1.118644	-1.129283	1.728698	3.500074
C	-1.129283	-1.129283	0.040642	-1.129283	-1.129283	-1.129283	-1.129283	-1.129283	-1.129283	-1.129283	-1.129283	-1.129283	-1.129283
D	0.040642	0.040642	-1.129283	1.118644	-1.129283	-1.129283	1.118644	-1.129283	-1.129283	0.040642	0.040642	-1.129283	-1.129283
E	0.040642	-1.129283	-1.129283	0.040642	-1.129283	0.040642	1.118644	-1.129283	0.040642	-1.129283	-1.129283	-1.129283	-1.129283
F	0.040642	-1.129283	2.156119	-1.129283	-1.129283	-1.129283	0.040642	0.040642	-1.129283	0.040642	-1.129283	-1.129283	-1.129283
G	-1.129283	0.040642	-1.129283	1.958180	1.118644	1.118644	1.728698	1.958180	1.728698	0.678072	-1.129283	-1.129283	-1.129283
H	0.678072	2.156119	0.040642	0.040642	-1.129283	0.678072	0.040642	0.040642	0.040642	-1.129283	0.040642	-1.129283	-1.129283
I	-1.129283	-1.129283	-1.129283	-1.129283	0.040642	-1.129283	-1.129283	-1.129283	0.040642	1.118644	0.678072	-1.129283	-1.129283
K	-1.129283	0.040642	-1.129283	0.040642	-1.129283	0.040642	0.040642	1.118644	-1.129283	-1.129283	0.040642	-1.129283	-1.129283
L	-1.129283	-1.129283	1.118644	-1.129283	1.118644	-1.129283	-1.129283	0.040642	0.040642	0.678072	0.678072	-1.129283	-1.129283
M	-1.129283	-1.129283	-1.129283	-1.129283	0.040642	0.040642	-1.129283	-1.129283	-1.129283	0.040642	-1.129283	-1.129283	-1.129283
N	0.040642	-1.129283	-1.129283	-1.129283	-1.129283	-1.129283	-1.129283	-1.129283	0.040642	-1.129283	0.040642	-1.129283	-1.129283
P	-1.129283	-1.129283	0.040642	0.040642	1.118644	0.678072	-1.129283	0.040642	-1.129283	0.678072	0.040642	-1.129283	-1.129283
Q	0.678072	-1.129283	-1.129283	0.040642	0.678072	0.040642	-1.129283	0.040642	0.678072	-1.129283	0.678072	-1.129283	-1.129283
R	-1.129283	2.485427	-1.129283	-1.129283	-1.129283	-1.129283	-1.129283	-1.129283	-1.129283	-1.129283	-1.129283	-1.129283	-1.129283
S	1.118644	-1.129283	-1.129283	1.455679	0.040642	1.118644	0.678072	1.118644	0.678072	0.678072	-1.129283	2.330149	-1.129283
T	1.728698	-1.129283	-1.129283	0.040642	0.040642	1.118644	-1.129283	-1.129283	0.678072	-1.129283	1.118644	1.118644	-1.129283
V	0.040642	-1.129283	0.678072	-1.129283	0.040642	-1.129283	-1.129283	0.040642	-1.129283	0.678072	1.728698	1.118644	-1.129283
W	-1.129283	-1.129283	0.040642	-1.129283	-1.129283	-1.129283	-1.129283	-1.129283	-1.129283	-1.129283	-1.129283	-1.129283	-1.129283
Y	0.678072	-1.129283	1.118644	-1.129283	-1.129283	-1.129283	-1.129283	-1.129283	0.040642	-1.129283	-1.129283	-1.129283	-1.129283
