A	0.217663	-3.902431	0.342682	-0.147543	-0.442999	-0.147543	1.764746	3.438408
C	-7.657318	-7.657318	-3.102730	-5.072356	-2.956879	-5.072356	-3.181585	-0.348979
D	0.718807	-6.487393	-2.299766	-1.640510	-7.657318	-1.726581	-2.095076	-7.657318
E	0.930459	-3.353538	-1.362698	0.270460	-2.057406	-0.383523	0.761588	-7.657318
F	-0.051839	-3.027962	1.311348	-0.442999	-0.042609	0.202216	-3.027962	-4.371916
G	-1.295375	-6.487393	-0.665797	-0.556656	-0.596623	-3.548794	-0.694422	-6.487393
H	1.626927	3.707500	0.020401	-0.665797	-1.640510	0.949087	-1.362698	-7.657318
I	-1.035267	-3.657318	0.635003	0.533741	1.353909	0.576301	-0.610195	-0.282279
K	-2.057406	-3.657318	-0.315244	1.090035	-1.882531	-0.543576	0.444657	-7.657318
L	-0.293184	-3.265001	1.314943	1.339861	1.816387	0.635003	-0.360402	-0.680039
M	-0.569856	-5.409391	-0.651694	-2.390532	-0.610195	-1.849964	-2.256439	-4.799337
N	0.451206	-3.774675	-0.282279	-1.035267	-1.640510	-0.455195	-1.818115	-7.657318
P	-4.799337	-2.256439	-1.110424	0.680303	-0.556656	1.073152	-1.149524	-2.095076
Q	-0.033437	1.110866	0.046585	0.377481	0.611808	0.097569	0.285196	-7.657318
R	-0.999107	1.856409	-0.360402	0.496234	-3.027962	-0.127888	-0.079890	-7.657318
S	1.043121	-4.197887	-0.197887	-0.051839	0.391168	-0.282279	1.442029	-2.390532
T	0.718807	-5.072356	0.240527	0.072302	1.179521	0.424831	0.994630	-0.708951
V	-0.479899	-3.548794	0.848493	0.921054	1.777831	1.412131	1.418829	2.522280
W	-2.646091	-5.849964	-0.946512	-3.353538	-5.849964	-1.533197	-5.409391	-7.657318
Y	0.186603	-3.548794	-0.079890	-1.362698	-1.949959	-0.260714	-3.027962	-6.487393
