A	0.580959	-0.707174	0.883125	0.205805	0.314366	0.362361	0.200786	1.882499	3.062836
C	-6.700584	-9.285547	-2.681920	-5.285547	-4.018760	-3.884667	-3.214084	-3.578188	-1.505827
D	-0.702464	-8.115622	-0.887872	0.833719	-1.190150	-1.599046	-2.047142	-2.337179	-9.285547
E	0.391292	-1.921412	-2.443196	1.162828	-0.342299	-0.390729	-0.163366	0.981533	-8.115622
F	0.302699	-5.530659	1.110255	-1.607827	0.328243	-0.033473	-0.267347	-2.507470	-1.292608
G	-0.436924	-2.817941	-1.473369	0.428269	0.451701	-0.298994	-3.415182	-1.016420	-5.826115
H	0.936946	2.283597	0.434698	-1.051927	-0.027570	-0.263873	0.539810	-1.119384	-6.198084
I	-0.799717	-4.066378	0.302699	-0.542395	0.480982	1.156360	0.592504	-0.866640	0.553657
K	-0.179638	-1.625551	0.004472	0.453812	0.307377	-0.277819	-0.529825	0.225712	-9.285547
L	-0.665327	-0.039400	0.926342	0.458025	0.977135	0.932411	1.462436	-0.542395	1.882499
M	-0.931297	-2.238423	-0.563593	-2.322651	-1.746388	-1.826115	-1.314003	-2.859282	-2.145995
N	0.032996	-3.685634	0.123314	-0.716641	-0.468563	-1.144717	-0.620211	-1.372657	-8.115622
P	-6.427566	-1.070014	-0.081587	1.720955	0.180530	1.054303	0.592504	-0.861380	-1.433798
Q	0.328243	2.360449	-0.250060	0.271917	0.069254	0.183077	0.586743	0.210808	-9.285547
R	0.455920	2.615603	-0.517362	-0.529825	-0.018760	-0.342299	-0.010004	-0.338640	-9.285547
S	1.298241	-3.296862	0.421812	0.458025	0.419654	0.267122	-0.386945	1.711280	-2.719493
T	0.825589	-5.076093	-0.405963	-0.452657	0.066497	0.312040	0.159986	0.956436	-1.522334
V	-0.390729	-3.061545	0.131251	-0.302553	0.969777	1.212305	1.218527	0.948971	2.097618
W	-3.648922	-9.285547	-1.522334	-3.384680	-2.777752	-3.842603	-1.846755	-5.177022	-8.115622
Y	0.415326	-1.164013	0.565421	-2.337179	-0.779735	-1.314003	-0.452657	-1.616662	-1.717591
