A	1.654557	-5.645374	0.939588	0.161981	0.959228	0.666076	0.303915	0.546529	1.428063	1.910022
C	-7.893302	-7.893302	-6.085947	-5.308339	-7.893302	-5.645374	-7.893302	-6.085947	-3.683848	-6.085947
D	-5.035321	-5.035321	-0.444153	1.523496	0.421848	-0.678982	-0.562385	-0.779559	-1.876493	-7.893302
E	-1.904617	4.285752	0.694476	2.082905	0.947476	0.410479	0.444320	1.202755	1.152458	-6.723377
F	-1.743554	-6.085947	0.387469	-1.598681	-0.901780	-1.066753	-0.393456	-1.509597	-1.848907	0.416175
G	0.970885	-6.085947	-1.199815	0.393256	0.785299	0.670848	0.291574	-2.054098	-1.115224	-6.723377
H	-0.753750	-6.723377	-1.035321	-1.669300	-1.327247	-0.944934	-1.019857	-0.041552	-1.148468	-4.433870
I	-1.904617	-6.723377	1.343908	-1.050951	-0.113582	0.241125	0.740602	0.416175	-0.691178	-0.518262
K	1.978989	-5.035321	0.444320	0.234693	0.148358	0.546529	0.627317	0.078242	0.632219	-4.278592
L	-1.271250	-3.125117	1.012837	0.027051	0.427499	1.155866	1.071761	0.713104	0.493639	3.285674
M	-1.769180	-5.308339	-0.260306	-2.151835	-1.933300	-1.933300	-1.446218	-1.848907	-2.369740	-0.251250
N	-2.774360	-5.645374	-0.486034	-0.413521	0.148358	-0.081124	0.134604	0.285363	-1.425696	-7.893302
P	-7.893302	-5.308339	-1.718376	0.027051	0.887238	0.285363	0.099637	-0.049380	-1.346407	0.063801
Q	-0.073123	-5.035321	0.541327	0.646827	0.019588	0.399020	0.260251	0.970885	0.646827	-7.893302
R	2.044808	-5.645374	-0.944934	-0.507439	-0.584963	0.410479	0.041864	0.071039	-0.163681	-6.723377
S	0.772034	-4.433870	-0.486034	0.477386	0.632219	0.322231	-0.026023	-0.065165	1.179501	-3.060412
T	-0.081124	-4.805839	-1.019857	-0.703477	-0.198073	0.085409	0.019588	0.260251	1.049946	-1.509597
V	-1.848907	-6.085947	0.455427	-0.974438	0.141497	0.266570	0.632219	0.911636	0.907598	0.085409
W	-3.417568	-6.723377	-1.743554	-3.893302	-3.893302	-4.278592	-2.774360	-2.827212	-5.035321	-3.263945
Y	-0.916022	-5.645374	-0.215582	-1.933300	-1.962564	-1.553452	-1.082730	-1.327247	-1.693629	-0.354143
