A	2.026984	-6.633903	1.112611	0.299787	1.061325	0.518381	0.773364	0.885733	0.505648	1.487630	2.432186
C	-6.633903	-6.633903	-6.633903	-6.633903	-5.463978	-6.633903	-5.463978	-4.826548	-4.826548	-6.633903	-5.463978
D	-4.826548	-4.826548	-0.030277	1.599716	0.685769	0.708171	-0.271960	-0.362440	-1.071661	-2.633903	-6.633903
E	-3.019194	4.205497	0.371721	2.298311	1.095717	1.043816	0.875872	0.492801	0.604501	0.815245	-6.633903
F	-1.801013	-6.633903	0.639892	-1.367117	-1.190960	-1.739086	-1.110341	-0.892436	-1.150088	-3.019194	0.299787
G	0.855945	-6.633903	-2.525379	0.466759	0.568220	0.855945	1.026092	0.555921	-2.004547	-1.801013	-6.633903
H	-1.071661	-6.633903	-1.367117	-2.424450	-1.367117	-1.276351	-0.826548	-1.110341	0.685769	-1.933464	-6.633903
I	-1.567814	-2.330123	1.137586	-0.589509	-0.535871	-0.339283	-0.562441	0.628191	0.076903	-0.562441	-0.763539
K	1.593713	-6.633903	-0.126109	-0.794700	-0.892436	0.284960	0.708171	0.543516	-0.048941	0.426793	-6.633903
L	-1.367117	-0.385976	1.008148	0.385687	0.580416	0.453559	0.371721	0.825528	0.616395	0.543516	3.179477
M	-1.865719	-2.751260	-0.030277	-1.865719	-1.739086	-2.424450	-2.158170	-2.424450	-1.463978	-2.079315	-0.484156
N	-4.826548	-6.633903	-0.339283	-0.859116	-0.228762	-0.126109	0.160512	-0.250199	-0.030277	-2.004547	-6.633903
P	-6.633903	-6.633903	-2.633903	0.371721	0.943525	0.299787	0.224078	0.176668	-0.859116	-2.241586	-0.434231
Q	-0.146063	-3.546441	0.835738	0.299787	-0.106426	0.426793	-0.011852	0.628191	1.202147	0.466759	-6.633903
R	2.202936	-6.633903	-1.233024	-1.514962	-1.150088	-0.207639	-0.535871	-0.011852	0.943525	-0.339283	-6.633903
S	0.783949	-5.463978	-0.166298	0.239541	1.017148	1.008148	0.815245	0.440238	-0.186820	1.387077	-3.775922
T	-0.535871	-4.048941	-1.414735	-0.673901	0.094017	0.314464	0.399520	-0.146063	0.284960	1.387077	-1.801013
V	-1.190960	-3.019194	0.413221	-0.763539	-0.087009	-0.146063	0.239541	0.568220	0.885733	1.448246	0.254840
W	-3.174472	-6.633903	-1.463978	-4.048941	-3.775922	-4.826548	-3.775922	-3.775922	-2.633903	-4.048941	-3.546441
Y	-0.617095	-6.633903	0.269978	-2.751260	-0.859116	-2.158170	-1.276351	-2.525379	-1.110341	-2.158170	-0.926544
