A	2.247093	-4.092757	0.973332	0.116696	1.026184	0.299560	0.607683	0.802061	0.675427	0.607683	1.469485	3.097067
C	-4.092757	-4.092757	-4.092757	-4.092757	-4.092757	-2.922832	-4.092757	-4.092757	-4.092757	-4.092757	-4.092757	-4.092757
D	-4.092757	-4.092757	-0.633326	2.056990	0.382976	0.461832	0.973332	0.015767	0.015767	-1.005294	-4.092757	-4.092757
E	-4.092757	4.193801	0.382976	2.354326	1.264795	0.973332	0.607683	0.211024	0.211024	-0.478047	0.382976	-4.092757
F	-4.092757	-4.092757	1.308122	-1.507795	-1.844830	-1.234776	-1.507795	-2.922832	-2.922832	-0.633326	-2.285402	-0.807355
G	0.536599	-4.092757	-4.092757	0.607683	0.861439	1.391059	1.026184	1.777608	1.077168	-1.005294	-1.507795	-4.092757
H	-0.337870	-4.092757	-2.285402	-2.922832	-2.285402	-1.507795	-0.807355	-0.807355	-1.234776	0.918470	-4.092757	-4.092757
I	-2.285402	-4.092757	1.391059	-1.844830	0.211024	-1.005294	-0.210114	-0.092757	0.299560	0.536599	-0.807355	-1.005294
K	1.837980	-4.092757	-0.807355	-1.234776	-2.285402	0.607683	0.299560	0.299560	0.382976	-0.633326	-0.633326	-4.092757
L	-2.922832	-0.807355	0.607683	0.382976	0.299560	0.116696	0.382976	0.461832	0.740133	0.116696	-0.092757	2.780687
M	-2.922832	-4.092757	0.116696	-2.922832	-1.507795	-1.844830	-2.285402	-1.507795	-1.844830	-1.507795	-2.922832	-1.507795
N	-4.092757	-4.092757	-0.807355	-1.005294	-0.337870	-0.092757	0.015767	-0.807355	-0.633326	0.116696	-1.234776	-4.092757
P	-4.092757	-4.092757	-1.507795	-0.807355	1.350186	-0.210114	0.299560	-0.210114	0.861439	-0.633326	-1.844830	-0.092757
Q	-1.005294	-2.922832	1.682030	-0.210114	-1.507795	0.116696	-0.092757	0.299560	0.116696	0.116696	0.675427	-4.092757
R	2.492205	-4.092757	-1.844830	-1.507795	-1.234776	-0.337870	-0.807355	-1.234776	-0.210114	0.740133	-1.005294	-4.092757
S	0.299560	-4.092757	-0.807355	0.299560	1.026184	1.220126	1.350186	0.675427	1.264795	0.211024	1.837980	-4.092757
T	-0.807355	-4.092757	-1.844830	-0.807355	-0.210114	-0.478047	-0.210114	0.740133	0.015767	1.077168	1.430805	-1.234776
V	-1.844830	-4.092757	0.015767	-0.337870	0.211024	0.299560	-0.337870	0.607683	0.116696	1.077168	1.895928	-0.092757
W	-2.922832	-4.092757	-2.285402	-2.285402	-2.922832	-4.092757	-4.092757	-4.092757	-4.092757	-2.285402	-4.092757	-4.092757
Y	-1.844830	-4.092757	0.015767	-1.507795	-0.633326	-1.005294	-1.507795	-4.092757	-4.092757	-0.807355	-4.092757	-2.285402
