A	2.409644	-2.066089	1.688798	0.181838	1.021374	1.393342	0.791892	0.791892	1.021374	0.518873	1.021374	1.393342	3.457473
C	-2.066089	-2.066089	-2.066089	-2.066089	-2.066089	-2.066089	-2.066089	-2.066089	-2.066089	-2.066089	-2.066089	-2.066089	-2.066089
D	-2.066089	-2.066089	0.181838	1.816554	-0.896164	0.181838	0.181838	0.181838	-0.258734	-0.258734	0.181838	-2.066089	-2.066089
E	-2.066089	3.922595	0.518873	1.548621	0.181838	1.021374	0.791892	0.181838	0.791892	0.181838	-2.066089	1.021374	-2.066089
F	-2.066089	-2.066089	0.518873	-0.258734	-2.066089	0.181838	-2.066089	-2.066089	-2.066089	-2.066089	-2.066089	-2.066089	-2.066089
G	0.518873	-2.066089	-2.066089	0.791892	1.219313	1.393342	0.791892	1.219313	1.393342	1.548621	-0.258734	-0.896164	-2.066089
H	-2.066089	-2.066089	0.518873	-2.066089	-2.066089	-2.066089	-2.066089	-2.066089	0.181838	-0.896164	-0.896164	-2.066089	-2.066089
I	-2.066089	-2.066089	-0.896164	-2.066089	0.181838	0.181838	-0.258734	-0.258734	-0.258734	-0.896164	-0.896164	-0.896164	-2.066089
K	1.548621	-2.066089	-0.896164	-0.258734	-2.066089	-2.066089	0.181838	0.518873	0.791892	1.393342	-0.896164	0.181838	-2.066089
L	-2.066089	-0.896164	0.181838	-0.258734	0.791892	-0.896164	0.791892	-0.896164	-2.066089	0.181838	-0.896164	-0.896164	1.933911
M	-2.066089	-2.066089	0.518873	-0.896164	-2.066089	-2.066089	-2.066089	-2.066089	-2.066089	-2.066089	-2.066089	-2.066089	-0.896164
N	-2.066089	-2.066089	-2.066089	-0.896164	-2.066089	-0.896164	1.021374	0.518873	-0.896164	-2.066089	0.518873	-2.066089	-2.066089
P	-2.066089	-2.066089	-0.896164	0.791892	1.933911	0.518873	-0.258734	0.791892	-0.258734	0.181838	0.518873	-2.066089	-0.896164
Q	-2.066089	-2.066089	1.393342	0.181838	-0.896164	-0.258734	-2.066089	-0.896164	0.518873	0.518873	1.688798	-0.896164	-2.066089
R	2.143364	-2.066089	-0.896164	-2.066089	-2.066089	-0.896164	-0.258734	-0.258734	-0.258734	-2.066089	1.219313	-2.066089	-2.066089
S	1.021374	-2.066089	-0.896164	0.518873	0.181838	1.021374	0.791892	0.518873	1.021374	1.393342	-0.258734	1.933911	-2.066089
T	-2.066089	-2.066089	-2.066089	-0.258734	-0.896164	-0.258734	0.518873	0.518873	0.181838	0.181838	0.518873	1.393342	-2.066089
V	-2.066089	-2.066089	-0.896164	-0.896164	0.518873	-0.258734	0.518873	0.791892	-0.896164	-0.896164	0.791892	1.688798	-0.896164
W	-2.066089	-2.066089	-0.258734	-2.066089	-2.066089	-2.066089	-2.066089	-2.066089	-2.066089	-2.066089	-2.066089	-2.066089	-2.066089
Y	-0.896164	-2.066089	0.181838	-2.066089	0.791892	-0.896164	-2.066089	-0.896164	-0.896164	-0.896164	-2.066089	-2.066089	-2.066089
