A	1.557623	-6.189825	0.499785	0.428153	1.064417	-0.006603	1.080081	0.352777
C	-6.189825	-7.359750	-6.189825	-5.552395	-7.359750	-7.359750	-6.189825	-4.774787
D	-1.958870	-0.097655	-1.652390	-1.088287	-1.723125	-1.687324	-2.002198	-7.359750
E	-1.342941	4.242833	-0.871910	1.287709	-1.088287	0.436290	1.100706	-6.189825
F	-1.065129	-7.359750	0.787455	-0.892144	-0.683793	-0.259087	-2.659310	-1.019900
G	0.983436	-7.359750	-1.111822	-0.549178	0.282302	-4.272287	-1.210002	-6.189825
H	0.179409	-6.189825	0.068611	-1.210002	-1.235628	0.961051	-1.584963	-6.189825
I	-0.871910	-7.359750	1.323245	0.484171	1.228028	-0.085954	-0.246007	0.335479
K	1.608917	-7.359750	0.722399	1.165771	-0.006603	0.582765	1.255880	-5.111822
L	-0.312626	-6.189825	1.074879	1.283205	0.915211	0.047518	0.806414	3.629113
M	-1.261717	-7.359750	-0.299054	-2.348522	-1.065129	-1.723125	-1.065129	0.089399
N	-1.875934	-7.359750	-0.774787	-1.723125	-2.140581	-0.354125	-1.836188	-7.359750
P	-7.359750	-7.359750	-3.477107	0.977872	-0.440886	0.681910	-2.591565	-1.552395
Q	-0.396854	-7.359750	-0.121345	0.089399	0.015290	0.806414	0.344154	-7.359750
R	1.115984	-7.359750	-0.426059	0.068611	-0.426059	0.444381	-0.040077	-7.359750
S	1.190035	-7.359750	-0.631829	-0.501769	0.977872	-0.354125	0.768245	-4.501769
T	-0.285608	-7.359750	0.079042	-0.299054	0.378343	0.335479	0.806414	-2.967432
V	-0.382470	-7.359750	1.160869	0.633189	1.616098	1.165771	1.504437	1.437101
W	-3.251225	-7.359750	-2.140581	-5.111822	-6.189825	-1.797507	-7.359750	-7.359750
Y	-0.312626	-7.359750	-0.157626	-1.687324	-3.359750	-0.614916	-3.150296	-2.526860
