A	1.445794	-7.773375	0.768828	0.289635	0.220575	0.478953	0.256504	1.247804	1.759259
C	-5.698087	-9.580730	-6.995767	-6.121298	-5.580730	-6.121298	-5.276949	-4.569502	-3.620728
D	-1.920734	-0.697323	-0.004245	0.752146	-0.217690	-1.172400	-1.135715	-1.491941	-9.580730
E	-0.426544	4.226248	0.320137	1.556422	0.460245	0.135232	0.789413	0.919614	-6.722749
F	-1.016580	-9.580730	0.370191	-0.792011	-0.179850	-0.328656	-0.423383	-1.784690	0.634197
G	0.808364	-9.580730	-0.648515	0.377461	0.340739	-0.193251	-2.454025	-0.697323	-5.026141
H	-0.569502	-9.580730	-0.410805	-1.491941	-0.590626	-0.850260	-0.001885	-1.089879	-4.461789
I	-0.846020	-9.580730	0.774346	-0.239767	0.194057	0.681952	0.451661	-0.355522	0.232651
K	1.436253	-8.410805	0.668680	0.104895	0.598868	0.477262	0.189934	0.772969	-3.839263
L	-0.370667	-6.493267	0.652291	0.617408	0.680484	0.888149	1.062901	0.489056	2.933121
M	-1.002357	-6.995767	-0.633823	-1.876826	-1.768552	-1.439900	-1.282667	-1.446303	-0.156038
N	-1.259929	-9.580730	0.069425	-0.534970	-0.220431	-0.648515	-0.538386	-1.172400	-7.332802
P	-5.026141	-7.773375	-2.306934	1.030987	0.740917	0.623536	0.801624	-0.978959	0.490733
Q	-0.052276	-0.693509	0.472178	0.276085	0.069425	0.505738	0.422085	0.427349	-5.472205
R	1.308964	-9.580730	-0.534970	-0.417080	0.272190	0.016857	0.158629	0.071667	-5.188412
S	1.134374	-8.410805	0.060419	0.303059	0.372012	0.439556	-0.458549	1.154615	-3.381057
T	0.281908	-9.580730	-0.013724	-0.340535	0.064929	0.468779	0.117975	0.785319	-1.868203
V	-0.426544	-9.580730	0.467076	0.076142	0.543392	0.872798	0.980558	1.077482	1.141864
W	-2.852809	-9.580730	-2.152369	-3.405804	-2.922518	-3.430983	-2.012774	-6.121298	-1.894229
Y	-0.712679	-9.580730	-0.193251	-1.682884	-1.016580	-1.580730	-0.436071	-1.851109	-0.308100
