A	1.185032	-0.321928	0.889576	-1.399931	0.517607	0.517607	-0.321928	0.517607	1.185032	-2.569856
C	-2.569856	-2.569856	-2.569856	-2.569856	-2.569856	-0.762501	-1.399931	-2.569856	-2.569856	-2.569856
D	-2.569856	-2.569856	-2.569856	1.312787	1.044854	0.015107	-1.399931	-0.762501	-1.399931	-2.569856
E	-2.569856	-2.569856	-2.569856	1.430144	0.015107	0.288125	-0.762501	0.288125	-0.321928	-2.569856
F	-0.762501	0.517607	1.430144	-0.762501	-0.762501	-2.569856	0.288125	-0.762501	-2.569856	3.390146
G	-0.321928	-2.569856	-1.399931	1.044854	1.538669	1.430144	1.430144	-0.762501	0.015107	-2.569856
H	-0.762501	-2.569856	-0.762501	-2.569856	-1.399931	-0.762501	-2.569856	-2.569856	-0.762501	-2.569856
I	1.044854	0.517607	1.312787	-0.762501	-0.321928	0.715547	0.288125	0.889576	-2.569856	-2.569856
K	1.905878	-2.569856	0.288125	0.288125	-0.762501	0.288125	0.517607	-2.569856	-0.321928	-2.569856
L	-0.762501	1.822462	1.822462	-0.762501	-0.321928	0.715547	0.715547	0.715547	0.015107	-1.399931
M	-2.569856	-0.321928	0.015107	-2.569856	-2.569856	-0.762501	-1.399931	-1.399931	-1.399931	-2.569856
N	-2.569856	-2.569856	0.015107	0.015107	-0.321928	-1.399931	-1.399931	0.288125	-1.399931	-2.569856
P	-2.569856	-2.569856	-1.399931	1.639598	1.312787	-0.762501	1.538669	-0.321928	-2.569856	-2.569856
Q	-2.569856	2.130584	-0.762501	0.288125	0.015107	-0.762501	0.288125	0.715547	0.015107	-2.569856
R	1.733925	-1.399931	0.015107	-0.762501	-0.762501	-0.762501	-2.569856	-2.569856	-0.321928	-2.569856
S	-0.321928	-0.762501	0.015107	-0.762501	-0.321928	0.889576	-0.321928	0.288125	1.905878	-2.569856
T	-1.399931	-2.569856	-1.399931	-0.321928	-0.762501	-0.321928	0.517607	1.044854	1.822462	-2.569856
V	0.889576	0.288125	-1.399931	0.288125	1.044854	1.044854	0.517607	1.639598	0.889576	-2.569856
W	-2.569856	-2.569856	-2.569856	-2.569856	-2.569856	-2.569856	-2.569856	-2.569856	-2.569856	-2.569856
Y	0.715547	1.905878	-0.321928	-2.569856	-0.762501	-2.569856	-0.762501	-0.321928	-0.762501	2.649313
