A	0.040642	0.040642	0.040642	0.040642	0.678072	0.040642	0.678072	0.678072	0.678072	0.678072	-1.129283
C	-1.129283	-1.129283	-1.129283	-1.129283	-1.129283	-1.129283	-1.129283	-1.129283	-1.129283	-1.129283	-1.129283
D	-1.129283	-1.129283	-1.129283	1.118644	0.040642	0.678072	0.678072	1.118644	0.040642	-1.129283	-1.129283
E	-1.129283	-1.129283	-1.129283	1.118644	0.678072	-1.129283	1.118644	-1.129283	0.040642	1.118644	-1.129283
F	0.040642	-1.129283	2.870717	-1.129283	-1.129283	-1.129283	0.040642	0.040642	-1.129283	-1.129283	2.625604
G	1.118644	-1.129283	-1.129283	1.455679	-1.129283	1.728698	0.678072	1.455679	-1.129283	-1.129283	-1.129283
H	-1.129283	-1.129283	-1.129283	0.040642	-1.129283	0.678072	-1.129283	0.040642	-1.129283	-1.129283	-1.129283
I	0.040642	0.678072	0.678072	-1.129283	0.678072	-1.129283	0.040642	0.678072	-1.129283	0.040642	-1.129283
K	1.455679	-1.129283	-1.129283	-1.129283	-1.129283	-1.129283	-1.129283	0.040642	-1.129283	0.040642	-1.129283
L	-1.129283	1.118644	0.678072	0.040642	1.118644	0.040642	0.678072	0.040642	1.728698	-1.129283	0.040642
M	-1.129283	0.040642	0.040642	-1.129283	-1.129283	-1.129283	-1.129283	-1.129283	0.678072	-1.129283	-1.129283
N	-1.129283	-1.129283	0.040642	-1.129283	-1.129283	-1.129283	-1.129283	-1.129283	-1.129283	-1.129283	-1.129283
P	-1.129283	-1.129283	-1.129283	0.678072	0.678072	1.728698	0.040642	-1.129283	-1.129283	-1.129283	-1.129283
Q	0.040642	1.728698	-1.129283	0.678072	1.455679	-1.129283	1.118644	-1.129283	0.678072	0.040642	-1.129283
R	1.118644	-1.129283	-1.129283	0.678072	-1.129283	-1.129283	-1.129283	-1.129283	-1.129283	0.040642	-1.129283
S	0.040642	0.040642	-1.129283	-1.129283	-1.129283	0.678072	0.040642	0.040642	1.118644	0.040642	-1.129283
T	0.040642	0.040642	-1.129283	-1.129283	-1.129283	0.040642	-1.129283	0.040642	-1.129283	1.118644	-1.129283
V	0.040642	1.118644	-1.129283	-1.129283	1.118644	-1.129283	0.040642	0.040642	1.118644	1.728698	-1.129283
W	-1.129283	-1.129283	-1.129283	-1.129283	-1.129283	-1.129283	-1.129283	-1.129283	-1.129283	-1.129283	-1.129283
Y	0.678072	0.678072	-1.129283	-1.129283	-1.129283	-1.129283	-1.129283	0.040642	-1.129283	0.040642	2.330149
