A	0.134930	-1.672425	-0.502500	-0.502500	1.185556	1.185556	0.912537	-1.672425
C	-1.672425	-1.672425	-1.672425	-1.672425	-1.672425	-1.672425	-1.672425	-1.672425
D	-1.672425	-1.672425	-1.672425	-1.672425	-1.672425	-1.672425	-1.672425	-1.672425
E	-1.672425	-1.672425	-1.672425	0.134930	-1.672425	-0.502500	1.415037	-1.672425
F	0.134930	-1.672425	0.134930	-0.502500	-0.502500	-0.502500	0.134930	1.787006
G	0.912537	-1.672425	0.134930	0.134930	-0.502500	0.575502	-1.672425	-1.672425
H	1.185556	-1.672425	0.575502	-1.672425	-1.672425	-0.502500	0.134930	-1.672425
I	1.185556	-1.672425	0.134930	0.912537	1.787006	0.134930	-1.672425	-1.672425
K	-1.672425	-1.672425	1.942285	-1.672425	-1.672425	-0.502500	-0.502500	-1.672425
L	0.575502	-1.672425	0.134930	2.327575	0.912537	1.612977	0.575502	1.185556
M	-0.502500	-1.672425	-0.502500	-0.502500	0.134930	-1.672425	-1.672425	-1.672425
N	-1.672425	-1.672425	0.912537	-1.672425	-1.672425	0.134930	-1.672425	-1.672425
P	-1.672425	-1.672425	-1.672425	-1.672425	-1.672425	0.134930	-1.672425	-1.672425
Q	-1.672425	3.640458	-0.502500	-0.502500	-0.502500	-1.672425	0.575502	-1.672425
R	-1.672425	-1.672425	1.415037	-0.502500	-1.672425	-0.502500	-1.672425	-1.672425
S	0.912537	0.575502	-1.672425	-1.672425	-1.672425	0.912537	0.575502	-1.672425
T	0.912537	-1.672425	-0.502500	-1.672425	-1.672425	0.575502	1.185556	-1.672425
V	0.575502	-0.502500	-0.502500	1.942285	2.436099	-0.502500	1.415037	-1.672425
W	-1.672425	-1.672425	-1.672425	-1.672425	-1.672425	-1.672425	-1.672425	-1.672425
Y	0.134930	-1.672425	-1.672425	-0.502500	-1.672425	-0.502500	-1.672425	3.160465
