A	1.147557	0.767709	1.169651	0.407620	0.615062	-0.126204	0.582494	1.169651	-5.192293
C	-5.192293	-5.192293	-5.192293	-5.192293	-4.022368	-4.022368	-4.022368	-1.906891	-5.192293
D	-5.192293	-5.192293	-0.982839	1.429759	-0.491853	-1.732861	-2.104830	-2.607330	-5.192293
E	-2.607330	-2.334312	-2.104830	1.354602	-0.799975	-0.637704	0.444332	0.708574	-5.192293
F	0.291523	0.120590	0.549174	-1.192293	0.074494	0.646911	-0.888512	-1.577583	3.323407
G	0.615062	-1.906891	-0.491853	1.007380	0.708574	1.233972	-1.577583	-0.562936	-5.192293
H	-1.309650	-5.192293	-0.424108	-2.104830	-0.637704	-0.888512	0.291523	-1.083768	-3.384938
I	1.191411	0.515066	1.429759	-0.982839	1.125120	0.931828	0.480133	-1.577583	-4.022368
K	1.102328	-5.192293	0.852101	-0.238097	-0.126204	-0.716559	-1.577583	-0.181066	-5.192293
L	-0.126204	1.881849	0.120590	0.026876	0.931828	0.957454	1.102328	0.331269	1.799229
M	-3.384938	-1.309650	-0.424108	-2.607330	-2.944365	-2.104830	-1.732861	-2.944365	-2.104830
N	-2.944365	-5.192293	0.331269	-0.716559	-0.799975	-0.562936	-0.181066	-1.437405	-5.192293
P	-3.384938	-5.192293	-0.491853	1.665688	0.208587	-0.238097	-0.126204	-3.384938	-5.192293
Q	-0.982839	2.256856	-0.424108	-0.424108	-1.437405	-0.799975	0.369950	0.026876	-5.192293
R	0.615062	-5.192293	0.074494	-1.437405	-0.637704	-0.126204	-1.732861	-0.637704	-5.192293
S	0.905739	-1.577583	0.646911	0.291523	0.767709	0.678072	1.079170	1.921449	-5.192293
T	0.549174	-0.297475	-1.083768	-0.359403	0.444332	1.031709	1.191411	1.411334	-5.192293
V	1.295547	1.007380	0.026876	0.208587	1.315502	0.982633	1.169651	1.373761	-4.022368
W	-5.192293	-5.192293	-5.192293	-5.192293	-4.022368	-5.192293	-5.192293	-5.192293	-5.192293
Y	-0.181066	1.618279	-0.181066	-3.384938	-1.732861	-1.906891	-0.982839	-1.309650	2.511611
