A	-1.906891	-0.736966	1.847997	-0.099536	0.341037	0.678072	1.552541	-1.906891
C	-1.906891	-1.906891	-1.906891	-1.906891	-1.906891	-1.906891	-1.906891	-1.906891
D	2.201634	-1.906891	-0.736966	-1.906891	-1.906891	-1.906891	0.341037	-1.906891
E	0.678072	-0.736966	-1.906891	-0.736966	-1.906891	-0.099536	1.975752	-1.906891
F	-0.099536	-1.906891	0.341037	-1.906891	-1.906891	-0.736966	-1.906891	-0.099536
G	-0.736966	0.678072	-0.736966	-0.099536	-1.906891	0.951090	-0.099536	-1.906891
H	-0.099536	-1.906891	-1.906891	-1.906891	3.359896	0.951090	-0.736966	-1.906891
I	-0.736966	-1.906891	0.678072	1.378512	-1.906891	-1.906891	-1.906891	-0.099536
K	-1.906891	-0.736966	-1.906891	0.341037	-1.906891	-0.736966	-0.736966	-1.906891
L	-0.736966	-1.906891	0.341037	0.951090	-1.906891	-0.736966	-0.736966	3.765535
M	-1.906891	-0.736966	-1.906891	-0.099536	-1.906891	-0.736966	-1.906891	-1.906891
N	1.378512	-1.906891	-0.736966	-0.736966	-0.736966	-1.906891	-1.906891	-1.906891
P	-1.906891	0.678072	-1.906891	-1.906891	-1.906891	-1.906891	-1.906891	-1.906891
Q	-0.736966	2.302563	-1.906891	-0.736966	-1.906891	0.678072	-0.736966	-1.906891
R	-0.099536	2.647698	-0.736966	-0.099536	1.707819	1.552541	-1.906891	-1.906891
S	-0.099536	-1.906891	-0.736966	-0.099536	-1.906891	0.951090	1.180572	-1.906891
T	-0.099536	-1.906891	0.678072	0.951090	-0.736966	0.341037	1.180572	-1.906891
V	0.341037	-1.906891	2.093109	1.847997	-1.906891	-0.099536	0.678072	-1.906891
W	-1.906891	-1.906891	-1.906891	-1.906891	-1.906891	-1.906891	-1.906891	-1.906891
Y	0.341037	-1.906891	0.341037	-0.736966	-1.906891	-0.099536	-1.906891	-1.906891
