A	-1.488286	0.199770	0.801220	0.199770	-2.658211	0.429251	-0.073249	2.654671	-0.850857
C	-2.658211	-2.658211	-2.658211	-2.658211	-1.488286	-2.658211	-2.658211	-2.658211	-2.658211
D	2.865350	-2.658211	0.199770	-0.073249	-1.488286	-1.488286	-1.488286	-0.073249	-2.658211
E	-0.073249	0.801220	-0.850857	1.450313	-1.488286	-0.850857	1.341789	0.801220	-2.658211
F	-0.850857	-2.658211	1.341789	-0.410284	-1.488286	-0.850857	-1.488286	-2.658211	0.429251
G	-1.488286	-0.410284	-2.658211	0.429251	-0.073249	0.627191	-2.658211	-0.410284	-2.658211
H	-0.073249	-0.410284	0.627191	-0.850857	-1.488286	0.199770	-0.410284	-2.658211	-2.658211
I	-0.073249	-2.658211	-0.410284	0.627191	-0.073249	0.199770	0.627191	-2.658211	0.199770
K	-1.488286	-1.488286	-0.850857	0.199770	0.627191	0.429251	-1.488286	-1.488286	-2.658211
L	-0.410284	-2.658211	1.224432	1.551242	-0.410284	0.956498	1.224432	-0.850857	3.681639
M	-2.658211	-2.658211	-0.073249	-1.488286	-0.073249	-1.488286	-0.850857	-2.658211	0.627191
N	1.341789	0.199770	-1.488286	-2.658211	-2.658211	0.801220	0.627191	-0.850857	-2.658211
P	-2.658211	-0.073249	-1.488286	-0.073249	-0.410284	-0.850857	-2.658211	-2.658211	-2.658211
Q	-2.658211	1.551242	-0.073249	0.199770	-2.658211	-0.850857	0.199770	-1.488286	-2.658211
R	-0.850857	2.825604	-1.488286	-1.488286	3.272526	1.224432	-2.658211	-0.850857	-2.658211
S	0.199770	-0.850857	-1.488286	-0.410284	-0.410284	0.199770	0.627191	2.042228	-2.658211
T	-0.850857	-1.488286	-0.410284	-0.073249	-0.410284	0.627191	1.341789	0.627191	-2.658211
V	0.199770	-0.410284	0.801220	0.801220	-1.488286	0.199770	0.801220	-0.073249	-1.488286
W	-2.658211	-2.658211	-1.488286	-2.658211	-2.658211	-2.658211	-2.658211	-2.658211	-2.658211
Y	-0.410284	-1.488286	1.224432	-2.658211	-2.658211	-1.488286	-0.073249	-2.658211	-2.658211
