A	-1.825135	1.495790	1.485730	0.301856	0.422792	0.301856	0.534370	0.864474	0.390802	-5.187706
C	-6.995060	-3.535629	-3.380351	-5.187706	-4.410098	-4.137079	-3.907598	-2.995060	-3.380351	-6.995060
D	1.665827	-3.380351	-2.691280	1.573846	-0.284254	-0.448166	-1.253593	-3.240173	-2.602743	-6.995060
E	3.132289	-4.137079	-1.471499	1.060222	-0.046693	-0.216983	-0.250227	-1.124696	0.422792	-6.995060
F	-0.870939	0.024530	1.195999	-1.287701	-0.507220	-1.155857	0.182359	-0.487266	-0.568796	-4.747133
G	-2.995060	-2.294621	-1.155857	1.183604	1.171103	0.848861	1.202156	-1.511245	1.046599	-5.825135
H	-0.301574	-5.825135	-1.552117	-1.220273	-0.795388	-0.897028	-0.950666	-0.046693	-0.547977	-5.825135
I	-1.928971	0.105602	0.895204	-1.511245	0.544098	0.207063	0.390802	1.183604	-2.100243	-5.187706
K	-4.747133	-6.995060	0.524576	0.219259	-0.076197	0.422792	0.514715	-0.527455	0.619649	0.708843
L	-2.440472	-0.633117	0.301856	-0.870939	0.717467	0.591779	0.879921	0.131644	1.087089	-3.535629
M	-1.594181	-2.519327	-1.124696	-3.709658	-2.226876	-1.728274	-2.519327	-2.100243	-2.365704	-6.995060
N	-0.137079	-1.775892	-0.568796	0.324612	-0.723597	-0.216983	-0.152710	-0.487266	0.194764	-5.825135
P	-5.825135	-1.637508	-1.006376	0.655991	1.158492	1.152144	0.534370	-1.825135	-0.319103	-6.995060
Q	-0.820135	-4.137079	-0.032164	-0.137079	-0.507220	0.105602	-0.184489	-0.017781	0.856689	-6.995060
R	-4.137079	-6.995060	-0.336849	-0.589919	-0.301574	-0.284254	-0.250227	0.358086	0.157224	4.172201
S	0.553761	0.902785	0.825118	1.053426	0.474581	0.759827	0.038363	0.484720	0.591779	-6.995060
T	0.734560	2.012668	-0.184489	0.219259	0.010564	0.664935	0.219259	1.032846	0.494787	-6.995060
V	-2.226876	2.411145	0.504785	-0.978252	0.887583	0.454088	0.682659	1.940841	-0.373009	-6.995060
W	-5.187706	-5.825135	-2.040864	-4.747133	-3.907598	-2.886536	-2.886536	-2.995060	-4.747133	-5.825135
Y	-0.870939	0.910327	0.335856	-2.040864	-1.471499	-1.928971	-0.950666	-1.035059	-0.032164	-5.825135
