A	-1.423123	1.245838	1.309684	-0.034270	0.610220	0.185856	0.610220	0.696340	0.584640	0.610220	-6.542065
C	-6.542065	-4.734710	-4.734710	-4.294137	-5.372140	-4.734710	-5.372140	-4.294137	-3.684084	-3.454602	-6.542065
D	1.691555	-5.372140	-3.256662	1.450874	-0.202215	0.811082	-0.342392	-1.587868	-2.066331	-2.927355	-6.542065
E	3.121494	-5.372140	-2.066331	1.204450	0.731731	0.720030	0.696340	-0.054225	-0.671700	0.391626	-6.542065
F	-1.018503	0.116147	0.584640	-1.647247	-0.734710	-1.099121	-1.184513	0.116147	-0.294137	-1.372140	-6.542065
G	-4.294137	-2.238284	-1.647247	0.987366	0.331380	1.035364	1.081817	0.967710	-1.229182	0.361817	-6.542065
H	-0.392317	-5.372140	-3.082633	-0.444032	-0.905440	-1.475975	-1.530837	-0.834705	0.042898	0.098180	-6.542065
I	-1.530837	0.435215	1.309684	-1.841625	-0.342392	-0.444032	0.151422	0.967710	0.927577	-1.372140	-6.542065
K	-6.542065	-5.372140	1.407762	-0.180121	0.406303	0.391626	0.720030	0.042898	-0.180121	0.672255	-0.525256
L	-1.587868	-0.318063	1.179035	-0.834705	0.558598	0.391626	0.635355	1.144436	0.505059	1.325214	-5.372140
M	-0.979822	-1.773880	-0.834705	-3.454602	-2.433540	-2.433540	-2.066331	-1.587868	-0.942152	-1.912708	-6.542065
N	0.004830	-1.841625	-0.611327	0.098180	-0.671700	0.098180	-0.094981	-0.834705	-0.417943	-0.014588	-6.542065
P	-5.372140	-2.542065	-1.099121	1.245838	0.672255	0.268507	-0.294137	-0.525256	-3.957102	-0.869639	-6.542065
Q	-0.611327	-6.542065	0.004830	0.079987	-0.115800	-0.074459	-0.136923	-0.247444	0.168742	1.035364	-6.542065
R	-3.957102	-6.542065	0.420831	-0.318063	0.777608	-0.641198	-0.582063	0.133892	0.854540	-0.224652	4.255394
S	0.376799	0.788852	-0.470602	1.016356	0.766274	1.153164	1.016356	0.696340	0.777608	0.684348	-6.542065
T	0.684348	1.855610	-1.987476	0.061562	0.116147	0.571678	0.622842	-0.136923	0.731731	0.635355	-6.542065
V	-2.433540	2.341342	0.917367	-1.322896	0.584640	0.004830	0.268507	0.777608	1.443777	0.023989	-6.542065
W	-5.372140	-5.372140	-2.433540	-3.957102	-2.433540	-3.957102	-3.957102	-3.684084	-2.066331	-5.372140	-6.542065
Y	-1.647247	1.506422	-0.444032	-1.987476	-1.229182	-1.475975	-1.229182	-1.372140	-1.058249	-0.318063	-6.542065
