A	-2.550197	1.242361	1.417235	-0.053771	0.271805	0.118181	0.653675	0.537266	0.955331	0.653675	1.349807	-4.357552
C	-4.357552	-4.357552	-4.357552	-4.357552	-4.357552	-3.187627	-3.187627	-4.357552	-3.187627	-4.357552	-3.187627	-4.357552
D	1.842120	-4.357552	-3.187627	1.686842	-0.742842	1.000000	0.034765	-0.148099	-1.270089	-3.187627	-4.357552	-4.357552
E	3.101880	-4.357552	-1.270089	0.761389	-0.148099	0.271805	0.537266	0.118181	0.410632	-1.072150	0.197037	-4.357552
F	-0.898120	-0.474909	1.449803	-3.187627	-0.249028	-2.550197	-1.270089	-1.270089	-0.053771	0.034765	-0.474909	-4.357552
G	-3.187627	-2.550197	-2.550197	1.713910	1.000000	1.043327	1.481652	1.314873	1.417235	-0.898120	0.537266	-4.357552
H	-0.898120	-4.357552	-2.109624	-2.109624	-1.072150	-1.072150	-1.270089	-0.602665	-2.109624	-0.148099	-1.270089	-4.357552
I	-2.550197	0.271805	1.085391	-2.109624	0.271805	-0.474909	0.118181	-0.357552	0.197037	0.909235	-3.187627	-4.357552
K	-3.187627	-4.357552	0.761389	-1.270089	-0.474909	-0.148099	0.410632	0.955331	0.034765	-0.898120	0.410632	-2.550197
L	-3.187627	-0.357552	0.537266	-0.602665	0.596644	1.043327	0.271805	-0.148099	0.537266	0.537266	1.043327	-4.357552
M	-1.772590	-4.357552	-0.249028	-2.550197	-1.499571	-2.109624	-2.109624	-2.550197	-2.550197	-1.499571	-2.550197	-4.357552
N	-0.053771	-2.109624	-1.772590	-0.148099	-0.602665	0.342888	-0.053771	0.034765	-1.072150	0.410632	0.034765	-4.357552
P	-4.357552	-3.187627	-0.148099	1.242361	1.000000	-1.072150	0.271805	0.197037	0.118181	-2.550197	-0.898120	-4.357552
Q	-0.742842	-4.357552	-0.249028	0.034765	-0.474909	0.034765	-0.053771	-0.148099	-1.072150	0.034765	1.166010	-4.357552
R	-4.357552	-4.357552	-0.474909	-0.602665	0.708537	-0.474909	-0.474909	0.034765	-0.602665	0.708537	0.034765	4.244219
S	0.537266	0.653675	-0.742842	1.126264	1.043327	1.449803	0.761389	1.349807	1.000000	0.955331	0.708537	-4.357552
T	0.812373	1.982298	-2.550197	0.034765	-0.357552	0.537266	0.197037	-0.602665	0.342888	0.596644	0.342888	-4.357552
V	-2.109624	2.561311	1.126264	-0.602665	0.708537	-0.148099	0.342888	0.596644	1.043327	1.543315	0.410632	-4.357552
W	-4.357552	-4.357552	-1.499571	-4.357552	-2.109624	-3.187627	-3.187627	-3.187627	-4.357552	-2.550197	-4.357552	-4.357552
Y	-0.742842	1.349807	0.537266	-3.187627	-1.270089	-1.772590	-1.772590	-2.109624	-1.072150	-1.270089	-0.357552	-4.357552
