A	-1.736966	0.847997	0.707819	-0.658963	0.975752	0.975752	-1.099536	0.707819	0.378512	0.847997	0.847997	-0.048910	-2.906891
C	-2.906891	-2.906891	-2.906891	-2.906891	-2.906891	-2.906891	-2.906891	-2.906891	-1.736966	-2.906891	-1.736966	-2.906891	-2.906891
D	1.793549	-2.906891	-1.736966	1.568843	-1.099536	0.975752	0.552541	-0.048910	-0.321928	-0.658963	-2.906891	-2.906891	-2.906891
E	3.109918	-2.906891	-2.906891	1.302563	0.552541	1.093109	-0.048910	-0.048910	0.707819	-0.658963	-2.906891	-0.658963	-2.906891
F	-1.736966	-0.321928	1.302563	-1.736966	0.378512	-0.048910	-0.658963	-0.658963	-2.906891	-1.099536	0.847997	-1.099536	-2.906891
G	-2.906891	-1.736966	-1.736966	1.485427	0.552541	0.847997	0.180572	1.201634	1.647698	0.975752	-0.321928	0.378512	-2.906891
H	0.180572	-2.906891	-2.906891	-2.906891	-1.099536	-0.658963	-0.658963	-0.658963	-0.658963	-1.736966	-0.658963	-0.658963	-2.906891
I	-1.736966	0.180572	1.568843	-1.736966	1.093109	-1.099536	-0.321928	-1.099536	-1.099536	1.093109	0.552541	-0.658963	-2.906891
K	-2.906891	-2.906891	0.975752	-0.321928	0.180572	-0.048910	0.180572	-0.048910	0.975752	0.552541	-0.658963	1.201634	-2.906891
L	-1.736966	-0.658963	0.707819	-1.099536	0.180572	-0.321928	0.552541	0.378512	-1.736966	1.201634	1.093109	0.378512	-2.906891
M	-2.906891	-0.658963	-0.048910	-2.906891	-2.906891	-2.906891	-1.099536	-1.736966	-2.906891	-2.906891	-0.321928	-0.658963	-2.906891
N	-0.048910	-2.906891	-0.658963	0.180572	-0.658963	-0.048910	-0.321928	-0.658963	0.975752	-1.736966	-0.658963	-1.736966	-2.906891
P	-2.906891	-0.658963	-1.736966	1.485427	0.847997	-0.321928	-0.658963	0.180572	0.552541	0.180572	-1.736966	-1.736966	-2.906891
Q	-0.658963	-2.906891	-0.658963	-1.099536	-1.099536	0.552541	0.552541	0.180572	-0.321928	-0.321928	-0.658963	1.722466	-2.906891
R	-1.736966	-2.906891	0.378512	-0.048910	-1.099536	-0.658963	-1.099536	-0.048910	-0.048910	-0.321928	0.552541	0.378512	4.126532
S	-0.048910	0.180572	-1.099536	0.847997	0.180572	0.975752	1.568843	1.201634	0.707819	1.201634	-0.048910	0.552541	-2.906891
T	0.378512	2.263034	-1.736966	0.180572	0.378512	-0.048910	0.975752	0.847997	-0.048910	0.847997	0.552541	0.975752	-2.906891
V	-2.906891	1.861294	0.975752	-2.906891	0.847997	-0.321928	0.975752	-0.048910	-0.321928	-1.099536	1.485427	0.180572	-2.906891
W	-2.906891	-2.906891	-1.736966	-2.906891	-2.906891	-1.736966	-2.906891	-1.736966	-2.906891	-2.906891	-0.321928	-2.906891	-2.906891
Y	-1.099536	1.722466	0.552541	-1.736966	-1.099536	-2.906891	-1.736966	-1.099536	-1.099536	-1.736966	-1.736966	-0.048910	-2.906891
