A	-1.129283	-1.129283	1.118644	0.678072	0.040642	1.118644	1.455679	1.455679	-1.129283	0.678072	1.455679	1.118644	0.040642	-1.129283
C	-1.129283	-1.129283	-1.129283	-1.129283	-1.129283	-1.129283	-1.129283	-1.129283	-1.129283	-1.129283	-1.129283	-1.129283	-1.129283	-1.129283
D	1.958180	-1.129283	-1.129283	1.728698	-1.129283	0.678072	-1.129283	0.040642	0.678072	-1.129283	-1.129283	-1.129283	-1.129283	-1.129283
E	2.330149	-1.129283	-1.129283	0.678072	-1.129283	0.040642	0.040642	-1.129283	-1.129283	0.040642	0.678072	-1.129283	0.040642	-1.129283
F	-1.129283	-1.129283	1.728698	-1.129283	-1.129283	0.040642	-1.129283	0.678072	-1.129283	-1.129283	-1.129283	0.040642	0.040642	-1.129283
G	-1.129283	-1.129283	-1.129283	0.040642	0.040642	1.118644	1.455679	0.678072	1.728698	1.118644	1.118644	0.040642	-1.129283	-1.129283
H	-1.129283	-1.129283	0.040642	-1.129283	0.040642	0.040642	-1.129283	-1.129283	0.040642	0.040642	-1.129283	0.040642	-1.129283	-1.129283
I	-1.129283	0.678072	1.958180	-1.129283	1.455679	-1.129283	-1.129283	0.040642	-1.129283	-1.129283	0.040642	0.678072	-1.129283	-1.129283
K	-1.129283	-1.129283	-1.129283	-1.129283	0.040642	-1.129283	0.040642	0.040642	-1.129283	0.678072	0.678072	0.040642	0.678072	-1.129283
L	-1.129283	-1.129283	0.040642	0.040642	0.678072	0.040642	0.040642	0.678072	0.678072	-1.129283	-1.129283	1.118644	-1.129283	-1.129283
M	0.040642	-1.129283	-1.129283	-1.129283	-1.129283	-1.129283	-1.129283	-1.129283	0.040642	-1.129283	-1.129283	-1.129283	-1.129283	-1.129283
N	-1.129283	-1.129283	-1.129283	-1.129283	-1.129283	1.118644	-1.129283	0.678072	-1.129283	0.040642	0.040642	-1.129283	0.040642	-1.129283
P	-1.129283	-1.129283	-1.129283	1.455679	0.678072	-1.129283	0.040642	-1.129283	0.040642	0.040642	0.040642	-1.129283	-1.129283	-1.129283
Q	0.040642	-1.129283	-1.129283	0.040642	-1.129283	-1.129283	-1.129283	-1.129283	0.040642	0.678072	-1.129283	-1.129283	1.118644	-1.129283
R	-1.129283	-1.129283	-1.129283	-1.129283	-1.129283	-1.129283	0.040642	0.040642	-1.129283	-1.129283	-1.129283	0.040642	0.678072	3.500074
S	1.118644	0.040642	-1.129283	0.678072	1.118644	0.040642	1.118644	0.678072	1.728698	1.118644	1.455679	0.040642	1.118644	-1.129283
T	-1.129283	0.040642	-1.129283	-1.129283	0.040642	1.118644	0.678072	0.040642	0.040642	-1.129283	-1.129283	0.678072	0.678072	-1.129283
V	-1.129283	2.485427	0.040642	-1.129283	0.040642	-1.129283	0.040642	-1.129283	-1.129283	0.678072	0.040642	0.678072	0.040642	-1.129283
W	-1.129283	-1.129283	-1.129283	-1.129283	-1.129283	-1.129283	-1.129283	-1.129283	-1.129283	-1.129283	-1.129283	-1.129283	-1.129283	-1.129283
Y	-1.129283	1.958180	0.678072	0.040642	0.678072	-1.129283	-1.129283	-1.129283	-1.129283	0.040642	-1.129283	0.040642	0.678072	-1.129283
