A	-2.724893	1.741807	-1.036837	-1.646890	-0.435386	0.580916	0.734539	-3.894818
C	-3.894818	-2.724893	-3.894818	-3.894818	-3.894818	-3.894818	-3.894818	-3.894818
D	0.213707	-3.894818	-0.435386	-1.646890	-2.087463	-2.724893	-3.894818	-3.894818
E	3.270089	-3.894818	-1.036837	-0.139930	-2.724893	-3.894818	0.213707	-3.894818
F	-1.036837	-0.280108	1.059379	-2.087463	-1.036837	0.805622	-0.807355	-3.894818
G	-3.894818	-3.894818	0.314636	-0.609416	0.408963	-2.724893	-0.139930	-3.894818
H	0.805622	-3.894818	-0.012175	-1.309855	-1.646890	0.580916	0.805622	-3.894818
I	-3.894818	-0.435386	-0.807355	1.224123	1.588998	0.805622	-2.087463	-3.894818
K	-3.894818	-2.724893	0.580916	1.462734	-1.036837	0.213707	0.314636	-3.894818
L	-2.724893	-0.807355	1.059379	0.314636	-0.807355	-0.280108	0.659771	-3.894818
M	-0.435386	-1.646890	0.408963	-2.724893	-2.087463	-3.894818	-1.646890	-3.894818
N	-1.646890	-0.139930	0.734539	-1.309855	-3.894818	-0.609416	1.224123	-3.894818
P	-3.894818	-3.894818	-0.807355	-0.435386	2.866733	-1.646890	-1.036837	-3.894818
Q	-1.646890	-3.894818	-0.280108	-0.012175	-1.309855	-0.012175	-0.609416	-3.894818
R	-3.894818	-3.894818	-0.139930	0.408963	-3.894818	-1.646890	-1.036837	4.226716
S	0.580916	1.462734	-0.139930	0.805622	-0.139930	0.805622	1.628744	-3.894818
T	0.805622	2.422595	-0.435386	0.805622	-0.139930	0.734539	0.213707	-3.894818
V	-0.280108	1.588998	-0.807355	1.667425	1.275107	2.121991	-2.087463	-3.894818
W	-3.894818	-3.894818	-0.435386	-3.894818	-3.894818	-2.087463	-3.894818	-3.894818
Y	-0.435386	0.408963	0.580916	-1.309855	-2.087463	-0.435386	0.938072	-3.894818
