A	-1.259206	1.567899	1.369042	0.691448	0.236579	0.726486	0.982045	0.604292	-8.677059
C	-7.507134	-3.665832	-2.902272	-6.429131	-3.457890	-3.665832	-3.077146	-3.004634	-8.677059
D	1.614687	-4.677059	-2.092096	0.710420	-0.999339	-2.130164	-3.114816	-2.315115	-8.677059
E	2.922622	-6.429131	-1.017063	0.990940	-0.263431	-0.443439	-0.705515	0.758090	-8.677059
F	-0.786795	0.119792	0.470782	-1.090219	-0.467606	0.529955	-0.345022	-0.955960	-7.507134
G	-2.250794	-1.728692	-0.581662	0.880405	0.225316	0.190992	-1.576397	0.385662	-8.677059
H	-0.211493	-7.507134	-1.026007	-1.207417	-0.864882	-0.771672	0.061878	-0.663038	-3.844169
I	-1.758196	0.258843	0.502228	-1.080869	0.952753	1.116138	0.932120	-1.834709	-8.677059
K	-4.922171	-7.507134	0.878009	0.499114	0.486591	-0.356258	0.155831	0.713110	1.058074
L	-1.714163	0.111659	0.480288	0.167647	0.918199	1.066513	0.213965	0.731802	-6.429131
M	-1.643636	-2.073433	-1.157423	-2.869704	-2.337209	-1.438654	-1.714163	-1.758196	-8.677059
N	0.155831	-0.771672	0.255156	-0.216603	-0.486000	-0.897340	-0.492184	0.418997	-8.677059
P	-5.589596	-1.017063	-1.657468	0.826767	0.927494	0.119792	-1.487234	-0.431506	-8.677059
Q	-0.555525	-3.410272	0.135921	0.095256	-0.437460	-0.242431	0.111659	1.023814	-8.677059
R	-3.844169	-8.677059	-0.396288	-0.084602	0.078663	-0.897340	0.240313	0.001541	4.150631
S	0.856271	1.076993	1.079080	1.055956	0.415698	0.316587	0.691448	0.932120	-8.677059
T	0.739739	1.911421	-0.056839	-0.156440	-0.258152	0.392391	0.747632	0.548149	-8.677059
V	-1.629935	2.031594	0.505335	-0.345022	1.168039	1.244410	1.595862	-0.007288	-7.507134
W	-4.201325	-4.794416	-2.579027	-4.047702	-2.527312	-3.004634	-2.337209	-5.391657	-8.677059
Y	-0.779213	0.863553	-0.181204	-1.357387	-0.913847	-0.594910	-0.555525	-0.663038	-4.922171
