A	0.925999	0.485427	-1.321928	0.485427	-1.321928	0.925999	0.925999	-0.152003	-1.321928
C	-1.321928	-1.321928	-1.321928	-1.321928	-1.321928	-1.321928	-1.321928	-1.321928	-1.321928
D	-1.321928	-1.321928	-0.152003	1.765535	-0.152003	-0.152003	-1.321928	-1.321928	-1.321928
E	-1.321928	-1.321928	-1.321928	1.263034	-1.321928	0.485427	-0.152003	-0.152003	-1.321928
F	-0.152003	-0.152003	0.925999	0.485427	-0.152003	-1.321928	-1.321928	-1.321928	-0.152003
G	0.485427	-1.321928	-0.152003	-0.152003	-0.152003	-1.321928	-0.152003	-1.321928	-1.321928
H	-0.152003	-1.321928	-1.321928	-1.321928	-1.321928	-1.321928	0.485427	-0.152003	-1.321928
I	-0.152003	-1.321928	-0.152003	-1.321928	1.765535	0.925999	-1.321928	-1.321928	-1.321928
K	1.765535	-1.321928	-0.152003	-0.152003	-1.321928	-1.321928	-0.152003	0.925999	-1.321928
L	-1.321928	0.925999	-0.152003	-0.152003	1.263034	1.263034	-0.152003	1.263034	-1.321928
M	-1.321928	-1.321928	-0.152003	-1.321928	-1.321928	-1.321928	-1.321928	-1.321928	-0.152003
N	-1.321928	-1.321928	1.263034	-1.321928	-0.152003	-1.321928	-1.321928	-0.152003	-1.321928
P	-1.321928	-1.321928	-1.321928	1.263034	-1.321928	1.263034	1.263034	-1.321928	-1.321928
Q	-1.321928	1.765535	-1.321928	-1.321928	-1.321928	-1.321928	-0.152003	0.925999	-1.321928
R	2.292782	0.485427	-1.321928	-1.321928	-1.321928	-0.152003	-1.321928	0.485427	-0.152003
S	-0.152003	-1.321928	0.485427	-0.152003	-0.152003	0.925999	0.925999	0.485427	-1.321928
T	-1.321928	0.485427	-0.152003	-0.152003	0.485427	-1.321928	0.925999	1.263034	-1.321928
V	-1.321928	1.536053	0.485427	-0.152003	1.963474	-0.152003	0.925999	0.485427	-1.321928
W	-1.321928	-1.321928	-1.321928	-1.321928	-1.321928	-1.321928	-1.321928	-1.321928	-1.321928
Y	-1.321928	0.925999	1.765535	-1.321928	-1.321928	0.485427	-0.152003	-1.321928	3.446256
