A	0.048515	-2.928765	0.261059	0.122897	0.325476	0.636020	-1.037994	0.848216	0.474957	0.757735
C	-5.513728	-5.513728	-4.343803	-5.513728	-3.265800	-3.265800	-4.343803	-3.265800	-2.426265	-2.928765
D	-5.513728	-3.706373	-0.200845	2.044693	0.803685	0.356637	-0.745543	-1.304274	-2.054296	-5.513728
E	-5.513728	-3.265800	-2.426265	1.805945	1.328623	0.446274	-1.121410	0.912537	1.179759	-5.513728
F	-0.813288	-4.343803	1.676097	-2.655747	-0.156176	-1.405203	-0.294559	-0.745543	-0.959139	-3.265800
G	-0.294559	-3.265800	-1.405203	0.610394	1.760068	1.312821	-0.112848	-2.655747	0.356637	-5.513728
H	-0.294559	-2.426265	-1.631085	-1.405203	-0.447638	-0.559531	-0.680838	0.293627	-0.813288	-5.513728
I	-0.813288	1.033167	0.891414	-2.928765	-0.343803	-0.029912	1.359717	0.757735	-2.655747	0.685945
K	3.225209	-5.513728	-2.655747	-0.294559	0.158698	0.869977	-1.405203	-1.405203	0.325476	-5.513728
L	-1.209947	3.338802	2.274175	-2.228325	0.009834	0.387139	2.322323	0.446274	-0.343803	2.812702
M	-2.928765	0.293627	0.474957	-3.706373	-2.228325	-2.426265	-2.054296	-1.513728	-2.928765	-2.426265
N	-5.513728	-4.343803	-1.631085	0.122897	-0.070784	-0.745543	-0.156176	-0.745543	-0.029912	-5.513728
P	-5.513728	-0.200845	-2.928765	1.197079	0.009834	0.953878	1.375016	1.162229	-1.304274	-5.513728
Q	-1.899018	-0.745543	-1.121410	0.293627	-0.294559	0.227739	-0.680838	0.158698	0.780893	-4.343803
R	1.945704	-3.706373	-3.265800	-0.884371	-1.631085	-1.513728	-2.054296	-1.209947	0.734200	-4.343803
S	-0.156176	-2.426265	-1.121410	0.848216	0.356637	0.227739	-0.394787	-0.200845	1.296844	-5.513728
T	-0.959139	0.293627	-2.228325	-1.037994	-0.680838	-0.112848	-0.559531	0.293627	1.071235	-3.265800
V	-1.037994	1.519695	-0.959139	-1.899018	-0.070784	0.446274	0.869977	1.600015	-0.618910	3.142697
W	-5.513728	-5.513728	-0.070784	-5.513728	-2.928765	-3.265800	-3.706373	-3.265800	-4.343803	-5.513728
Y	-2.928765	-5.513728	1.264350	-2.054296	-2.655747	-2.054296	-2.655747	-1.209947	0.261059	-5.513728
