A	0.048156	-1.996238	0.819679	-0.105467	0.685586	0.902615	0.819679	0.048156	0.048156	0.902615	0.588724
C	-4.581201	-4.581201	-2.773846	-4.581201	-3.411276	-3.411276	-3.411276	-4.581201	-2.333273	-3.411276	-3.411276
D	-4.581201	-3.411276	0.776351	1.926594	0.861743	1.193586	0.861743	-0.371747	-1.996238	-2.773846	-4.581201
E	-4.581201	-4.581201	-4.581201	1.713420	1.349537	1.160266	0.776351	-1.295798	0.186984	0.637968	-4.581201
F	-1.723220	-3.411276	0.942361	-4.581201	-0.826313	-2.333273	-1.723220	-2.333273	-0.188883	-0.371747	-3.411276
G	-1.121769	-4.581201	-1.493738	0.372996	1.463194	1.226154	1.126159	-0.105467	-1.996238	0.119239	-4.581201
H	-1.723220	-3.411276	-3.411276	-1.121769	-0.371747	-1.493738	-0.026612	-1.493738	0.313617	-0.966491	-4.581201
I	-0.472676	1.319666	1.055424	-2.333273	-0.277420	-0.188883	-0.472676	1.319666	0.981042	-2.773846	0.537740
K	3.214839	-3.411276	-2.333273	-0.277420	0.637968	-0.188883	0.861743	0.484889	-0.826313	1.193586	-4.581201
L	-1.493738	3.270548	2.620923	-1.295798	-0.826313	-0.277420	0.484889	2.213215	1.407484	0.637968	2.977220
M	-2.773846	0.537740	0.588724	-4.581201	-1.723220	-3.411276	-3.411276	-1.295798	-0.371747	-2.773846	-1.996238
N	-4.581201	-4.581201	-2.333273	0.313617	-0.966491	-1.493738	-0.698558	-0.277420	-0.826313	-0.026612	-4.581201
P	-4.581201	-1.996238	-1.723220	1.542921	0.637968	1.126159	-0.698558	-0.581201	0.119239	-2.773846	-4.581201
Q	-2.333273	-1.121769	-0.826313	0.313617	-0.966491	-0.966491	-0.188883	0.048156	0.430027	0.861743	-4.581201
R	2.465923	-4.581201	-3.411276	-1.121769	-0.698558	-0.826313	-0.826313	-0.826313	-1.121769	0.251689	-4.581201
S	-0.472676	-2.333273	-1.996238	0.731682	0.372996	1.319666	0.902615	-0.105467	-0.698558	1.160266	-4.581201
T	-1.996238	-0.371747	-2.773846	-0.188883	0.048156	-0.277420	0.372996	-0.826313	0.637968	0.588724	-3.411276
V	-1.493738	1.906639	-0.698558	-2.773846	-0.371747	-0.105467	-0.105467	1.258003	1.542921	-0.277420	3.024279
W	-4.581201	-3.411276	-0.026612	-4.581201	-4.581201	-4.581201	-4.581201	-2.773846	-3.411276	-4.581201	-4.581201
Y	-3.411276	-4.581201	-0.188883	-3.411276	-1.996238	-4.581201	-1.723220	-2.333273	-1.295798	0.119239	-4.581201
