A	-0.760812	-1.930737	0.317190	-0.760812	-0.123382	0.317190	0.654225	1.156726	0.927244	-0.123382	0.654225	0.654225
C	-1.930737	-1.930737	-1.930737	-0.760812	-1.930737	-1.930737	-1.930737	-1.930737	-1.930737	-1.930737	-1.930737	-1.930737
D	-1.930737	-1.930737	-0.760812	2.544996	0.927244	0.317190	1.354665	-0.123382	0.654225	-0.760812	-1.930737	-1.930737
E	-1.930737	-1.930737	-1.930737	1.528694	-0.123382	1.528694	1.528694	0.654225	-0.760812	-0.123382	0.654225	-1.930737
F	-1.930737	-1.930737	0.927244	-1.930737	-1.930737	-1.930737	-1.930737	-1.930737	-0.760812	-0.760812	-0.123382	-1.930737
G	-0.123382	-1.930737	-1.930737	0.317190	1.156726	0.317190	-0.123382	2.177787	0.317190	-1.930737	-0.760812	-1.930737
H	-0.760812	-1.930737	-1.930737	-1.930737	-0.123382	-0.760812	-0.123382	-0.123382	-0.760812	-0.123382	-1.930737	-1.930737
I	-1.930737	0.927244	0.927244	-1.930737	-0.123382	-0.123382	0.317190	-0.760812	1.156726	1.528694	-0.760812	-0.123382
K	3.135352	-1.930737	-1.930737	-1.930737	-1.930737	-1.930737	0.654225	-0.760812	0.317190	-1.930737	-0.760812	-1.930737
L	-0.123382	3.188204	2.373043	-1.930737	0.317190	-0.760812	0.317190	-1.930737	-0.760812	0.927244	-1.930737	2.769702
M	-1.930737	-0.123382	1.354665	-1.930737	-1.930737	-1.930737	-0.760812	-1.930737	-0.760812	-0.123382	-0.123382	-1.930737
N	-1.930737	-1.930737	-1.930737	-0.123382	-1.930737	-1.930737	-1.930737	0.317190	-0.760812	-1.930737	0.317190	-1.930737
P	-1.930737	-1.930737	-1.930737	0.927244	1.824150	-0.123382	0.927244	-0.760812	-0.760812	0.317190	-0.760812	-1.930737
Q	-1.930737	-0.760812	-0.760812	-1.930737	0.317190	-0.123382	-0.760812	-1.930737	0.317190	-0.123382	0.654225	-1.930737
R	2.177787	-1.930737	-1.930737	-1.930737	-0.123382	-0.760812	-1.930737	-0.760812	0.654225	-1.930737	1.156726	-1.930737
S	-1.930737	-1.930737	-1.930737	0.927244	0.317190	0.927244	0.317190	0.927244	0.654225	-0.760812	1.528694	-1.930737
T	-1.930737	-0.760812	-1.930737	-0.760812	-0.123382	1.683973	-1.930737	-0.760812	0.317190	0.927244	0.654225	-1.930737
V	-1.930737	1.683973	-0.123382	-0.123382	0.317190	0.317190	-0.123382	0.927244	0.317190	1.354665	-0.123382	2.698619
W	-1.930737	-1.930737	0.317190	-1.930737	-1.930737	-1.930737	-1.930737	-1.930737	-1.930737	-0.760812	-1.930737	-1.930737
Y	-1.930737	-1.930737	0.317190	-1.930737	-1.930737	-0.123382	-1.930737	-1.930737	-1.930737	0.317190	-0.123382	-1.930737
