A	0.389947	-1.857981	-0.688056	-1.857981	-0.688056	-0.688056	1.427421	-1.857981
C	-1.857981	-1.857981	-1.857981	-1.857981	-1.857981	-1.857981	-1.857981	-1.857981
D	-1.857981	-1.857981	1.000000	0.389947	-1.857981	-1.857981	-1.857981	-1.857981
E	-1.857981	-1.857981	0.389947	-0.050626	-0.688056	-1.857981	0.389947	-1.857981
F	-1.857981	-0.050626	-0.688056	0.726982	-0.688056	1.427421	-0.050626	-1.857981
G	-0.688056	-1.857981	3.260960	-0.050626	-1.857981	-1.857981	-0.050626	-1.857981
H	0.389947	-1.857981	-1.857981	-0.688056	-0.688056	0.726982	1.229482	-1.857981
I	0.389947	-1.857981	-1.857981	-0.050626	1.756729	-0.050626	-1.857981	0.389947
K	2.250543	-1.857981	-0.688056	1.756729	-0.688056	-1.857981	0.726982	-1.857981
L	1.427421	3.625835	-1.857981	-0.050626	-0.688056	-0.050626	-1.857981	1.896907
M	-1.857981	0.726982	-1.857981	-1.857981	-1.857981	0.389947	-1.857981	-1.857981
N	-1.857981	-1.857981	-1.857981	-0.688056	-1.857981	-0.688056	-1.857981	-1.857981
P	-1.857981	-1.857981	-0.050626	0.726982	1.427421	-0.050626	-0.688056	-1.857981
Q	-1.857981	-1.857981	-1.857981	-0.688056	-1.857981	-0.050626	-0.050626	-1.857981
R	0.726982	-1.857981	-1.857981	1.000000	-1.857981	-1.857981	0.389947	-1.857981
S	-0.050626	-1.857981	-1.857981	0.389947	-0.688056	-0.050626	1.229482	-1.857981
T	-0.688056	-1.857981	-1.857981	-1.857981	0.389947	-1.857981	0.389947	-1.857981
V	1.000000	-1.857981	-1.857981	0.389947	2.534336	1.601451	-1.857981	3.361188
W	-1.857981	-1.857981	-0.050626	-1.857981	-1.857981	0.726982	-1.857981	-1.857981
Y	-1.857981	-0.688056	-1.857981	-1.857981	-1.857981	0.726982	0.389947	-1.857981
