A	-0.375039	-0.307295	0.894147	0.111048	0.274723	-0.232081	0.448083	0.936680	0.229823
C	-7.660442	-6.490517	-2.393655	-7.660442	-3.905554	-2.892257	-3.268124	-3.551917	-2.827552
D	-4.802461	-7.660442	1.192088	1.385318	-0.253174	-1.213358	-1.671757	-3.031085	-7.660442
E	-3.031085	-6.490517	-2.892257	1.850817	0.374357	-0.712074	0.493110	1.402279	-7.660442
F	-0.683162	-1.436440	0.549012	-3.031085	-0.446123	-1.298498	-0.121283	-0.898890	-3.905554
G	-1.700440	-5.412514	-0.712074	0.530618	0.353579	-1.588979	-5.075479	-0.386646	-7.660442
H	-0.180661	-5.412514	-0.818091	-0.802461	0.008443	-1.616048	0.758465	-0.446123	-7.660442
I	-0.232081	1.026934	0.394841	-2.490517	0.282073	1.528147	0.567174	-2.649214	0.649035
K	3.089637	-7.660442	-1.988016	0.614519	1.136409	-1.038390	-0.882365	0.840400	-5.853087
L	-1.056815	3.163125	1.868012	-1.953083	0.318269	1.787675	0.614519	0.034787	3.158141
M	-1.536320	0.191307	0.524434	-3.777799	-2.490517	-1.671757	-1.759575	-2.347559	-1.790077
N	-2.490517	-6.490517	-0.340770	-0.102021	-0.307295	-0.375039	-0.849870	-0.263837	-7.660442
P	-5.412514	-2.136880	-1.643633	1.388726	-0.802461	0.549012	1.279138	-1.918975	-7.660442
Q	-1.412514	0.721101	-0.160596	0.102771	0.060658	-0.232081	0.077651	0.654708	-7.660442
R	1.863120	-3.551917	-2.649214	-0.232081	-0.121283	-1.255300	-1.192836	0.346586	-2.960002
S	-0.140805	-2.259562	0.346586	0.774187	0.332497	0.069179	-0.520890	1.031302	-6.490517
T	-0.274579	0.367464	-0.866026	-0.318367	0.394841	0.267336	0.367464	1.156542	-4.802461
V	-0.483022	1.597535	-0.898890	-1.436440	0.987017	1.920759	1.419043	-0.190800	2.924521
W	-6.490517	-5.412514	-0.627019	-4.572979	-3.450988	-5.075479	-1.759575	-6.490517	-7.660442
Y	-1.365821	-3.551917	0.094446	-3.105853	-0.434029	-2.347559	-0.170594	-0.111620	-6.490517
