A	0.338468	-4.974415	0.144526	-0.419826	0.662210	0.195510	0.468529	0.144526	0.800372	-4.974415
C	-4.974415	-3.804490	-3.804490	-4.974415	-3.804490	-4.974415	-3.167060	-4.974415	-2.726487	-4.974415
D	-1.091772	-4.974415	-1.091772	1.820001	0.587828	-0.079597	-0.273975	-1.514983	-2.116434	-4.974415
E	0.338468	0.895950	-2.389452	1.069980	-0.498681	-0.865890	-0.865890	0.426465	-0.345058	-4.974415
F	-0.865890	-0.206230	1.014270	-1.689012	-0.498681	-1.219527	-0.273975	-0.974415	-2.116434	3.140629
G	0.195510	-3.804490	-1.359705	0.662210	1.513425	1.225258	1.430727	-0.498681	0.292372	-4.974415
H	1.123617	3.247173	0.383137	-0.670634	-0.498681	-0.670634	-0.419826	0.144526	-0.582097	-3.167060
I	0.036813	-2.116434	0.926452	-1.219527	-0.764961	-0.020218	0.244754	0.509401	-1.886952	-4.974415
K	-0.582097	-3.167060	-0.079597	-0.419826	-0.498681	-0.206230	0.549147	-1.091772	0.195510	-4.974415
L	-1.219527	-1.219527	0.732945	-0.974415	-1.091772	0.383137	0.587828	0.832940	-0.206230	-0.419826
M	-1.514983	-3.167060	-0.670634	-2.116434	-3.167060	-3.804490	-2.726487	-1.091772	-3.167060	-2.389452
N	0.244754	-4.974415	-0.345058	-0.974415	0.091675	0.338468	0.195510	0.244754	-0.582097	-4.974415
P	-3.804490	-2.389452	-0.273975	1.944449	1.836157	0.985587	0.144526	-1.359705	-3.804490	-4.974415
Q	-0.020218	-0.141525	-0.670634	-0.345058	-0.419826	0.732945	0.091675	0.338468	0.767052	-4.974415
R	0.767052	0.144526	0.800372	-0.582097	-1.886952	-0.670634	-0.345058	-0.345058	-1.091772	-4.974415
S	1.014270	-2.116434	-0.764961	0.587828	0.698011	0.985587	0.549147	0.625498	1.852134	-4.974415
T	0.956323	-3.804490	-1.219527	-0.345058	-0.020218	0.767052	0.338468	1.225258	1.899030	-4.974415
V	0.036813	-2.116434	0.426465	-0.865890	0.091675	-0.079597	0.036813	1.409290	0.732945	-3.804490
W	-3.804490	-3.804490	-1.886952	-3.804490	-2.389452	-3.167060	-2.726487	-2.389452	-3.804490	-2.726487
Y	0.698011	1.944449	1.430727	-1.219527	-1.091772	-1.219527	-0.865890	-1.514983	-0.764961	3.247173
