A	0.263034	-3.022368	-0.164387	-0.164387	0.860275	-0.774440	1.187086	0.065095	-0.164387	0.263034	-3.022368
C	-3.022368	-3.022368	-3.022368	-3.022368	-3.022368	-3.022368	-3.022368	-1.852443	-3.022368	-3.022368	-3.022368
D	-0.437405	-3.022368	-0.774440	1.369950	-0.164387	0.437064	0.592342	-1.215013	-1.215013	-0.437405	-3.022368
E	-0.437405	-0.774440	-1.215013	0.263034	-0.437405	0.592342	-0.774440	-0.164387	-1.215013	0.592342	-3.022368
F	-0.437405	-0.437405	1.453366	-3.022368	-1.215013	-1.215013	-1.215013	-0.437405	-1.215013	-1.215013	2.994440
G	0.592342	-3.022368	-1.852443	0.263034	0.860275	1.606989	1.872450	1.745817	-0.164387	-0.437405	-3.022368
H	0.732520	3.272253	0.263034	0.065095	0.065095	-0.437405	0.592342	-1.852443	0.860275	-3.022368	-3.022368
I	-0.437405	-3.022368	1.187086	-1.852443	-3.022368	-1.215013	-1.215013	-0.164387	-0.164387	-0.437405	-3.022368
K	-0.774440	-1.852443	-1.852443	-1.852443	0.065095	0.263034	-0.164387	0.065095	0.437064	-0.437405	-3.022368
L	-0.774440	-0.774440	0.263034	-0.774440	-0.774440	-0.437405	-0.774440	0.263034	0.592342	0.860275	-3.022368
M	-1.852443	-3.022368	-1.852443	-3.022368	-3.022368	-1.852443	-1.852443	-3.022368	0.065095	-0.774440	-1.852443
N	-1.215013	-3.022368	-1.215013	0.592342	0.437064	0.263034	-0.164387	-0.164387	0.592342	-1.215013	-3.022368
P	-1.215013	-1.852443	-1.215013	1.745817	1.532221	0.977632	0.065095	-0.774440	-1.215013	-1.852443	-3.022368
Q	-0.437405	-0.164387	-1.215013	0.263034	-0.437405	0.065095	0.263034	-0.774440	0.065095	0.065095	-3.022368
R	0.263034	-0.774440	0.263034	-0.437405	-0.437405	-1.852443	-1.215013	-0.774440	-0.774440	-0.774440	-3.022368
S	1.988859	-3.022368	-0.774440	1.453366	1.745817	1.281413	0.977632	1.745817	1.606989	1.369950	-3.022368
T	0.977632	-3.022368	-1.852443	-0.164387	0.263034	0.437064	0.065095	0.592342	0.977632	1.931828	-3.022368
V	-0.437405	-1.852443	0.437064	-1.215013	-1.852443	-0.774440	-0.437405	0.592342	0.065095	0.977632	-3.022368
W	-3.022368	-3.022368	-3.022368	-3.022368	-3.022368	-3.022368	-3.022368	-3.022368	-3.022368	-3.022368	-3.022368
Y	0.592342	2.290515	2.290515	-0.774440	-0.774440	-0.774440	-1.852443	-0.774440	-1.215013	-1.215013	3.272253
