A	1.078003	-1.169925	0.637430	-1.169925	-1.169925	0.637430	0.000000	-1.169925	1.917538	-1.169925	-1.169925	-1.169925
C	-1.169925	-1.169925	-1.169925	-1.169925	-1.169925	-1.169925	-1.169925	-1.169925	-1.169925	-1.169925	-1.169925	-1.169925
D	-1.169925	-1.169925	-1.169925	1.688056	-1.169925	-1.169925	0.000000	-1.169925	-1.169925	-1.169925	0.637430	-1.169925
E	0.637430	0.000000	-1.169925	0.000000	-1.169925	0.000000	0.000000	1.078003	-1.169925	-1.169925	-1.169925	-1.169925
F	0.000000	0.000000	1.688056	-1.169925	-1.169925	0.000000	0.637430	-1.169925	-1.169925	-1.169925	-1.169925	2.712718
G	0.637430	-1.169925	-1.169925	-1.169925	1.078003	1.688056	1.415037	2.115477	0.000000	-1.169925	0.637430	-1.169925
H	1.078003	2.938599	-1.169925	0.000000	0.637430	-1.169925	0.000000	-1.169925	-1.169925	0.000000	-1.169925	-1.169925
I	0.000000	0.000000	0.000000	-1.169925	-1.169925	0.637430	-1.169925	-1.169925	0.000000	0.000000	-1.169925	-1.169925
K	-1.169925	-1.169925	0.000000	-1.169925	-1.169925	0.000000	-1.169925	0.000000	0.000000	-1.169925	0.000000	-1.169925
L	-1.169925	-1.169925	0.637430	-1.169925	-1.169925	-1.169925	-1.169925	-1.169925	-1.169925	0.000000	1.078003	-1.169925
M	-1.169925	-1.169925	-1.169925	0.637430	0.000000	0.000000	-1.169925	-1.169925	-1.169925	-1.169925	-1.169925	-1.169925
N	0.000000	0.000000	-1.169925	0.000000	0.000000	0.000000	-1.169925	1.078003	0.637430	0.000000	-1.169925	-1.169925
P	-1.169925	-1.169925	0.000000	1.078003	1.917538	-1.169925	1.917538	-1.169925	1.078003	0.000000	0.000000	-1.169925
Q	-1.169925	-1.169925	0.000000	0.637430	0.000000	-1.169925	0.000000	0.637430	-1.169925	1.078003	0.637430	-1.169925
R	-1.169925	1.078003	0.000000	-1.169925	0.000000	0.637430	-1.169925	0.000000	-1.169925	1.078003	-1.169925	-1.169925
S	1.415037	-1.169925	0.000000	1.078003	0.637430	0.637430	0.000000	0.637430	1.415037	1.415037	1.415037	-1.169925
T	0.000000	-1.169925	-1.169925	0.000000	0.637430	0.000000	-1.169925	0.000000	0.637430	0.637430	1.078003	-1.169925
V	0.000000	-1.169925	-1.169925	-1.169925	0.000000	0.000000	0.637430	-1.169925	-1.169925	1.078003	0.637430	-1.169925
W	-1.169925	-1.169925	-1.169925	-1.169925	-1.169925	-1.169925	-1.169925	-1.169925	-1.169925	-1.169925	-1.169925	-1.169925
Y	0.000000	-1.169925	1.688056	0.000000	-1.169925	-1.169925	-1.169925	-1.169925	-1.169925	-1.169925	-1.169925	2.444785
