A	-0.317770	-0.960978	0.580097	-0.882123	0.738214	0.494026	0.989553	-4.266787
C	-5.436712	-5.436712	-5.436712	-4.266787	-4.266787	-4.266787	-3.188784	-5.436712
D	0.634751	-3.188784	-0.266787	-0.882123	-2.578731	-3.188784	-1.227258	-5.436712
E	-0.123829	-2.578731	-0.317770	0.551973	-1.132931	-0.317770	1.166915	-5.436712
F	-0.425484	-0.882123	0.713036	-0.482515	0.199913	-1.328187	-2.349249	2.468675
G	-0.960978	-2.851749	0.304755	0.086850	1.129342	-2.349249	-0.482515	-5.436712
H	2.884089	3.122666	-0.370622	-0.960978	0.713036	-0.035832	-1.227258	-4.266787
I	-1.227258	-1.132931	0.047104	0.270648	1.010372	0.687410	-0.370622	-4.266787
K	-2.578731	-0.668527	0.163201	0.787290	-0.736272	0.006232	0.304755	-5.436712
L	-1.681824	-0.807355	0.235714	0.551973	-0.266787	1.221500	-0.169925	1.051128
M	-1.132931	-2.349249	-1.328187	-3.188784	-2.851749	-1.227258	-1.436712	-0.079160
N	0.125531	-2.151309	-0.603822	-0.541894	-1.044394	-0.123829	-1.132931	-5.436712
P	-5.436712	-0.317770	0.787290	1.663951	0.235714	-0.882123	-3.188784	-5.436712
Q	-0.736272	1.129342	-0.807355	0.270648	-0.317770	0.086850	0.338076	-4.266787
R	-1.681824	1.324840	0.834751	-0.169925	-1.044394	0.163201	-0.482515	-5.436712
S	0.433653	-1.822002	-0.317770	0.163201	1.129342	0.880701	1.496979	-5.436712
T	0.494026	-2.851749	-0.217543	0.494026	0.433653	0.738214	1.110183	-3.629357
V	-0.541894	-1.822002	0.523290	0.713036	1.239245	1.511656	1.511656	-2.578731
W	-4.266787	-4.266787	-2.578731	-3.629357	-3.629357	-4.266787	-4.266787	-4.266787
Y	0.235714	0.551973	0.551973	-1.328187	-2.578731	-0.668527	-2.349249	3.423600
