A	0.774898	-1.570152	0.782786	0.120673	0.381839	0.616201	0.216969	1.073865	-3.357552
C	-6.888067	-8.057992	-5.810064	-6.250637	-4.772590	-5.200011	-3.949467	-3.665674	-5.473029
D	-0.380272	-6.888067	-0.944250	1.232027	-0.424997	-1.652850	-1.763371	-2.157125	-8.057992
E	0.442850	1.170226	-1.382035	1.246360	-0.229855	-1.038401	0.076435	0.821592	-8.057992
F	-0.415940	0.004054	0.133067	-1.674287	-0.190713	-0.079281	-0.944250	-1.908245	2.780424
G	-0.167727	-3.503403	-0.661387	0.529786	0.680945	0.821592	-1.610908	-0.253861	-8.057992
H	0.360915	2.756591	0.024157	-1.247420	-0.057992	-0.380272	0.427838	-0.518833	-1.279915
I	-0.206243	-2.615048	0.939188	-0.855868	-0.057992	0.663962	0.397335	-0.819587	-2.218788
K	-0.002709	-2.700440	0.234330	0.501385	0.821592	0.120673	-0.050964	0.701896	-5.473029
L	-0.761076	-0.629632	0.750972	-0.206243	-0.086448	0.452772	0.977495	0.082838	1.988109
M	-1.247420	-2.657112	-0.629632	-2.574176	-2.350633	-1.530515	-1.473029	-2.157125	0.037405
N	0.412667	-3.582258	0.199396	-0.253861	-0.229855	-0.640139	0.089213	-0.944250	-8.057992
P	-4.303104	-0.619200	-0.319899	1.757392	0.659685	0.432859	-0.294779	-2.791205	-8.057992
Q	0.108171	0.262809	-0.145102	0.108171	-0.072150	0.082838	0.491793	0.350338	-8.057992
R	0.057052	0.486973	0.285194	-1.024569	0.017487	-0.065053	0.163595	0.010787	-8.057992
S	1.240644	-2.700440	0.651092	0.482136	0.802319	0.663962	0.821592	1.534932	-8.057992
T	1.093025	-2.939051	-0.568144	-0.175349	0.442850	0.754988	0.790631	1.268999	-5.200011
V	0.417742	-1.610908	0.472415	-0.682952	0.742908	0.974054	0.974054	0.946229	-1.718142
W	-4.970529	-4.175349	-2.939051	-4.443282	-3.357552	-3.582258	-3.289807	-6.250637	-2.283205
Y	-0.016333	2.146274	0.437863	-1.959960	-1.038401	-1.184548	-0.619200	-1.511097	2.765575
