A	-1.291684 0.950113 1.240583 1.298083 0.954898 2.158654 0.829970 1.186386 1.301915
C	-6.031389 -5.927880 -3.044972 -2.027498 -8.126679 -3.848073 -3.970834 -5.922960 -3.302423
D	-2.509657 -0.502080 -1.573381 1.098177 -0.198865 0.382045 1.216610 -0.852870 -0.710576
E	-1.532925 0.454553 -1.711200 -0.390215 0.790071 0.323324 0.986842 0.851361 0.224900
F	1.398307 -2.220493 -1.047839 -0.156093 -1.414222 -2.898821 -1.222795 -2.980247 -1.255598
G	-3.591712 -1.411641 -0.771323 -1.573716 -0.747589 -0.437369 -0.884296 -0.112777 0.062271
H	-5.114405 0.479435 -1.497185 -0.714202 -0.649919 -3.952670 0.354021 -0.348100 -2.655044
I	2.489368 0.592340 -0.240817 0.714118 -0.254940 -0.393406 0.126687 -0.891065 1.127554
K	-1.738486 1.138513 -0.440216 -8.362197 1.337825 -0.124635 0.031502 0.853351 -0.828598
L	0.847598 -0.948013 -0.469302 0.451121 -0.427386 -0.430163 0.533055 0.252881 1.135745
M	-1.979817 -3.759227 -1.575667 -1.643946 -2.855864 -3.919498 -2.594234 -3.303761 -1.103996
N	-3.157896 -0.386080 -1.699063 -1.735120 -0.592750 -1.350125 0.315086 -0.461617 -1.988539
P	-0.311753 -5.259342 -0.100691 -7.766888 0.532756 0.726828 0.333069 1.630042 -3.272964
Q	-2.276723 0.031302 -1.263584 -0.491178 -0.107698 -1.980102 0.414514 -0.506631 -0.508178
R	-3.137099 0.894732 -1.026822 -4.121710 0.356392 -0.712996 0.192174 1.002508 1.026984
S	-2.167786 0.590591 1.813500 0.924471 0.423679 1.233827 -0.559430 0.348056 0.682077
T	-1.887271 0.850457 2.195732 1.468437 0.874729 0.765087 -1.208661 -0.382619 -0.936094
V	1.755597 0.870932 0.794422 1.588085 0.823428 1.310922 0.399731 -0.023411 1.422459
W	-0.628889 -2.857051 -3.873716 -1.647486 -4.888105 -6.489055 -3.441533 -5.996043 -3.546872
Y	1.370376 -0.433004 -0.390374 -2.703325 -1.710482 -4.924848 -1.410037 -1.709727 -0.662652
