A	1.168389	-0.266563	0.678548	0.153051	0.722509	0.605299	0.307279	0.708004	0.966268	-7.394701
C	-3.553399	-4.260845	-3.207074	-4.564626	-3.796442	-2.964713	-3.394701	-3.121682	-3.297839	-7.394701
D	-4.010037	-3.394701	0.524825	1.120999	0.453574	0.307279	-0.636848	-0.987197	-1.587346	-8.564626
E	-1.338214	-0.034220	-0.600285	1.037609	0.997617	0.330192	-0.114446	0.822853	0.690403	-8.564626
F	-0.083836	-1.738077	0.898899	-1.233709	-0.522967	-1.094984	-0.509343	-1.871139	-1.267710	2.590825
G	0.467420	-2.663759	-1.559001	0.812042	1.170507	1.023620	1.201903	-0.210376	0.009021	-6.757271
H	-0.550605	-3.669808	-0.689645	-0.736489	-0.689645	-0.720705	-0.509343	-0.398463	-0.571688	-2.389700
I	0.182728	0.283997	0.903998	-1.006205	-0.529827	-0.166951	0.211807	0.113974	-1.587346	-3.731736
K	1.303811	-4.260845	0.734010	0.407636	-0.183083	0.165844	0.276152	-0.744447	0.027831	-4.355172
L	0.283997	1.973806	0.326398	-0.355172	0.078328	0.443102	0.803881	0.742575	0.586391	-0.058814
M	-1.660744	-0.266563	-0.578784	-2.725422	-2.604624	-2.138361	-1.463964	-1.722276	-1.961000	-1.770210
N	-2.547818	-3.669808	-0.044007	-0.249476	-0.210376	-0.249476	-0.029350	-0.215898	-0.760495	-8.564626
P	-5.477163	-0.674362	-0.355172	1.434670	1.030632	0.630131	0.041779	-0.886906	-1.888669	-8.564626
Q	-0.443092	2.625199	0.096261	0.260333	-0.029350	0.345267	0.148761	0.739725	0.436078	-7.394701
R	1.722798	-3.796442	0.411222	-0.048926	-0.681983	-0.469229	-0.156296	-0.720705	0.037145	-5.979663
S	0.745419	0.091799	-0.093967	0.654543	0.651514	0.926726	0.787418	1.056052	1.483180	-6.757271
T	-0.379751	0.009021	-1.616259	-0.509343	-0.029350	0.501463	0.474293	1.094478	1.328676	-8.564626
V	0.356471	1.007127	0.096261	-0.801413	0.041779	0.244338	0.385930	1.105588	0.589559	-3.553399
W	-4.088892	-5.105194	-3.345457	-3.796442	-2.964713	-4.260845	-3.498537	-3.080810	-4.809738	-3.251743
Y	0.069278	-1.244954	0.411222	-1.157358	-1.587346	-2.224776	-1.350307	-1.924381	-0.502580	3.603106
