A	1.217779	-0.307227	0.600107	-0.008082	0.719124	0.617722	0.582273	0.790757	0.719124	0.873736	-5.261423
C	-7.068778	-4.483816	-3.454068	-5.898853	-3.609347	-7.068778	-3.454068	-3.981315	-4.483816	-2.676461	-7.068778
D	-4.820851	-2.859325	0.044964	1.296451	0.057926	0.993268	0.370014	-0.290701	-0.521884	-1.667899	-7.068778
E	-2.368339	-0.392821	-0.105882	0.881048	0.895563	0.617722	0.669314	0.083507	0.145541	0.306261	-7.068778
F	-0.180035	-3.186135	1.206182	-1.293991	-1.080094	-1.755895	-1.198414	-0.580938	-1.545216	-1.167911	2.457232
G	0.582273	-2.764998	-1.198414	0.851575	0.979709	1.376237	1.296451	1.176774	0.306261	-0.242230	-5.898853
H	-1.361419	-5.898853	-0.560984	-0.970746	-0.541301	-1.545216	-0.685074	-0.797315	-0.751366	-0.621695	-3.609347
I	0.228138	0.295356	1.059216	-0.706835	-0.560984	-0.621695	-0.323944	0.273296	0.133346	-1.198414	-4.483816
K	1.200348	-3.313891	1.182704	0.070773	-0.375291	0.239561	0.306261	0.250894	-1.167911	0.133346	-3.981315
L	0.057926	2.014036	0.096129	0.421070	-0.063154	-0.290701	0.359582	0.564217	0.966021	0.669314	-0.465152
M	-1.584963	-0.210797	-0.706835	-1.949837	-2.960254	-2.764998	-2.057551	-1.755895	-1.625835	-2.173961	-2.439422
N	-2.593045	-3.609347	-0.357972	-0.580938	-0.105882	-0.021654	-0.105882	0.005363	-0.258207	-0.919031	-7.068778
P	-5.898853	-1.167911	-0.521884	1.301909	1.206182	0.617722	0.338489	-0.091498	-0.970746	-1.849610	-7.068778
Q	-0.428533	2.718308	-0.210797	0.782971	0.338489	-0.091498	0.193317	-0.105882	0.735353	0.545932	-7.068778
R	1.711761	-3.186135	0.133346	-1.051970	-0.844777	-0.502724	-0.893853	-0.521884	-0.944657	-0.323944	-5.898853
S	0.790757	0.145541	-0.410567	0.545932	1.013371	1.052755	0.972881	1.103649	1.401881	1.344850	-5.261423
T	-0.149915	0.145541	-2.593045	-0.541301	-0.049188	0.450858	0.228138	0.411002	0.945242	1.432064	-7.068778
V	0.626450	1.052755	-0.149915	-0.410567	0.169626	-0.164896	0.005363	0.295356	1.046265	0.986504	-5.898853
W	-5.261423	-5.898853	-3.186135	-3.454068	-3.186135	-3.609347	-3.783376	-3.981315	-3.313891	-4.483816	-3.313891
Y	0.508651	-2.173961	0.686109	-1.396353	-1.229574	-1.625835	-1.432154	-1.667899	-2.002689	-0.242230	3.717491
