A	1.417757	-0.746068	0.393095	0.351031	0.657511	0.622577	0.586776	0.691618	0.586776	0.851018	1.417757	-5.049849
C	-5.049849	-3.242494	-5.049849	-5.049849	-5.049849	-3.242494	-3.879924	-5.049849	-3.879924	-2.801921	-5.049849	-5.049849
D	-3.242494	-5.049849	0.433967	1.333856	-0.574115	0.473713	0.473713	0.393095	-0.420492	-0.216959	-1.590417	-5.049849
E	-5.049849	-2.464886	-0.216959	1.074273	0.069093	0.550064	0.586776	0.622577	-0.574115	0.512394	0.586776	-5.049849
F	-0.420492	-3.879924	1.660958	-0.657531	-1.294961	-0.420492	-1.764446	-1.435139	-1.167206	-2.464886	-1.167206	2.139976
G	0.657511	-1.167206	-1.435139	1.221614	0.966960	0.966960	1.535114	1.792502	1.477628	0.263034	-0.216959	-5.049849
H	-1.435139	-5.049849	-0.941324	-2.464886	-1.294961	-0.420492	-0.574115	-1.049849	-1.962386	-1.049849	-0.941324	-5.049849
I	0.307703	0.393095	0.724939	-1.167206	-0.038621	-0.349409	-0.746068	-0.495260	-0.840395	-0.038621	-1.962386	-5.049849
K	1.376416	-5.049849	1.660958	-0.095652	-1.167206	0.263034	0.263034	0.351031	-0.155031	-0.746068	-0.420492	-5.049849
L	-0.941324	1.854033	-0.420492	-0.420492	0.994546	0.120076	0.169320	0.216938	-0.155031	0.016241	0.550064	-1.764446
M	-2.191868	-0.216959	-1.294961	-3.879924	-1.764446	-3.242494	-3.242494	-5.049849	-2.464886	-0.746068	-1.962386	-3.242494
N	-2.464886	-2.801921	-0.495260	-0.574115	-0.840395	-0.657531	-0.095652	-0.038621	-0.155031	-0.216959	-1.962386	-5.049849
P	-5.049849	-1.962386	-0.495260	1.553778	1.477628	0.069093	0.724939	-0.216959	0.433967	-0.840395	-1.962386	-5.049849
Q	-0.746068	2.877929	-0.349409	0.307703	0.910153	0.307703	-0.038621	0.433967	0.586776	0.473713	0.351031	-5.049849
R	1.760723	-3.879924	0.512394	-1.590417	-1.590417	0.069093	-0.574115	-0.840395	-0.746068	-1.962386	-0.574115	-5.049849
S	1.125077	-0.038621	-0.941324	0.910153	0.994546	0.691618	1.099899	1.125077	1.497046	1.711703	1.660958	-5.049849
T	-0.216959	0.216938	-1.764446	-0.746068	-0.038621	-0.038621	-0.038621	0.216938	0.910153	0.757506	1.535114	-5.049849
V	0.622577	1.376416	-1.167206	-1.167206	0.263034	0.433967	-0.155031	-0.746068	0.473713	1.267564	0.851018	-5.049849
W	-5.049849	-5.049849	-3.879924	-2.191868	-3.242494	-2.801921	-3.879924	-3.242494	-2.801921	-3.879924	-3.879924	-3.879924
Y	0.120076	-2.801921	0.550064	-1.294961	-1.435139	-0.281664	-1.590417	-2.191868	-1.294961	-2.191868	-0.941324	3.874964
