A	1.559809	-0.989353	0.398918	-1.218835	0.315502	0.132638	-0.462106	1.189971	0.132638	0.934412	0.756074	1.559809	-2.906891
C	-4.076816	-4.076816	-4.076816	-4.076816	-2.906891	-4.076816	-2.906891	-4.076816	-4.076816	-2.269461	-4.076816	-2.269461	-4.076816
D	-4.076816	-2.906891	-0.791413	1.142353	0.031709	-0.194173	0.623624	0.226965	-0.076816	-0.194173	-0.989353	-2.906891	-4.076816
E	-4.076816	-1.491853	-0.194173	1.280736	0.398918	0.031709	0.623624	0.623624	0.552541	0.691369	0.132638	0.818002	-4.076816
F	-1.218835	-2.906891	1.730539	-1.491853	-0.791413	-1.491853	-0.462106	-1.218835	-1.828888	-1.218835	-2.906891	-0.989353	1.883186
G	0.818002	-1.828888	-1.491853	1.324064	1.446746	1.366128	1.189971	1.236067	1.485427	1.042125	0.398918	-0.791413	-4.076816
H	-1.491853	-4.076816	-0.989353	-1.218835	-0.462106	-1.828888	-1.828888	-0.989353	-0.076816	-2.269461	-0.791413	-0.462106	-4.076816
I	0.031709	0.552541	0.934412	-1.491853	-1.218835	-0.321928	-0.321928	-0.617384	-1.218835	0.031709	0.315502	-1.491853	-4.076816
K	1.142353	-2.269461	0.934412	-0.989353	-0.617384	0.226965	0.398918	0.398918	0.756074	-0.321928	-2.269461	-0.791413	-4.076816
L	-0.791413	1.697971	-0.462106	-0.617384	0.226965	0.552541	0.877381	0.398918	-0.321928	0.398918	0.552541	0.398918	-2.906891
M	-1.218835	-0.321928	-0.791413	-1.218835	-2.906891	-2.269461	-2.269461	-2.269461	-2.906891	-4.076816	-0.617384	-4.076816	-2.906891
N	-2.906891	-4.076816	-0.076816	-0.791413	-1.218835	-0.321928	-0.791413	-0.462106	0.132638	-0.791413	-0.321928	-0.791413	-4.076816
P	-4.076816	-1.491853	-0.462106	1.853922	1.485427	0.552541	-0.321928	0.398918	0.477773	0.132638	-1.218835	-2.269461	-4.076816
Q	-1.491853	2.997326	-0.321928	0.552541	-0.076816	1.324064	0.623624	0.398918	0.477773	0.132638	0.877381	0.756074	-4.076816
R	1.762388	-2.906891	0.691369	-0.989353	-0.989353	-0.462106	-0.194173	-0.617384	-0.321928	-0.321928	-1.491853	-2.269461	-4.076816
S	0.989274	0.315502	-2.269461	0.756074	1.407000	0.989274	0.691369	0.934412	0.877381	1.093109	1.664651	1.883186	-4.076816
T	-0.462106	0.315502	-1.828888	-0.617384	0.315502	0.398918	0.623624	-0.617384	0.031709	0.756074	1.324064	1.236067	-4.076816
V	0.756074	0.691369	-0.462106	-0.989353	-0.462106	-0.194173	0.031709	0.132638	0.315502	0.477773	0.691369	0.756074	-4.076816
W	-2.906891	-4.076816	-2.906891	-1.828888	-2.269461	-2.906891	-4.076816	-2.906891	-2.269461	-2.269461	-2.906891	-4.076816	-4.076816
Y	0.691369	-4.076816	1.280736	-1.491853	-1.491853	-1.828888	-0.791413	-1.491853	-1.491853	-0.989353	-2.269461	-1.491853	3.909026
