A	1.584963	-2.523562	0.061401	-0.275634	0.061401	-0.275634	0.334419	-0.275634	-0.275634	0.761840	0.761840	0.935870	1.091148	-2.523562
C	-2.523562	-2.523562	-2.523562	-2.523562	-2.523562	-2.523562	-2.523562	-2.523562	-2.523562	-2.523562	-2.523562	-2.523562	-2.523562	-2.523562
D	-2.523562	-1.353637	-1.353637	-0.275634	-1.353637	0.563901	-0.275634	0.334419	0.334419	-1.353637	-0.716207	0.061401	-2.523562	-2.523562
E	-2.523562	-2.523562	-0.275634	0.935870	0.563901	0.334419	0.334419	0.761840	-0.275634	-1.353637	-0.275634	0.061401	0.761840	-2.523562
F	0.334419	-2.523562	1.780219	-2.523562	-0.716207	-1.353637	-1.353637	0.761840	-2.523562	-0.716207	-0.716207	-2.523562	-2.523562	1.685891
G	1.359081	-1.353637	-1.353637	2.309328	1.231326	1.359081	1.476438	1.868755	1.780219	1.476438	1.584963	-0.275634	-1.353637	-2.523562
H	-1.353637	-2.523562	-1.353637	-2.523562	-1.353637	-1.353637	-1.353637	0.061401	-0.716207	0.061401	-0.716207	-0.275634	-0.275634	-2.523562
I	-0.716207	-0.275634	0.761840	-1.353637	0.334419	0.334419	-1.353637	-1.353637	-0.275634	0.061401	-0.275634	0.061401	-0.716207	-2.523562
K	1.359081	-2.523562	1.685891	-1.353637	-0.716207	-0.275634	0.334419	0.061401	-0.275634	0.061401	-0.716207	-0.716207	-1.353637	-2.523562
L	-1.353637	1.584963	-1.353637	-1.353637	0.563901	-0.716207	1.091148	0.334419	-0.275634	-2.523562	0.061401	-0.716207	-0.275634	-2.523562
M	-2.523562	-0.716207	-1.353637	-1.353637	-2.523562	-2.523562	-1.353637	-2.523562	-1.353637	-2.523562	-2.523562	-1.353637	-0.275634	-2.523562
N	-2.523562	-1.353637	-0.275634	-0.716207	-1.353637	-0.275634	-0.716207	-1.353637	0.061401	-0.275634	-0.716207	-0.275634	0.061401	-2.523562
P	-2.523562	-0.716207	-1.353637	1.868755	0.061401	0.761840	-0.275634	0.334419	1.231326	1.091148	1.231326	-0.275634	-2.523562	-2.523562
Q	-1.353637	3.251225	-0.275634	0.061401	1.091148	0.563901	1.091148	-0.275634	1.091148	0.061401	1.231326	0.761840	0.334419	-2.523562
R	0.563901	-2.523562	1.091148	0.061401	-1.353637	-1.353637	-1.353637	-1.353637	-0.275634	0.061401	0.061401	-2.523562	-0.716207	-2.523562
S	1.231326	0.334419	0.061401	-0.275634	1.091148	1.476438	0.563901	0.563901	0.334419	1.231326	0.563901	1.868755	2.176878	-2.523562
T	0.061401	-1.353637	-2.523562	-0.716207	0.334419	0.334419	0.061401	-0.716207	-0.716207	0.563901	-0.716207	1.091148	1.091148	-2.523562
V	0.563901	-0.275634	-0.716207	-0.275634	-0.275634	-0.275634	0.061401	0.334419	-1.353637	0.061401	-0.716207	0.761840	0.563901	-2.523562
W	-2.523562	-2.523562	-2.523562	-2.523562	-1.353637	-2.523562	-2.523562	-2.523562	-1.353637	-2.523562	-2.523562	-2.523562	-2.523562	-2.523562
Y	0.334419	-1.353637	0.563901	-0.716207	0.563901	-0.716207	0.061401	-1.353637	-0.275634	-1.353637	-0.716207	-2.523562	-1.353637	3.771059
