A	1.220895	-0.827877	0.121644	0.358035	0.561090	0.402759	1.455510	-7.274960
C	-5.027033	-7.274960	-5.467606	-4.416979	-2.506776	-4.187498	-3.166436	-7.274960
D	-5.027033	-7.274960	-1.751399	-1.404596	-2.799227	-1.314959	-1.874081	-7.274960
E	-3.989558	-1.751399	-2.055792	0.897467	-3.392317	0.600021	1.255446	-7.274960
F	-0.085136	-4.416979	-0.036556	-1.203498	-1.314959	-1.675048	-3.065507	2.052031
G	0.446139	-2.882643	-1.500173	-0.401516	0.437567	-0.913017	-0.616749	-7.274960
H	0.283460	-4.689998	0.273861	-1.230566	0.142892	-0.036556	-0.652909	-4.689998
I	0.471554	-1.027033	0.496529	0.674866	1.480762	0.292996	-1.075288	-5.467606
K	0.689380	-2.799227	2.334218	1.133369	-1.500173	0.132307	0.194681	-7.274960
L	0.537217	0.110902	-0.255370	1.317497	1.062661	0.903704	0.110902	1.770799
M	-1.344223	-1.176928	-0.616749	-1.602535	-1.344223	-1.533493	-1.917408	-0.432610
N	-2.882643	-4.187498	0.254470	-1.100035	-0.371079	-0.513409	-1.258152	-7.274960
P	-5.467606	-7.274960	-2.442070	0.273861	-0.689998	-0.957548	-2.720372	-7.274960
Q	0.224885	3.814986	-0.227837	0.339749	-0.448412	0.787086	0.645392	-7.274960
R	1.215890	-3.166436	1.619857	0.121644	-1.962078	0.273861	-0.547040	-7.274960
S	0.703750	-0.085136	-1.314959	-0.187498	1.034516	1.170054	1.303412	-7.274960
T	-0.012866	-1.404596	-0.869819	0.194681	0.682142	0.878592	0.878592	-7.274960
V	0.710881	0.089174	-0.214265	0.878592	1.797842	0.780322	1.425479	-6.105035
W	-3.660251	-5.467606	-2.799227	-4.187498	-5.027033	-4.187498	-6.105035	-6.105035
Y	0.254470	-3.392317	-0.708906	-1.962078	-3.660251	-1.567601	-1.791145	3.527556
