A	1.160580	0.524598	0.963722	0.267748	0.341108	0.346852	0.476008	1.236796	-3.543592
C	-5.314967	-4.659879	-3.531499	-5.400359	-4.029990	-3.319119	-3.350643	-3.011396	-9.587986
D	-2.953780	-7.003023	-0.330336	0.974363	-0.391862	-0.814297	-1.269066	-1.833098	-10.757911
E	-0.936535	-0.009928	-1.269066	1.446584	0.464733	0.060671	0.766631	0.822466	-10.757911
F	-0.054656	-1.668460	0.384037	-1.485281	-0.638645	-0.482077	-1.304640	-1.514737	2.286355
G	0.344393	-2.027441	-1.370432	0.627952	0.674370	0.667830	-1.141822	-0.408353	-10.757911
H	-0.586109	-5.638970	0.100070	-1.198056	-0.207405	-0.454701	-0.016233	-0.517418	-1.848018
I	0.188630	0.484221	0.814789	-0.910853	0.306158	0.665862	0.212195	-1.517716	-1.061378
K	1.229708	-4.486448	1.399989	0.499772	0.428822	-0.202603	-0.196623	0.411701	-8.172948
L	0.096178	2.004315	-0.163586	0.064660	0.795718	0.813012	1.126164	0.168385	1.967775
M	-1.678426	-0.235329	-0.779915	-2.500523	-1.940927	-1.661855	-1.597409	-2.048827	-0.530897
N	-1.863093	-3.738320	0.172087	-0.422241	-0.354100	-0.470487	-0.490832	-0.796099	-10.757911
P	-5.016444	-1.913205	-1.008041	1.316314	0.422620	-0.046029	-0.350112	-1.905381	-9.587986
Q	-0.273843	2.477430	-0.217056	0.225617	-0.089691	0.116494	0.745045	0.584858	-9.587986
R	1.474210	-4.486448	0.820108	-0.352769	-0.115408	-0.108655	-0.181190	0.030400	-10.757911
S	0.967988	0.173935	0.300250	0.662576	0.691883	0.782459	0.949772	1.547652	-10.757911
T	0.020166	0.007790	-1.074478	-0.260059	0.313719	0.748149	0.698315	1.065257	-9.587986
V	0.397540	1.217668	-0.002606	-0.576759	0.589711	0.935140	0.935685	0.807072	-1.050552
W	-3.915560	-5.691822	-2.882929	-3.766389	-2.913990	-4.440498	-3.555787	-5.691822	-2.349581
Y	0.081490	-2.297455	0.037520	-2.156140	-1.453559	-1.343754	-1.330598	-1.076672	3.167389
