A	-0.556639 1.600812 1.725392 1.512237 0.948149 2.771974 2.229889 1.089064 1.925301
C	-8.986895 -7.827979 -3.074402 -3.729361 -9.003096 -5.152085 -3.328388 -4.783283 -6.501079
D	-3.270729 -1.406683 -1.566391 -0.702487 -0.300104 0.409729 -0.721306 -0.242779 0.558571
E	-0.520848 0.553534 -0.864318 1.018178 0.238985 -2.196978 1.062923 1.220627 0.409870
F	0.334925 -0.777680 -0.121383 -1.781980 -1.686480 -2.674212 -1.496077 -2.555408 -5.235470
G	-4.876371 -0.657655 1.632408 -1.096684 -1.115885 -1.422072 -0.936530 -0.556122 0.779846
H	-1.957961 0.150152 -1.848120 -3.077779 -1.091325 -7.797335 -0.349632 -0.534529 -0.908821
I	0.961563 -0.233848 -0.618424 1.371916 0.516021 0.240832 0.055601 -0.515678 0.054076
K	0.934830 0.943758 -1.595088 -2.954622 1.136743 -3.972690 -0.837094 0.904833 -3.567403
L	-0.038454 0.277321 -0.073102 -1.058076 0.970860 -0.894322 0.805261 0.260801 0.134776
M	-3.127690 -2.924005 -1.839080 -3.045972 -1.525704 -3.212514 -1.375504 -2.348991 -4.132231
N	-0.740683 -0.604753 -0.898581 -2.038575 -0.658793 -2.176694 0.341323 -0.559384 1.192914
P	-2.776183 -3.639430 0.530994 -0.453435 0.280733 1.785517 -0.354472 0.919581 -2.234153
Q	-1.371900 -0.037002 -0.239491 -1.768784 -0.543879 -6.867314 0.221823 0.262789 -0.429335
R	2.951383 0.605498 -1.605420 -5.103313 -0.074745 -3.320339 -0.333643 0.827528 -3.883635
S	-1.446376 0.433718 0.500070 1.416959 0.074171 0.714767 -0.170767 0.179784 1.626523
T	-2.157554 0.767087 -0.133094 1.587423 0.582976 -0.006023 -1.470273 -0.030316 -0.591158
V	-0.260497 0.805396 0.411554 1.637657 1.393372 1.454060 0.718719 -0.017668 0.770032
W	-1.935183 -3.404758 -0.956622 -3.373169 -5.643294 -6.352804 -3.176689 -2.505017 -8.953187
Y	0.550444 -0.876959 0.886918 -4.127856 -2.201337 -8.373732 -3.243042 -1.584821 -3.879115
