A	0.328290 -0.358077 0.709735 -0.640384 1.474898 0.536741 -0.049006 0.346581 1.960986
C	-5.795760 -5.795762 -2.676542 -5.795306 -5.792588 -5.795763 -5.795757 -5.793926 -2.351515
D	1.329089 0.081558 -5.587481 -1.628332 -2.715592 -1.254393 3.337252 1.091382 1.415023
E	-2.245848 1.366319 -2.094643 0.165988 -0.491620 -5.606390 -0.819526 0.467179 -0.763249
F	-1.539117 0.372689 -0.301376 1.274709 0.427136 0.710793 -0.161899 -1.314761 -5.097700
G	1.489646 0.045538 -0.873720 -2.209321 -5.554006 -2.153389 -1.627645 -5.747115 -5.736030
H	-0.790035 0.349411 -0.354571 -0.424552 -5.431386 -1.416569 -0.256690 0.576917 -2.335498
I	0.714035 -0.402756 1.739572 1.585347 0.646966 1.608838 -1.443093 -0.833336 -1.469562
K	1.270110 -1.300697 -5.706409 0.360148 -5.771628 0.164014 -0.529756 0.231241 -1.371564
L	-0.448402 -1.476755 1.145338 -0.729306 1.034751 0.929791 -2.205457 -0.324983 1.119117
M	-5.458002 -2.145707 -2.341999 -5.785888 -1.382130 -5.270882 -0.865227 -5.787484 -2.336610
N	1.300569 0.718484 -0.167530 -2.279928 0.125125 0.183285 1.250452 -0.371389 0.197601
P	0.388758 -2.483936 -5.758101 -2.334891 -5.725359 -0.789641 -1.256439 1.850551 1.326020
Q	-0.762196 -0.093975 0.045521 -0.154201 -5.779014 0.107350 -1.245882 -1.425517 -0.329033
R	-0.719775 -1.227334 -0.621502 -0.784582 -0.832801 0.467238 -2.111140 1.822330 -0.698066
S	-1.412316 0.625906 0.616085 0.011436 1.382114 0.432998 -5.535071 -4.792921 1.493330
T	-1.318959 -0.589754 0.038813 0.912585 0.582080 -0.675839 -0.135390 -0.466676 -0.039310
V	0.587545 1.924427 1.922373 0.519643 2.240882 1.834800 -4.639398 0.722066 -1.322058
W	-5.795762 -5.743833 -5.785847 -1.261479 -5.786456 -5.748251 -5.795715 -5.795763 -5.795763
Y	-2.334558 0.009491 0.119898 1.577354 -1.337908 -5.742830 -5.620530 -5.793425 -5.764673
