A	-0.301170	2.195256	2.000000	-2.108524	1.506185	0.978938	-2.108524	-0.938599	1.774119	-2.108524
C	-2.108524	-2.108524	-0.938599	-2.108524	-2.108524	-2.108524	-0.938599	-2.108524	-2.108524	-2.108524
D	-2.108524	-2.108524	1.506185	2.902703	0.978938	0.476438	-0.301170	-0.938599	-2.108524	-2.108524
E	-2.108524	-0.301170	-2.108524	2.000000	0.476438	0.476438	-0.301170	-2.108524	0.476438	-2.108524
F	1.176878	-2.108524	-0.301170	-2.108524	-2.108524	-2.108524	-0.938599	-2.108524	-2.108524	2.000000
G	-0.301170	-2.108524	-0.301170	-0.301170	0.476438	1.176878	1.350907	-0.938599	-0.301170	-2.108524
H	0.749457	1.646363	0.139403	-0.938599	-0.938599	-0.301170	0.139403	0.476438	-0.301170	-2.108524
I	1.176878	-2.108524	0.139403	-2.108524	-2.108524	-0.938599	-2.108524	-0.301170	-0.938599	-2.108524
K	-0.938599	-2.108524	-0.938599	-2.108524	-2.108524	-0.938599	0.139403	-0.938599	-2.108524	-2.108524
L	-0.301170	0.978938	-2.108524	-0.938599	-0.301170	-2.108524	0.139403	-0.301170	-0.938599	3.249028
M	-0.938599	-2.108524	-2.108524	-2.108524	-2.108524	-0.938599	-2.108524	-0.301170	-2.108524	-0.938599
N	-0.938599	-2.108524	-0.938599	-0.938599	-0.301170	0.749457	0.139403	1.774119	-2.108524	-2.108524
P	-0.938599	-2.108524	0.139403	1.176878	1.176878	0.749457	1.176878	-0.938599	-2.108524	-2.108524
Q	-2.108524	1.506185	-2.108524	-2.108524	0.476438	-0.938599	0.978938	1.176878	0.139403	-2.108524
R	0.139403	-2.108524	-2.108524	-2.108524	-0.938599	-2.108524	-0.301170	-0.301170	-0.938599	-2.108524
S	0.749457	-2.108524	0.749457	-0.301170	0.476438	0.978938	0.139403	0.476438	2.283793	-2.108524
T	-0.301170	-2.108524	-2.108524	-2.108524	0.749457	0.749457	0.749457	1.176878	1.646363	-2.108524
V	0.476438	0.978938	0.978938	-2.108524	0.476438	0.749457	0.476438	1.176878	-0.938599	0.476438
W	-2.108524	-0.938599	-2.108524	-2.108524	-2.108524	-2.108524	-2.108524	-2.108524	-2.108524	-2.108524
Y	1.646363	0.476438	0.476438	-0.938599	-2.108524	-2.108524	-2.108524	-2.108524	-0.938599	0.139403
