A	1.770518	2.527247	0.082462	-1.087463	1.160465	-1.087463	-1.087463	0.082462	-1.087463	0.719892	-1.087463
C	-1.087463	-1.087463	-1.087463	-1.087463	-1.087463	-1.087463	-1.087463	-1.087463	-1.087463	-1.087463	-1.087463
D	-1.087463	-1.087463	2.000000	1.160465	1.770518	1.160465	0.082462	-1.087463	0.082462	-1.087463	-1.087463
E	-1.087463	-1.087463	0.082462	0.719892	-1.087463	-1.087463	0.082462	0.082462	-1.087463	0.082462	-1.087463
F	0.719892	-1.087463	0.082462	-1.087463	-1.087463	-1.087463	-1.087463	-1.087463	-1.087463	-1.087463	0.719892
G	-1.087463	-1.087463	-1.087463	1.770518	0.082462	0.719892	0.719892	1.160465	-1.087463	0.082462	-1.087463
H	-1.087463	0.719892	0.082462	-1.087463	0.082462	-1.087463	-1.087463	0.082462	-1.087463	-1.087463	-1.087463
I	0.082462	-1.087463	0.082462	-1.087463	0.082462	-1.087463	-1.087463	0.082462	0.719892	0.082462	-1.087463
K	0.082462	-1.087463	-1.087463	-1.087463	-1.087463	-1.087463	-1.087463	-1.087463	-1.087463	-1.087463	-1.087463
L	0.719892	1.160465	0.719892	-1.087463	-1.087463	0.082462	0.719892	-1.087463	-1.087463	0.082462	2.795180
M	-1.087463	-1.087463	-1.087463	-1.087463	-1.087463	-1.087463	0.082462	-1.087463	-1.087463	-1.087463	1.160465
N	-1.087463	-1.087463	-1.087463	0.082462	-1.087463	-1.087463	0.082462	0.082462	1.770518	-1.087463	-1.087463
P	-1.087463	0.082462	-1.087463	0.082462	1.160465	0.082462	-1.087463	0.082462	0.082462	-1.087463	-1.087463
Q	-1.087463	0.719892	-1.087463	0.082462	-1.087463	0.719892	0.719892	-1.087463	1.770518	-1.087463	-1.087463
R	-1.087463	-1.087463	-1.087463	-1.087463	0.719892	0.082462	-1.087463	0.082462	-1.087463	-1.087463	-1.087463
S	0.719892	-1.087463	0.719892	0.082462	0.082462	1.160465	1.497500	1.497500	1.160465	1.160465	-1.087463
T	0.082462	-1.087463	-1.087463	0.082462	0.082462	1.497500	1.160465	1.160465	-1.087463	1.497500	-1.087463
V	0.719892	-1.087463	0.082462	0.719892	-1.087463	0.082462	0.082462	0.082462	-1.087463	1.497500	0.719892
W	-1.087463	-1.087463	-1.087463	-1.087463	-1.087463	-1.087463	-1.087463	-1.087463	-1.087463	-1.087463	-1.087463
Y	0.719892	0.082462	0.719892	0.082462	-1.087463	-1.087463	-1.087463	-1.087463	0.082462	0.082462	-1.087463
