A	0.975752	2.900464	2.047306	-0.321928	1.093109	0.180572	1.647698	-2.906891
C	-2.906891	-2.906891	-2.906891	-2.906891	-2.906891	-2.906891	-2.906891	-2.906891
D	-2.906891	0.975752	0.378512	-1.099536	-1.736966	-1.736966	-1.099536	-2.906891
E	-2.906891	-1.099536	-0.321928	0.975752	-1.736966	-1.736966	2.047306	-2.906891
F	1.987927	-2.906891	0.180572	-1.736966	-2.906891	-1.099536	-2.906891	-1.099536
G	-2.906891	-0.321928	0.552541	-0.658963	2.867896	-1.736966	-1.736966	-2.906891
H	-0.321928	-2.906891	0.707819	-0.048910	-0.321928	1.302563	-1.099536	-2.906891
I	-0.321928	-1.736966	-0.048910	-1.736966	-0.658963	-1.736966	-1.736966	-2.906891
K	-1.736966	-2.906891	-1.099536	-0.321928	-2.906891	0.975752	0.552541	-2.906891
L	0.552541	-1.099536	0.378512	0.378512	-0.048910	-0.658963	-1.736966	3.996991
M	-1.736966	-2.906891	-1.736966	-1.736966	-2.906891	-1.736966	-2.906891	0.180572
N	-1.736966	-2.906891	-0.321928	0.378512	-1.099536	-0.048910	-2.906891	-2.906891
P	-2.906891	-1.736966	-2.906891	0.847997	0.378512	1.396890	-2.906891	-2.906891
Q	-1.736966	1.647698	-0.321928	-0.048910	-0.048910	0.552541	0.180572	-2.906891
R	-1.736966	-2.906891	-2.906891	-1.099536	-2.906891	1.485427	-0.658963	-2.906891
S	0.552541	1.093109	-0.658963	0.552541	1.201634	0.975752	1.093109	-2.906891
T	-0.321928	-0.048910	-0.048910	0.975752	-1.736966	-0.658963	0.975752	-2.906891
V	0.975752	-0.321928	0.707819	1.861294	0.378512	-0.321928	1.396890	-1.736966
W	-1.736966	-2.906891	-2.906891	-2.906891	-2.906891	-2.906891	-2.906891	-2.906891
Y	2.104337	-2.906891	0.180572	-1.736966	-2.906891	-1.736966	-2.906891	-2.906891
