A	1.532815	1.924914	1.551089	0.225525	0.776720	0.248103	0.366334	1.734169	-1.912889
C	-7.082814	-4.497852	-4.497852	-7.082814	-5.275459	-4.497852	-5.912889	-7.082814	-4.834887
D	-4.224833	-5.912889	1.812003	1.626269	-0.389327	-1.863646	-1.559252	-2.779034	-7.082814
E	-2.690497	-0.105534	-0.984782	1.900179	0.030928	-0.372008	-0.240464	1.186312	-7.082814
F	0.753236	-3.797412	-0.460763	-3.327927	-2.128618	-1.341347	-2.690497	-2.453458	1.120534
G	-0.049391	-1.912889	-1.816028	1.005974	0.799829	0.837539	-2.607081	-1.243611	-7.082814
H	-0.788194	0.696905	-1.212450	-2.528225	-0.077190	-0.858813	1.012583	-1.181948	-7.082814
I	0.638285	-0.224833	0.776720	-2.016725	-0.149124	0.721317	-0.256266	-3.623383	-0.555337
K	0.776720	-3.200171	-0.984782	-0.063224	0.386827	-0.288398	-0.163951	-0.091292	-7.082814
L	-0.656550	2.315395	0.366334	-1.559252	-0.389327	0.513375	0.017848	-0.958693	3.429926
M	-1.769931	-0.742964	0.004649	-3.327927	-2.690497	-1.963873	-1.446190	-2.873361	-0.272243
N	-1.681935	-5.275459	0.131505	-0.424603	0.155590	-0.163951	-0.178932	-0.699110	-7.082814
P	-7.082814	-3.995351	-1.275459	1.827079	0.910124	0.366334	0.822573	-2.779034	-7.082814
Q	-0.958693	1.693619	-0.337981	0.017848	0.202588	0.155590	0.924213	0.951985	-7.082814
R	-0.209370	-4.497852	-4.497852	-2.873361	-0.699110	-1.243611	0.202588	-0.677673	-7.082814
S	1.457314	-0.389327	0.629713	0.577182	0.903028	1.186312	0.680398	1.910832	-7.082814
T	0.688675	-0.834887	-0.337981	-0.535920	0.612414	1.025710	1.108245	1.495558	-7.082814
V	0.999335	0.466008	0.513375	-1.482901	0.958845	1.408037	1.120534	0.417032	2.115017
W	-5.275459	-7.082814	-3.623383	-7.082814	-7.082814	-7.082814	-5.275459	-7.082814	-7.082814
Y	0.466008	-0.656550	-0.209370	-3.468104	-1.639871	-2.779034	-1.308027	-1.816028	-0.288398
