A	1.381429	1.144390	0.961526	-0.160465	-0.662965	0.366782	0.634716	0.506960	-3.247928
C	-3.247928	-3.247928	-3.247928	-3.247928	-3.247928	-3.247928	-3.247928	-3.247928	-3.247928
D	-3.247928	-2.078003	-3.247928	1.452512	-1.000000	-3.247928	-2.078003	-3.247928	-3.247928
E	-3.247928	-3.247928	-3.247928	1.763300	-2.078003	-3.247928	-0.160465	1.381429	-3.247928
F	-0.389947	-3.247928	1.520257	-3.247928	0.037475	-0.662965	0.037475	-1.440573	2.275634
G	-0.389947	-3.247928	-0.662965	1.818162	1.144390	0.037475	-3.247928	0.211504	-3.247928
H	-3.247928	-3.247928	-1.440573	-2.078003	-0.160465	-1.440573	-1.440573	-1.000000	0.366782
I	-2.078003	0.961526	-0.662965	-1.440573	0.634716	1.646890	0.211504	-3.247928	-3.247928
K	2.926998	-3.247928	-1.000000	-0.662965	1.306661	-0.662965	-0.389947	0.634716	2.109624
L	-3.247928	1.921997	0.506960	-1.000000	-0.389947	0.037475	1.706269	-0.389947	0.211504
M	-3.247928	-1.440573	0.211504	-3.247928	-1.000000	-2.078003	0.366782	-2.078003	-1.440573
N	-3.247928	-3.247928	0.037475	0.037475	-2.078003	-1.440573	-0.662965	0.366782	-3.247928
P	-3.247928	-2.078003	-3.247928	1.306661	-0.160465	0.634716	-1.000000	-3.247928	-3.247928
Q	-3.247928	0.037475	-1.000000	-0.662965	0.211504	-1.000000	-0.389947	0.506960	-3.247928
R	1.706269	-1.000000	-1.000000	-1.440573	0.211504	1.381429	-1.000000	-0.389947	0.752072
S	0.752072	-0.389947	0.506960	0.366782	0.366782	-0.662965	0.506960	1.452512	-3.247928
T	-1.440573	1.584963	-0.662965	0.037475	0.211504	1.306661	0.961526	1.520257	-3.247928
V	0.037475	2.314315	-0.662965	-1.440573	1.144390	1.381429	1.381429	0.506960	-3.247928
W	-3.247928	-3.247928	-3.247928	-3.247928	-3.247928	-3.247928	-3.247928	-3.247928	-2.078003
Y	-0.662965	-3.247928	2.388697	-3.247928	-0.160465	-1.000000	-0.389947	-1.440573	2.275634
