A	-5.524102 0.558481 0.726317 2.051073 0.683589 -0.911381 0.811121 0.778136 1.931237
C	-9.174144 -9.153358 -4.088948 -2.181424 -9.170712 -9.162255 -5.750143 -8.730927 -2.307644
D	-8.513874 -1.491405 -2.091000 -0.747919 0.802653 2.235892 -0.795985 -0.229220 -0.718028
E	-5.438339 0.532750 -1.087102 -0.854591 0.779482 -7.664097 -0.297913 0.830995 -0.378806
F	-0.932631 -1.534730 -0.524936 -3.095062 -2.034799 -9.115354 -0.800360 -1.402245 -1.479697
G	-8.637752 -2.059627 -1.432719 -2.942454 -0.352452 -3.549225 -0.628091 -0.208508 1.057138
H	-7.551557 -0.736172 -1.690125 -4.176232 -1.036709 -8.557877 -2.304291 -0.732956 -1.622510
I	3.425392 1.288323 1.591928 1.143485 -0.681293 -2.147829 -1.055705 -0.612514 -0.834308
K	-9.034947 0.993025 -0.662995 -9.047374 1.027621 -5.466844 -1.992357 0.648419 -1.917897
L	2.176999 0.429973 0.996442 0.869846 -0.599724 -8.955205 1.398296 1.199085 0.783854
M	-1.388552 -2.773610 -0.377463 -1.607379 -2.595449 -9.141874 -1.415653 -2.647368 0.466522
N	-8.091601 -1.129633 0.131740 -2.611242 -0.105840 1.996743 2.093229 -0.712958 -1.283815
P	-8.918581 -6.833178 0.680701 -9.093367 1.281218 -2.938046 0.063166 0.934767 -2.976879
Q	-8.697685 -0.163662 -0.327732 -2.964347 0.015475 -8.704928 0.448497 0.527505 -0.323581
R	-8.104194 1.400440 -0.485079 -8.767466 0.187940 -6.418628 -1.270974 0.850547 -1.639948
S	-8.893637 -0.517742 0.448626 1.770186 0.897381 1.707666 1.242987 0.638634 2.090101
T	-8.856196 0.080529 0.151846 1.281455 0.465460 2.507247 -0.377190 -0.623203 -1.337434
V	1.831618 1.658307 1.035962 1.863653 -0.064718 0.398849 0.069815 -0.311291 0.521786
W	-4.739430 -5.655609 -2.642921 -5.289980 -3.917910 -9.163211 -3.774423 -6.429846 -9.144972
Y	-2.674107 -0.554201 -0.153546 -6.035280 -2.702635 -9.135185 -1.642189 -1.563378 -2.596101
