A	-0.578607 0.980732 1.763395 1.255066 0.774130 1.391845 1.340688 0.831924 1.118665
C	-9.257721 -5.398494 -1.284876 -3.737023 -4.996754 -3.020809 -9.158189 -5.939030 -2.957804
D	0.113612 -1.277919 -1.558814 0.122180 -0.653809 0.180731 -0.524919 -1.142264 1.882064
E	-0.086409 0.209391 -0.782447 -0.894579 0.208707 0.408225 0.068866 1.113487 1.461277
F	2.257252 -0.836919 0.068085 0.655020 -1.272151 -2.314359 -1.783777 -1.918475 -2.525864
G	-2.015491 -0.279473 0.966162 -1.187543 -0.429514 -1.608505 -0.400107 0.187002 1.279127
H	-2.646421 -0.026490 -1.153337 -0.903064 -0.499798 -0.969486 1.323001 -0.301966 -1.305246
I	0.498633 0.343278 0.789930 0.067118 0.144978 0.074094 -0.477285 -0.194556 -0.457605
K	-1.419168 1.159074 -1.730976 2.044681 1.565207 0.354942 0.726411 1.085724 -2.280531
L	-0.877807 -0.190026 -0.006107 -0.080308 0.115033 -0.889674 0.344813 0.069716 -0.623816
M	-3.648643 -3.328360 -1.600748 -1.852271 -2.906118 -3.620587 -2.828549 -2.814849 -4.411687
N	-2.810308 -0.148206 -1.440600 -2.997664 -0.563173 0.239095 0.659578 -0.549189 -0.544376
P	-0.394600 -4.854035 -0.339999 -8.370749 0.055854 0.490993 -0.215091 1.021807 -1.594426
Q	-4.017637 -0.209261 -0.687674 -0.645710 -0.447119 -0.273661 0.081203 -0.268858 0.211189
R	-3.433608 0.865556 -0.874196 0.591499 0.235173 -0.319830 1.261110 0.929367 -1.227753
S	-2.661142 0.229189 0.774206 0.102099 0.112633 0.777628 -0.212892 0.138356 1.170322
T	-2.141959 0.729896 0.110708 -1.401841 0.727384 1.143629 -0.872589 -0.384260 -1.101573
V	-0.420241 1.031494 0.748509 0.697174 1.189186 1.371514 -0.586575 0.439308 0.255351
W	0.199052 -1.492549 -1.607573 -0.867299 -3.469159 -6.907537 -2.876231 -2.955271 -6.543928
Y	2.671049 -0.441086 0.425962 0.099971 -0.766181 -3.914338 -1.831070 -1.377309 -3.283607
