A	-6.999302 0.570024 0.204466 -3.602589 0.338686 0.793170 1.245897 0.165880 -0.231183
C	-7.070928 -7.070924 -7.070928 -7.070928 -7.070928 -7.070928 -3.611494 -7.070928 -2.644199
D	-7.064448 0.144156 -2.384111 4.253961 0.065024 -2.217001 -0.645340 -1.307701 -0.795163
E	-7.067046 0.967843 -1.362863 -3.480480 0.582625 -0.673619 0.005069 -0.090376 -0.058269
F	2.045792 -1.398589 -0.438124 -7.010375 -1.051650 -7.069729 -1.644930 -2.130050 1.134116
G	-7.018919 -1.357300 -0.538874 -7.068637 0.784129 -0.528661 0.942685 0.502104 -0.456211
H	-7.070610 -1.066445 -3.435589 -6.933292 -1.587455 -0.793302 -0.691881 -0.206615 -3.364697
I	2.304090 0.653565 1.309339 -7.066145 -1.339024 -1.835893 -0.730751 -0.002825 0.502726
K	-7.043225 -0.651364 -0.006510 -7.040666 0.641245 2.582195 -0.645674 0.966588 0.628518
L	1.817967 1.029799 1.450454 -7.063908 -1.312051 -2.678417 1.275102 0.908447 0.775920
M	-1.077766 -1.703426 -0.513539 -7.053016 -2.573525 -7.070742 -2.117211 -2.604286 0.184217
N	-7.069516 -0.659709 -0.532428 -2.709847 -0.026405 0.629822 0.090152 -0.279630 -2.631379
P	-7.070113 -7.070718 0.823353 -7.026640 1.941782 -0.193193 -0.473731 1.033398 -3.612380
Q	-7.066168 0.255348 0.622235 -7.050122 0.020507 -0.481259 0.107383 0.262183 -1.359483
R	-7.057229 -0.140692 -0.351380 -6.880530 -0.377201 0.956567 -1.454546 0.560296 1.282879
S	-7.055815 0.025392 0.588116 -1.669887 0.523148 0.754438 0.946532 0.504228 0.072781
T	-7.067816 1.092099 -0.079039 -2.519996 0.798971 0.942568 0.854880 0.508891 -0.990360
V	0.929062 1.550763 1.187502 -7.054434 -0.483452 0.006983 0.359919 0.070779 0.511379
W	-0.259454 -2.048233 -7.070819 -7.070730 -3.539707 -7.070920 -7.070873 -3.480696 -7.070928
Y	2.034103 -0.787996 -1.667062 -7.070567 -0.901748 -7.070261 -0.156907 -1.009397 1.359071
