A	0.550250	1.132589	0.936000	-0.142838	0.416476	0.520461	0.469405	-0.021019	-0.329142	-5.799462
C	-5.162032	-5.162032	-3.881924	-4.384424	-4.721459	-3.354677	-4.111406	-3.881924	-3.881924	-6.969387
D	-2.969387	-5.799462	0.636093	1.412156	1.126011	0.327530	-0.111406	-0.142838	-1.485571	-6.969387
E	-1.332762	0.077737	-0.629537	0.874535	0.980440	0.350286	-0.035696	0.589034	0.361530	-6.969387
F	-1.332762	-2.493653	0.645323	-1.194599	-0.697923	-0.674766	-0.275900	-0.422492	-0.207835	2.191115
G	-0.095942	-1.130183	-0.769714	0.091309	1.051593	0.490045	0.834744	-1.369474	-0.461592	-6.969387
H	0.036238	-5.162032	-1.958159	-1.194599	-0.871354	-1.009385	-0.794461	-0.065505	-0.522303	-6.969387
I	0.579435	-1.130183	0.530459	-0.697923	0.170165	0.560044	0.530459	-0.095942	-1.194599	-3.354677
K	2.072957	-4.721459	0.479762	0.663609	-0.329142	0.170165	0.131276	0.118076	0.699498	-5.162032
L	0.416476	-0.845265	1.438943	-0.080643	0.427218	0.802103	1.264233	0.897892	1.345763	-1.130183
M	-1.038649	-2.969387	-0.845265	-2.969387	-2.493653	-1.656504	-2.136497	-1.369474	-1.702600	-3.354677
N	-2.665606	-4.384424	-0.674766	-0.111406	-0.365760	-0.293429	0.118076	-0.174971	-0.311175	-6.969387
P	-4.721459	-2.201202	-1.750218	1.521464	0.818516	0.131276	0.007893	-1.369474	-3.881924	-6.969387
Q	-0.769714	-2.759933	-1.485571	-0.207835	-0.384424	-0.080643	0.077737	0.858750	0.361530	-6.969387
R	1.589991	-4.384424	0.170165	-0.021019	-1.194599	-0.674766	-0.403332	0.834744	0.338953	-5.799462
S	0.170165	2.674019	0.654495	0.654495	0.569772	0.589034	0.292708	0.208033	1.058519	-6.969387
T	-0.065505	2.519458	-0.629537	0.077737	-0.543122	0.490045	0.144356	0.195520	1.305574	-6.969387
V	0.681665	0.928459	0.304409	-0.585682	0.372688	0.936000	0.469405	0.958391	0.372688	-6.969387
W	-4.721459	-4.384424	-1.038649	-2.577069	-2.759933	-3.509955	-2.860862	-1.611835	-2.665606	3.476404
Y	-0.769714	-1.568507	-0.065505	-2.136497	-1.194599	-1.485571	-0.871354	-0.441910	-0.207835	1.807047
