A	0.500954	1.422625	0.684283	0.539531	0.907167	0.558439	0.921844	0.558439	0.123224	0.017871	-4.219169
C	-6.026523	-6.026523	-3.168542	-4.856598	-3.778596	-6.026523	-2.939061	-3.441561	-4.856598	-3.441561	-6.026523
D	-3.441561	-6.026523	0.577103	0.631688	1.211881	0.784048	0.539531	-0.354098	-0.389899	-2.143880	-6.026523
E	-2.143880	0.290889	-0.856598	0.666964	0.892340	0.631688	0.335420	-0.066522	0.290889	0.268097	-6.026523
F	-1.397167	-2.939061	0.846921	-1.817070	-0.856598	-1.193633	-1.397167	0.044939	-0.319164	-0.251736	2.101471
G	-0.389899	-0.464281	-0.960434	0.631688	0.558439	0.907167	1.087219	0.335420	-1.015296	-0.668971	-6.026523
H	-0.251736	-6.026523	-1.326084	-1.550790	-1.326084	-0.426611	-0.960434	-1.634206	-0.285056	-0.713640	-6.026523
I	0.378618	-1.471935	0.461317	-1.131706	-0.251736	-0.009715	0.399741	0.862220	-0.319164	-1.015296	-2.567092
K	1.973477	-4.219169	0.718310	-0.009715	-1.193633	0.244940	-0.426611	0.313327	-0.125657	0.461317	-2.939061
L	0.244940	-1.015296	1.258879	0.097598	0.558439	0.907167	0.831458	1.047618	1.235571	1.531897	-0.759737
M	-1.917999	-3.441561	-1.072327	-2.741121	-2.143880	-2.567092	-2.567092	-1.817070	-1.131706	-0.759737	-3.441561
N	-2.567092	-4.856598	-0.856598	-0.807355	0.071509	-0.856598	-0.319164	-0.009715	-0.668971	-0.502961	-6.026523
P	-4.856598	-1.550790	-2.567092	1.801613	0.335420	0.907167	0.097598	-0.907582	-1.258339	-4.219169	-6.026523
Q	-0.389899	-3.441561	-0.856598	-0.502961	-0.285056	-0.285056	-0.389899	-0.156159	0.892340	0.539531	-6.026523
R	1.719991	-4.856598	0.097598	-0.389899	-1.326084	-1.072327	-1.258339	-0.319164	1.199889	0.244940	-4.856598
S	0.461317	2.575247	1.235571	1.150896	0.751554	0.767892	0.877358	0.800025	0.399741	0.666964	-6.026523
T	0.097598	2.338705	-0.907582	0.500954	0.197478	0.197478	0.378618	0.378618	0.123224	1.087219	-6.026523
V	1.175600	1.223775	0.197478	-0.285056	0.613721	0.017871	0.613721	0.950756	0.613721	0.649434	-6.026523
W	-6.026523	-4.856598	-1.258339	-2.567092	-3.168542	-2.939061	-2.939061	-2.741121	-1.326084	-2.143880	3.580344
Y	-0.713640	-1.722743	-0.251736	-1.397167	-1.072327	-2.026523	-1.397167	-1.634206	-0.502961	0.173149	1.326623
