A	1.109624	1.712074	1.388697	-0.633218	0.306661	0.227806	0.055853	0.055853	0.452512	-0.247928	0.144390	-4.247928
C	-3.078003	-4.247928	-4.247928	-3.078003	-4.247928	-3.078003	-3.078003	-3.078003	-3.078003	-4.247928	-4.247928	-4.247928
D	-3.078003	-2.440573	-1.160465	0.818162	0.971241	2.114016	0.921997	0.763300	0.055853	-0.788496	-3.078003	-4.247928
E	-2.000000	-0.139403	-1.662965	0.921997	0.646890	0.646890	0.921997	0.646890	-0.788496	0.381429	-0.139403	-3.078003
F	-1.160465	-4.247928	1.064955	-2.000000	-0.139403	-1.662965	-2.000000	-1.160465	-0.962525	0.381429	-0.493040	1.195016
G	-0.139403	-0.493040	0.144390	0.921997	-0.038474	0.763300	1.622437	1.152952	-0.038474	-1.389947	-0.788496	-4.247928
H	-0.139403	-4.247928	-2.000000	-1.389947	-1.389947	-1.662965	-0.365284	-1.662965	-1.662965	-1.389947	-1.389947	-4.247928
I	0.706269	-4.247928	0.452512	-0.247928	0.144390	0.055853	-0.788496	0.452512	1.195016	-0.139403	0.055853	-4.247928
K	1.850105	-2.440573	0.706269	-0.038474	-1.389947	-0.247928	0.706269	-0.365284	-0.365284	0.971241	0.381429	-4.247928
L	-0.247928	-1.662965	1.768881	0.306661	0.871014	0.144390	0.306661	0.646890	0.971241	0.055853	2.023536	-3.078003
M	-0.962525	-2.000000	-1.662965	-3.078003	-2.000000	-4.247928	-3.078003	-2.000000	-1.160465	-0.788496	-2.000000	-4.247928
N	-3.078003	-4.247928	-2.440573	-1.662965	0.381429	-0.365284	-1.160465	-0.788496	-0.139403	-0.365284	-0.493040	-4.247928
P	-4.247928	-1.662965	-2.000000	1.388697	0.818162	0.055853	0.306661	-0.139403	0.144390	-2.440573	-4.247928	-4.247928
Q	-0.962525	-3.078003	-0.633218	-0.139403	-1.160465	-0.139403	-0.365284	-0.633218	0.144390	0.227806	1.064955	-4.247928
R	1.682810	-4.247928	-0.038474	-0.365284	-1.662965	-0.962525	-0.493040	-0.788496	-2.000000	1.876194	-0.038474	-4.247928
S	0.227806	2.757697	0.306661	1.622437	0.763300	0.584963	0.818162	0.584963	-0.038474	0.646890	0.452512	-4.247928
T	0.144390	2.337035	-1.662965	0.055853	0.520257	0.144390	0.227806	1.109624	0.520257	0.055853	0.921997	-4.247928
V	0.763300	0.584963	0.381429	-0.493040	0.520257	0.144390	0.055853	0.971241	1.526860	-0.139403	0.452512	-4.247928
W	-3.078003	-4.247928	-0.633218	-3.078003	-0.962525	-2.440573	-3.078003	-3.078003	-2.440573	-0.493040	-2.440573	3.924500
Y	-0.962525	-4.247928	-0.247928	-1.662965	-1.160465	-1.662965	-3.078003	-2.440573	-0.365284	-0.633218	-0.247928	0.584963
