A	-0.169925	1.127756	0.103093	-1.584963	0.859822	1.000000	0.704544	0.530515	-0.169925	1.353637	0.332575	0.332575	-2.754888
C	-2.754888	-2.754888	-2.754888	-2.754888	-2.754888	-2.754888	-1.584963	-2.754888	-2.754888	-2.754888	-2.754888	-2.754888	-2.754888
D	-1.584963	-1.584963	-0.947533	0.859822	1.127756	0.103093	1.353637	0.859822	0.530515	0.332575	-0.506960	-2.754888	-2.754888
E	-1.584963	-0.947533	-2.754888	1.353637	-0.506960	-0.947533	0.859822	0.530515	0.332575	0.530515	0.332575	-0.947533	-2.754888
F	-1.584963	-2.754888	1.637430	-1.584963	-0.169925	-0.947533	-2.754888	-1.584963	-0.169925	0.704544	0.332575	-1.584963	1.245112
G	-0.169925	-1.584963	-0.169925	1.127756	1.000000	1.127756	1.353637	1.454566	1.000000	0.530515	-0.947533	-0.506960	-2.754888
H	-0.947533	-1.584963	-2.754888	-2.754888	-0.947533	-2.754888	-0.947533	-1.584963	-0.947533	-0.947533	-0.947533	-0.947533	-2.754888
I	0.859822	-1.584963	1.353637	-1.584963	0.530515	0.103093	-0.169925	-0.506960	-1.584963	0.332575	-0.947533	-1.584963	-2.754888
K	2.199309	-2.754888	0.704544	0.530515	-2.754888	-0.947533	-0.169925	-0.947533	0.530515	-2.754888	-0.169925	-0.169925	-2.754888
L	-0.169925	-2.754888	1.454566	-0.947533	0.332575	0.704544	0.332575	0.704544	0.704544	0.332575	1.000000	1.799701	-2.754888
M	-0.947533	-2.754888	-0.947533	-1.584963	-0.947533	-1.584963	-2.754888	-1.584963	-2.754888	-2.754888	-1.584963	-1.584963	-2.754888
N	-2.754888	-1.584963	-2.754888	-1.584963	-1.584963	-0.169925	-1.584963	0.332575	-1.584963	-2.754888	-0.169925	-2.754888	-2.754888
P	-2.754888	-1.584963	-1.584963	1.799701	-0.169925	0.859822	0.859822	0.332575	0.530515	0.530515	-0.169925	-1.584963	-2.754888
Q	-0.506960	-1.584963	-1.584963	0.332575	-0.947533	-0.169925	0.332575	-0.947533	0.332575	0.332575	0.704544	0.530515	-2.754888
R	1.874469	-2.754888	0.332575	-0.506960	-1.584963	-1.584963	-0.506960	-0.506960	-1.584963	-2.754888	1.127756	-0.506960	-2.754888
S	-0.169925	2.688056	0.103093	0.530515	1.127756	1.720846	0.103093	1.000000	1.245112	0.530515	-0.506960	1.353637	-2.754888
T	-0.947533	2.415037	-0.947533	0.103093	0.103093	0.103093	-0.169925	0.332575	0.704544	0.704544	-0.506960	1.548893	-2.754888
V	0.530515	0.859822	0.530515	0.103093	1.353637	-0.506960	-0.947533	0.332575	0.103093	0.859822	1.454566	0.859822	-2.754888
W	-2.754888	-2.754888	-0.947533	-2.754888	-2.754888	-2.754888	-1.584963	-2.754888	-2.754888	-2.754888	-1.584963	-2.754888	3.830075
Y	0.103093	-1.584963	-0.169925	-1.584963	-1.584963	-0.506960	-1.584963	-2.754888	-0.506960	-2.754888	-0.947533	0.332575	-0.169925
