A	-0.256340	0.821663	-1.426265	-1.426265	1.158698	-1.426265	-0.256340	0.381090	-0.256340	0.381090	0.821663	0.821663	1.158698	-1.426265
C	-1.426265	-1.426265	-1.426265	-1.426265	-1.426265	-1.426265	-1.426265	-1.426265	-1.426265	-1.426265	-1.426265	-1.426265	-1.426265	-1.426265
D	-1.426265	-0.256340	-1.426265	0.381090	-1.426265	0.821663	0.381090	1.431716	-0.256340	-1.426265	-1.426265	-0.256340	-1.426265	-1.426265
E	-1.426265	-1.426265	-0.256340	-1.426265	0.381090	-0.256340	0.381090	0.381090	-0.256340	0.381090	-0.256340	1.431716	0.381090	-1.426265
F	-1.426265	-1.426265	1.158698	-1.426265	-1.426265	-1.426265	-1.426265	-1.426265	-1.426265	-0.256340	-0.256340	-0.256340	0.381090	1.661198
G	-1.426265	-0.256340	-1.426265	1.158698	1.431716	1.431716	1.158698	0.821663	0.821663	0.821663	-1.426265	-1.426265	-1.426265	-1.426265
H	-0.256340	-1.426265	-1.426265	-1.426265	-1.426265	-1.426265	0.821663	-1.426265	-1.426265	-1.426265	-1.426265	-1.426265	-1.426265	-1.426265
I	-0.256340	0.381090	1.158698	-0.256340	-0.256340	-1.426265	-0.256340	-0.256340	-0.256340	-1.426265	0.381090	-1.426265	-1.426265	-1.426265
K	2.188445	-1.426265	1.158698	-1.426265	-1.426265	-1.426265	0.381090	-0.256340	-0.256340	0.381090	0.821663	0.381090	0.381090	-1.426265
L	-1.426265	0.381090	0.821663	0.381090	0.381090	-0.256340	0.381090	-1.426265	0.381090	-1.426265	0.821663	0.821663	1.661198	-1.426265
M	-1.426265	-1.426265	-1.426265	-1.426265	-1.426265	-0.256340	-1.426265	-1.426265	-1.426265	-1.426265	-1.426265	-0.256340	-1.426265	-1.426265
N	-1.426265	-1.426265	-1.426265	-1.426265	-1.426265	0.381090	-1.426265	-0.256340	-0.256340	0.381090	0.381090	-1.426265	-1.426265	-1.426265
P	-1.426265	-0.256340	-0.256340	2.328623	0.381090	-0.256340	-1.426265	0.381090	-0.256340	0.381090	-0.256340	-0.256340	-1.426265	-1.426265
Q	0.381090	-1.426265	-1.426265	-0.256340	-0.256340	-0.256340	-0.256340	0.381090	0.381090	-0.256340	-0.256340	0.381090	0.821663	-1.426265
R	1.431716	-1.426265	0.381090	-1.426265	-0.256340	-1.426265	-1.426265	0.381090	-0.256340	-1.426265	-1.426265	0.381090	-1.426265	-1.426265
S	0.381090	2.033167	0.381090	-1.426265	-0.256340	2.033167	1.661198	0.381090	1.431716	1.431716	-0.256340	-1.426265	0.381090	-1.426265
T	-1.426265	2.033167	-1.426265	1.431716	-1.426265	0.381090	0.821663	-0.256340	0.381090	1.158698	-0.256340	0.821663	0.381090	-1.426265
V	1.431716	-0.256340	0.381090	0.381090	2.033167	-0.256340	-1.426265	0.381090	1.431716	0.821663	1.859137	0.381090	0.381090	-1.426265
W	-1.426265	-1.426265	-0.256340	-1.426265	-1.426265	-1.426265	-1.426265	-1.426265	-1.426265	-1.426265	-0.256340	-0.256340	-1.426265	3.341920
Y	-0.256340	-1.426265	0.821663	-1.426265	-1.426265	-0.256340	-1.426265	-0.256340	-1.426265	-1.426265	-1.426265	-1.426265	0.381090	-1.426265
