A	0.106087	1.000000	0.352881	-0.656221	1.606052	-0.191818	-0.330645	-4.960002
C	-4.960002	-3.790077	-3.790077	-4.960002	-3.790077	-4.960002	-3.790077	-4.960002
D	-4.960002	-1.872539	-1.077359	-0.851477	-1.205114	-1.077359	-1.872539	-4.960002
E	-3.152647	-1.872539	-2.375039	0.352881	-1.077359	-0.484269	0.482942	-4.960002
F	-1.205114	-2.102021	0.352881	-0.851477	-2.375039	0.747357	-1.500570	1.958861
G	-0.851477	-0.259562	0.747357	-0.127112	0.814785	-3.790077	-0.750549	-4.960002
H	0.158939	-4.960002	-0.567685	-1.872539	-0.567685	0.259167	-0.484269	-4.960002
I	0.523814	-1.674600	0.106087	0.523814	-0.960002	0.352881	-1.077359	-4.960002
K	2.087122	-3.790077	1.818075	1.445140	-1.500570	-0.484269	1.239670	-4.960002
L	0.523814	-1.345292	0.397550	1.287926	-0.127112	0.352881	1.624961	-1.872539
M	-1.872539	-4.960002	-1.077359	-2.375039	-3.790077	-2.102021	-0.851477	-3.152647
N	-2.102021	-3.152647	-0.330645	-0.259562	-2.712074	-0.191818	-0.484269	-4.960002
P	-4.960002	-4.960002	-2.712074	1.000000	2.529846	-0.567685	-2.712074	-4.960002
Q	-0.750549	-2.712074	-0.656221	-0.005806	-1.872539	0.602240	0.440878	-4.960002
R	1.264000	-3.152647	1.084392	-0.127112	-1.674600	0.781465	0.523814	-4.960002
S	0.440878	2.708883	-0.567685	-0.405413	1.239670	0.209923	0.940865	-4.960002
T	0.440878	2.811488	0.306785	0.352881	0.306785	0.106087	1.056806	-4.960002
V	1.445140	0.352881	0.639911	0.814785	0.306785	1.334619	0.209923	-4.960002
W	-4.960002	-4.960002	-1.872539	-2.712074	-3.152647	-0.259562	-2.712074	3.852978
Y	-0.960002	-2.375039	-0.960002	-1.872539	-4.960002	0.106087	-1.500570	-0.330645
