A	0.577883	1.926809	0.656389	-0.085680	-0.080954	0.413476	0.216422	-0.099950	-8.659327
C	-6.411399	-6.411399	-3.440158	-5.571864	-3.891143	-3.764509	-4.776684	-3.540386	-8.659327
D	-3.440158	-4.904439	0.762738	0.786205	-0.076244	-1.035446	-0.855196	-2.191721	-8.659327
E	-1.832779	-2.055701	-1.081898	1.096812	0.379592	-0.198871	0.824489	0.633570	-8.659327
F	-0.972826	-3.059414	0.636442	-1.639736	-0.057556	-0.143627	-0.133806	-0.390200	2.460101
G	-0.267010	-1.519776	-1.017275	0.482142	0.129391	-0.048302	-2.364706	-0.652300	-8.659327
H	-0.462110	-8.659327	-0.753940	-1.612203	-0.294098	-0.638347	0.243048	-0.332898	-4.659327
I	0.406762	-0.831191	0.469312	-0.499456	0.883705	0.811840	-0.173498	-1.262722	-0.847150
K	2.171188	-8.659327	1.015307	0.709179	0.112988	-0.224699	-0.214312	0.706449	-6.851972
L	0.032417	-0.839148	1.181844	-0.240420	1.275101	1.063054	1.056635	1.193593	1.002006
M	-1.284288	-2.364706	-0.964099	-3.097085	-1.612203	-1.832779	-1.667805	-1.420922	-1.457203
N	-2.001116	-4.104738	-0.245699	-0.401939	-0.361264	-0.283202	-0.449874	-0.066870	-8.659327
P	-5.801346	-3.346444	-2.411399	1.666541	-0.173498	0.341377	0.083824	-4.267010	-8.659327
Q	-0.563930	-2.587865	-1.129896	0.036771	-0.310599	0.426809	0.513725	0.475741	-8.659327
R	1.606288	-7.489402	0.379592	-0.034532	-0.443794	-0.138708	0.821968	0.254310	-8.659327
S	0.526168	2.535122	0.400017	0.598650	0.181451	0.358873	0.446582	1.109271	-8.659327
T	0.054060	2.396294	-0.396058	0.092217	0.204859	0.504323	0.083824	1.336440	-8.659327
V	0.695473	1.179877	0.258045	0.023668	1.048032	1.037206	0.659216	0.341377	-2.484401
W	-4.355546	-5.199895	-1.740464	-3.440158	-2.670642	-3.135765	-1.420922	-4.104738	2.736609
Y	-0.604045	-1.179547	-0.043697	-2.319477	-1.072487	-0.912813	-0.550803	-0.493164	2.218916
