A	0.580225	-2.004738	-0.252665	-0.793234	0.813424	0.580225	0.701531	-0.144141	-0.793234	-4.252665
C	-4.252665	-4.252665	-4.252665	-4.252665	-4.252665	-4.252665	-4.252665	-2.445311	-4.252665	-4.252665
D	-0.252665	-4.252665	3.510547	1.818797	0.301923	-0.144141	0.139652	0.515519	-0.637956	-4.252665
E	-0.144141	-4.252665	1.383959	0.515519	0.139652	-0.967263	-1.165203	0.301923	0.051115	-4.252665
F	-0.043212	-4.252665	-1.165203	-0.497778	-1.394684	-1.394684	-0.793234	-0.637956	0.223068	1.190278
G	-1.667703	-3.082740	-2.004738	0.139652	1.309577	1.104887	0.966503	0.580225	-0.043212	-3.082740
H	-0.144141	-4.252665	-2.445311	-0.252665	-0.370022	-1.394684	-0.144141	-0.252665	0.139652	-4.252665
I	-0.967263	-1.667703	-1.165203	-0.043212	-1.165203	-0.637956	-0.252665	-0.370022	-1.165203	-4.252665
K	-0.252665	-4.252665	-1.667703	-0.043212	-0.497778	0.051115	0.376691	-2.004738	0.758562	0.139652
L	0.758562	0.223068	-1.394684	0.223068	0.376691	-0.370022	0.447774	2.041955	1.419760	-2.004738
M	-0.637956	-1.667703	-1.667703	-2.004738	-2.445311	-0.967263	-4.252665	-0.497778	-2.445311	-1.667703
N	-0.497778	-3.082740	-1.667703	-0.967263	0.223068	0.139652	-0.252665	0.301923	-0.637956	-4.252665
P	-3.082740	-1.165203	-2.004738	1.617699	0.917260	0.580225	1.104887	-1.394684	-1.394684	-4.252665
Q	-0.252665	-2.445311	-2.004738	-2.445311	0.051115	0.447774	0.813424	-0.043212	0.223068	-4.252665
R	1.148214	-0.793234	-2.445311	-0.252665	-0.252665	0.376691	-0.043212	-1.394684	1.522122	-0.637956
S	0.813424	2.508886	-0.793234	0.701531	0.813424	1.419760	0.051115	0.580225	0.580225	-3.082740
T	-0.637956	3.143939	-1.667703	-0.252665	0.301923	0.642152	0.515519	0.051115	0.051115	-4.252665
V	0.515519	0.447774	-1.165203	-0.144141	0.139652	0.139652	-0.793234	-0.370022	-0.370022	-2.445311
W	-2.445311	-4.252665	-4.252665	-3.082740	-3.082740	-3.082740	-3.082740	-1.667703	-4.252665	-3.082740
Y	1.554689	-2.004738	-1.394684	-1.667703	-1.165203	-1.165203	-0.144141	-0.252665	0.051115	3.842732
