A	0.012491	-0.597563	-0.260528	0.012491	-0.260528	0.909397	1.363963	-1.038135	0.012491	0.241973	-2.845490
C	-2.845490	-2.845490	-2.845490	-2.845490	-2.845490	-2.845490	-2.845490	-2.845490	-2.845490	-2.845490	-2.845490
D	0.439912	-1.038135	2.861869	1.154510	0.909397	1.037153	0.241973	0.439912	0.613942	-1.038135	-2.845490
E	0.769220	-1.675565	1.987400	-1.038135	0.241973	-1.038135	0.012491	-1.038135	-1.038135	0.769220	-2.845490
F	0.241973	-2.845490	-1.038135	-1.675565	-0.260528	-2.845490	-0.260528	-0.597563	-0.260528	-0.597563	-0.597563
G	-0.597563	-2.845490	-1.038135	0.613942	0.012491	0.909397	1.037153	1.630243	0.012491	-1.038135	-2.845490
H	-0.597563	-2.845490	-2.845490	0.241973	-0.260528	0.012491	-0.597563	-0.597563	0.012491	-1.038135	-2.845490
I	0.012491	-2.845490	0.439912	-0.597563	-1.038135	-0.260528	-0.597563	-0.260528	-2.845490	-0.597563	-2.845490
K	0.241973	-2.845490	-2.845490	-1.038135	0.241973	1.037153	-0.260528	0.439912	-0.597563	0.241973	-0.597563
L	0.439912	0.769220	-1.675565	0.241973	0.241973	-0.260528	0.439912	0.439912	1.458291	1.263034	-1.675565
M	-0.597563	-1.675565	-2.845490	-1.675565	-1.675565	-1.675565	-2.845490	-1.675565	0.241973	-0.597563	-1.675565
N	-1.038135	-2.845490	-1.675565	-0.597563	0.439912	-1.038135	-2.845490	-0.597563	-1.038135	-1.038135	-2.845490
P	-2.845490	-2.845490	-1.675565	0.909397	1.263034	-0.597563	0.241973	-0.597563	-2.845490	-1.675565	-2.845490
Q	-0.597563	-2.845490	-1.038135	0.241973	0.012491	-1.675565	0.241973	-1.675565	-0.260528	0.769220	-2.845490
R	0.012491	-1.675565	-1.038135	0.769220	-2.845490	0.012491	-0.260528	0.613942	0.241973	1.154510	0.613942
S	0.439912	2.324435	0.012491	0.909397	1.263034	1.709099	1.154510	1.154510	1.854950	0.012491	-2.845490
T	0.012491	3.114512	-0.260528	0.012491	0.909397	0.012491	0.439912	0.769220	0.012491	0.012491	-2.845490
V	0.613942	-0.260528	-2.845490	0.439912	-0.597563	-0.260528	0.241973	-1.038135	-0.260528	-0.597563	-2.845490
W	-2.845490	-2.845490	-2.845490	-2.845490	-2.845490	-2.845490	-2.845490	-1.038135	-1.038135	-2.845490	-2.845490
Y	1.458291	-1.675565	0.012491	-0.597563	-2.845490	-0.597563	-1.675565	0.241973	-0.597563	1.263034	3.865316
