A	-0.280108	-0.280108	0.497500	1.371969	-0.280108	-0.917538	0.497500	0.160465	-0.280108	-0.917538	0.497500	-2.087463
C	-2.087463	-2.087463	-2.087463	-2.087463	-2.087463	-2.087463	-2.087463	-2.087463	-0.917538	-2.087463	-2.087463	-2.087463
D	0.160465	-2.087463	2.866733	0.497500	0.160465	1.000000	-0.280108	-0.280108	-0.917538	1.197939	-0.917538	-2.087463
E	-0.917538	-2.087463	2.388271	0.497500	-0.917538	0.160465	0.160465	1.527247	-0.917538	0.160465	1.371969	-2.087463
F	-0.280108	-0.917538	-2.087463	0.770518	-2.087463	-0.917538	-0.280108	-0.917538	-2.087463	-2.087463	-2.087463	-0.917538
G	-0.280108	-2.087463	-2.087463	-0.280108	0.497500	1.197939	1.912537	0.160465	1.371969	1.000000	-2.087463	-2.087463
H	-2.087463	-2.087463	-0.280108	-0.917538	-0.280108	-0.917538	-0.280108	0.497500	-2.087463	-0.280108	-0.917538	-2.087463
I	-2.087463	-0.280108	-2.087463	-0.280108	-0.917538	0.497500	-0.917538	-0.917538	0.770518	-2.087463	-2.087463	-2.087463
K	-0.280108	-2.087463	-2.087463	-0.280108	-2.087463	0.160465	-0.280108	0.770518	0.160465	-2.087463	1.197939	-0.917538
L	-0.280108	-0.280108	-0.917538	0.770518	-0.280108	1.000000	-0.280108	0.497500	0.770518	-2.087463	1.527247	-2.087463
M	-2.087463	-2.087463	-2.087463	-2.087463	-0.280108	-0.917538	-0.280108	-2.087463	-0.280108	0.160465	-0.917538	-2.087463
N	-0.917538	-2.087463	-2.087463	0.160465	-0.917538	0.160465	-2.087463	-0.917538	-0.280108	0.497500	-0.917538	-2.087463
P	-0.917538	-2.087463	-0.917538	0.497500	1.527247	0.160465	0.770518	-0.280108	-0.917538	-2.087463	-2.087463	-2.087463
Q	0.497500	-2.087463	-0.917538	-0.917538	-0.280108	-2.087463	0.497500	-0.280108	0.497500	0.497500	-0.280108	-2.087463
R	0.497500	-2.087463	-2.087463	-0.280108	-0.280108	-2.087463	-0.917538	0.497500	-0.280108	-2.087463	0.160465	-0.917538
S	0.160465	2.388271	-0.917538	0.497500	1.197939	1.000000	0.497500	1.000000	0.770518	2.121991	1.000000	-2.087463
T	0.497500	2.807355	-2.087463	-0.280108	1.000000	-0.280108	0.497500	-0.917538	0.770518	0.160465	0.160465	-2.087463
V	1.197939	0.770518	-0.917538	-0.917538	1.197939	0.497500	-2.087463	0.160465	-0.917538	-0.280108	-0.280108	-2.087463
W	-2.087463	-2.087463	-2.087463	-2.087463	-2.087463	-2.087463	-2.087463	-2.087463	-2.087463	-0.917538	-2.087463	-2.087463
Y	2.121991	-2.087463	-2.087463	-0.280108	-0.917538	-0.917538	-0.280108	-0.917538	0.497500	-0.280108	0.497500	3.872539
