A	0.415037	-1.392317	0.415037	1.192645	0.415037	1.695145	-0.222392	1.465664	1.465664	0.415037	-1.392317	1.192645	-1.392317
C	-1.392317	-1.392317	-1.392317	-1.392317	-1.392317	-1.392317	-1.392317	-0.222392	-1.392317	-1.392317	-1.392317	-1.392317	-1.392317
D	0.415037	-1.392317	1.893085	-1.392317	0.415037	-0.222392	1.465664	-0.222392	0.415037	-0.222392	0.415037	0.415037	-1.392317
E	-1.392317	-1.392317	2.362570	0.855610	0.415037	-0.222392	0.855610	0.855610	-0.222392	-0.222392	-0.222392	-0.222392	-1.392317
F	0.415037	-1.392317	-1.392317	-1.392317	-0.222392	-0.222392	-1.392317	-1.392317	-1.392317	-1.392317	-1.392317	-1.392317	-1.392317
G	-1.392317	-0.222392	-1.392317	0.855610	0.415037	1.192645	1.192645	1.192645	0.415037	0.855610	0.415037	0.855610	-0.222392
H	-0.222392	-1.392317	-1.392317	-0.222392	-1.392317	-0.222392	0.415037	-1.392317	-0.222392	-1.392317	-1.392317	-1.392317	-1.392317
I	-1.392317	-1.392317	-0.222392	-1.392317	-0.222392	-0.222392	-1.392317	-1.392317	-1.392317	-1.392317	-1.392317	-1.392317	-1.392317
K	-0.222392	-1.392317	-1.392317	-0.222392	-1.392317	0.415037	-0.222392	-0.222392	-1.392317	-1.392317	0.415037	-1.392317	-1.392317
L	-0.222392	0.415037	-1.392317	-0.222392	1.192645	0.415037	-0.222392	-1.392317	0.415037	0.415037	-1.392317	1.192645	-1.392317
M	-0.222392	-0.222392	-0.222392	-1.392317	-1.392317	-1.392317	-1.392317	-0.222392	-0.222392	-1.392317	0.415037	-1.392317	-1.392317
N	0.415037	-1.392317	-1.392317	-0.222392	-1.392317	-0.222392	-0.222392	-1.392317	0.415037	-1.392317	0.415037	-1.392317	-1.392317
P	-1.392317	-1.392317	-0.222392	-0.222392	1.192645	-1.392317	-0.222392	-0.222392	-1.392317	-1.392317	-1.392317	-0.222392	-1.392317
Q	-0.222392	-0.222392	0.415037	0.415037	-0.222392	-1.392317	0.855610	0.415037	0.415037	-0.222392	-0.222392	0.855610	-1.392317
R	-1.392317	-1.392317	-1.392317	0.415037	-1.392317	-0.222392	-1.392317	0.415037	-1.392317	-0.222392	-0.222392	0.415037	-1.392317
S	1.465664	2.490326	0.415037	0.415037	-1.392317	-0.222392	0.415037	0.855610	0.855610	0.415037	2.222392	-1.392317	-1.392317
T	-0.222392	2.362570	-1.392317	0.855610	-0.222392	-0.222392	0.415037	-0.222392	-0.222392	1.465664	-1.392317	-0.222392	-1.392317
V	-0.222392	-1.392317	-1.392317	-0.222392	0.415037	0.855610	-1.392317	-0.222392	0.415037	0.415037	0.415037	0.415037	-1.392317
W	-1.392317	-1.392317	-1.392317	-1.392317	-0.222392	-1.392317	-1.392317	-1.392317	-1.392317	-1.392317	-1.392317	-1.392317	-1.392317
Y	1.695145	-1.392317	-1.392317	-0.222392	0.855610	-1.392317	-1.392317	-1.392317	0.415037	1.695145	0.415037	0.855610	3.618910
