A	0.466568	-0.611435	-0.611435	-0.611435	1.306103	-1.781360	-1.781360	-1.781360
C	-1.781360	-1.781360	-1.781360	-1.781360	-1.781360	-1.781360	-1.781360	-1.781360
D	-0.611435	-0.611435	3.485427	0.466568	-1.781360	-0.611435	-0.611435	-1.781360
E	0.025995	-1.781360	-0.611435	0.025995	-1.781360	0.025995	0.803603	-1.781360
F	0.025995	-1.781360	0.803603	0.025995	-0.611435	-0.611435	-1.781360	-1.781360
G	-1.781360	-1.781360	-0.611435	-0.611435	1.076621	-1.781360	0.025995	-1.781360
H	0.466568	-1.781360	-1.781360	-1.781360	1.076621	0.025995	1.076621	-1.781360
I	0.803603	0.466568	-1.781360	0.466568	0.025995	0.466568	-0.611435	-1.781360
K	-0.611435	-1.781360	-1.781360	1.076621	-1.781360	-1.781360	1.504043	-0.611435
L	0.466568	0.025995	-1.781360	1.076621	-0.611435	2.610958	0.466568	0.466568
M	-0.611435	-1.781360	-0.611435	-1.781360	-1.781360	0.025995	0.466568	-0.611435
N	-0.611435	-1.781360	-0.611435	0.466568	-0.611435	0.466568	-1.781360	-1.781360
P	-1.781360	-1.781360	-1.781360	-0.611435	1.504043	-0.611435	-0.611435	-1.781360
Q	-0.611435	-1.781360	-1.781360	0.025995	0.803603	0.025995	-0.611435	-1.781360
R	-0.611435	-1.781360	-1.781360	0.025995	-1.781360	-0.611435	1.076621	-1.781360
S	-0.611435	1.678072	-1.781360	0.025995	0.803603	-0.611435	-0.611435	-1.781360
T	0.803603	3.051530	-1.781360	0.025995	0.025995	0.466568	-0.611435	-1.781360
V	0.466568	0.025995	-1.781360	0.803603	-0.611435	-0.611435	0.025995	-1.781360
W	-1.781360	-1.781360	-1.781360	-1.781360	-1.781360	-1.781360	-1.781360	-1.781360
Y	1.678072	-1.781360	-1.781360	-0.611435	-1.781360	-1.781360	0.025995	3.661584
