A	0.867996	-0.515609	0.336068	-0.088188	-0.474737	0.467712	-0.088188	0.241120	-5.958553
C	-5.958553	-5.958553	-5.958553	-5.958553	-4.788628	-5.958553	-5.958553	-5.958553	-5.958553
D	-1.004356	-3.710625	3.245407	1.155189	-0.088188	-1.850028	-0.119349	-1.654772	-5.958553
E	-0.151198	-4.788628	1.500879	1.155189	0.112910	-1.063735	0.241120	0.835863	-5.958553
F	0.509053	-5.958553	-0.947325	-0.788628	-0.788628	-0.251194	-1.004356	-0.396310	1.469807
G	-1.749099	-3.100572	-3.373590	0.425152	0.467712	-0.217086	-0.839612	-0.057686	-5.958553
H	-0.217086	-4.788628	-2.075910	-0.947325	0.607501	-0.286127	-0.358640	-0.057686	-1.329196
I	-0.088188	-0.645670	-2.343843	-0.557673	-0.601001	0.914891	0.425152	-1.482819	-4.151198
K	0.835863	-4.151198	-1.958553	0.529287	0.945329	-0.601001	-1.063735	1.018727	0.645074
L	-0.057686	0.663499	-1.329196	-0.251194	-0.088188	0.549242	2.741887	1.394594	0.752254
M	-1.063735	-1.654772	-2.673150	-2.499121	-1.958553	-1.654772	-1.004356	-0.645670	-0.358640
N	-0.557673	-2.871090	0.626410	-0.474737	0.336068	-0.251194	-1.063735	-1.258113	-5.958553
P	-2.203665	-1.004356	-2.343843	1.665329	0.403391	0.989815	-1.063735	-2.343843	-5.958553
Q	-0.645670	-3.100572	-1.850028	-0.396310	0.165569	0.446589	0.030132	0.381297	-5.958553
R	0.899428	-1.482819	-3.710625	-0.691766	0.645074	0.085841	-0.474737	0.734934	-1.482819
S	0.883798	2.547259	0.241120	0.681692	0.549242	0.312910	0.191194	0.509053	-5.958553
T	0.216373	2.958819	-1.329196	-0.515609	-0.151198	1.115589	-0.321928	0.191194	-5.958553
V	0.663499	0.607501	-3.100572	-0.434991	0.529287	1.032969	0.058256	0.241120	-0.691766
W	-2.673150	-5.958553	-5.958553	-3.710625	-4.788628	-5.958553	-3.373590	-4.788628	-5.958553
Y	0.899428	-2.871090	-0.434991	-0.691766	-0.251194	-1.850028	-1.654772	0.001449	3.535303
