A	-3.283630 0.362094 0.990858 -0.309620 0.398346 1.477543 0.428215 0.585511 1.570677
C	-11.462163 -4.398093 -3.545288 -5.803524 -3.733492 -4.712809 -5.332551 -5.448874 -2.109147
D	-7.890149 -1.402756 -1.578973 -2.926356 -0.217548 0.829103 -1.185625 -0.668799 -1.694452
E	-7.753645 0.386915 -0.374932 -0.763734 0.335426 -0.386653 0.384266 0.121541 -0.943988
F	0.802977 -0.625703 -0.155926 1.682717 -1.875174 -6.137238 0.374244 -1.097054 -1.035532
G	-4.814153 -1.643676 -0.461577 -4.358809 -0.422029 1.654967 -0.758477 0.084698 0.215162
H	-11.131743 -0.414522 -0.914581 -1.210396 -0.359235 -3.597851 0.210005 -0.274076 -2.855317
I	2.975157 0.639173 1.026602 0.671101 -0.410754 -2.850320 -0.052162 -0.402752 0.837154
K	-11.119783 1.178007 -0.073636 -2.612763 1.380264 -1.916077 0.429165 0.921369 -1.728928
L	2.242834 0.800784 0.800354 1.814485 -0.418755 -3.736431 0.586043 1.165558 2.091551
M	-0.757716 -2.520218 -1.016769 -0.141029 -2.643573 -4.968329 -2.109097 -2.140915 -1.626264
N	-9.858046 -0.601842 -0.510021 -1.983030 -0.021910 1.874899 0.646190 -0.293154 -1.914380
P	-4.261322 -5.643351 0.458726 -10.340162 1.176693 -0.921417 0.517225 1.041327 -2.201762
Q	-10.281016 0.095908 -0.117152 -0.956493 0.192899 -1.835533 0.346339 -0.017236 -1.145273
R	-11.025117 1.302418 -0.167990 -3.423659 0.742011 -4.091833 0.267236 0.627863 -0.832894
S	-8.421368 0.136614 0.606812 -1.659312 0.550223 2.219432 0.267735 0.326922 0.386771
T	-4.449883 0.134597 -0.355199 -2.087954 0.367261 0.331802 -0.744081 -0.264526 0.017429
V	1.920888 1.132958 0.798651 0.217553 0.075182 -1.295192 0.047287 0.235987 1.746433
W	-3.290807 -2.527009 -1.736485 -0.342411 -3.550002 -11.503175 -1.562636 -4.579663 -6.595132
Y	-0.109449 -0.417240 0.275970 2.383502 -1.092826 -5.574897 0.205490 -0.809777 -1.614456
