A	1.087463	0.584963	1.459432	1.087463	0.857981	0.857981	-0.830075	0.247928	0.857981	-2.000000
C	-2.000000	-2.000000	-2.000000	-2.000000	-2.000000	-2.000000	-2.000000	-2.000000	-2.000000	-2.000000
D	-2.000000	-2.000000	-0.830075	1.614710	0.857981	-0.830075	-2.000000	-2.000000	-0.192645	-2.000000
E	-2.000000	-2.000000	-2.000000	1.087463	0.247928	0.247928	-2.000000	0.584963	0.247928	-2.000000
F	-0.830075	-2.000000	1.087463	-0.830075	-0.830075	-2.000000	-2.000000	-0.830075	-0.192645	1.882643
G	1.087463	-2.000000	-2.000000	0.857981	0.857981	1.285402	0.857981	-0.192645	-0.192645	-2.000000
H	-2.000000	-0.830075	-0.192645	-0.830075	0.247928	-2.000000	-0.830075	0.247928	-0.830075	-2.000000
I	-0.830075	-2.000000	0.247928	-2.000000	-0.830075	0.247928	0.857981	0.247928	-2.000000	-2.000000
K	1.459432	0.857981	-0.192645	-0.192645	-0.192645	-0.192645	1.285402	-0.830075	1.285402	-2.000000
L	-2.000000	0.857981	-0.830075	-2.000000	-0.830075	0.247928	0.247928	-0.192645	-0.830075	0.247928
M	-0.830075	-2.000000	-2.000000	-2.000000	-2.000000	-0.830075	-0.192645	-2.000000	-2.000000	-2.000000
N	-2.000000	-2.000000	0.247928	-2.000000	-0.192645	-0.192645	-0.830075	-0.830075	0.584963	-2.000000
P	-2.000000	-2.000000	-0.830075	1.285402	1.285402	-0.192645	-0.830075	-2.000000	-2.000000	-2.000000
Q	-2.000000	3.118941	-2.000000	0.857981	-0.830075	-0.192645	0.247928	0.247928	-2.000000	-2.000000
R	1.882643	-2.000000	0.857981	-0.830075	-0.830075	0.247928	0.584963	-0.830075	0.247928	-2.000000
S	0.247928	-0.830075	-0.192645	0.584963	-0.192645	0.857981	0.857981	1.754888	1.285402	-2.000000
T	0.247928	-0.192645	-2.000000	-0.830075	0.584963	0.584963	0.857981	1.285402	1.459432	-2.000000
V	-0.192645	-0.192645	0.247928	-2.000000	0.857981	0.584963	0.247928	1.285402	0.247928	-2.000000
W	-2.000000	-2.000000	-0.830075	-2.000000	-2.000000	-2.000000	-2.000000	-2.000000	-2.000000	-2.000000
Y	1.087463	-0.830075	1.754888	-2.000000	-2.000000	-0.830075	-0.192645	-2.000000	-2.000000	3.442943
