A	0.415037	1.465664	-0.222392	-1.392317	1.192645	0.415037	0.415037	-1.392317
C	-1.392317	-1.392317	-1.392317	-1.392317	-1.392317	-1.392317	-1.392317	-1.392317
D	-1.392317	-1.392317	0.415037	-1.392317	-1.392317	-1.392317	-1.392317	-1.392317
E	-1.392317	-1.392317	-1.392317	-0.222392	-1.392317	-1.392317	0.855610	-1.392317
F	-0.222392	-1.392317	1.465664	-0.222392	-1.392317	-1.392317	-1.392317	0.415037
G	-0.222392	-1.392317	-1.392317	0.415037	-0.222392	-1.392317	-1.392317	-1.392317
H	1.465664	-1.392317	0.855610	1.192645	0.415037	0.415037	-0.222392	-1.392317
I	-1.392317	-1.392317	-0.222392	0.415037	0.415037	0.415037	-1.392317	-1.392317
K	1.465664	-1.392317	-0.222392	0.855610	-1.392317	-0.222392	0.415037	-1.392317
L	-0.222392	-0.222392	-1.392317	1.695145	-1.392317	1.192645	-1.392317	0.415037
M	-1.392317	-1.392317	-1.392317	-0.222392	-0.222392	-1.392317	-1.392317	-0.222392
N	-1.392317	-1.392317	-0.222392	-1.392317	-0.222392	-0.222392	-1.392317	-1.392317
P	-1.392317	-1.392317	-1.392317	-1.392317	-1.392317	-0.222392	-1.392317	-1.392317
Q	-1.392317	3.000000	-1.392317	-1.392317	0.415037	0.415037	-1.392317	-1.392317
R	0.415037	-1.392317	1.192645	0.415037	-0.222392	0.855610	-1.392317	-1.392317
S	0.415037	0.415037	0.415037	-0.222392	1.192645	0.855610	0.415037	-1.392317
T	-0.222392	-0.222392	-1.392317	0.415037	-0.222392	0.415037	1.893085	-1.392317
V	-0.222392	-0.222392	-0.222392	-0.222392	1.893085	0.855610	1.893085	-0.222392
W	-1.392317	-1.392317	-0.222392	-1.392317	-1.392317	-1.392317	-1.392317	-1.392317
Y	1.465664	-1.392317	1.192645	-1.392317	-1.392317	-1.392317	0.415037	3.308122
