A	0.704544	1.210009	1.149535	-0.440377	0.231173	-0.332931	-0.403665	0.406794	-3.182309
C	-6.040290	-6.040290	-6.040290	-6.040290	-4.232935	-6.040290	-3.182309	-4.870365	-6.040290
D	-4.232935	-6.040290	1.186122	1.771888	-0.597346	-2.040290	-3.792362	-3.455327	-6.040290
E	-2.425580	-2.425580	-1.564556	1.887488	-0.023481	-0.682738	-0.109552	0.936990	-6.040290
F	0.754126	-4.870365	1.312857	-1.830836	-0.440377	-0.921349	-1.564556	-1.485701	1.902225
G	0.737787	-1.564556	-2.285402	1.111995	0.878574	0.159383	-2.157647	-1.029062	-6.040290
H	-0.232935	-2.285402	-0.556474	-1.339850	0.427316	-0.974201	1.198115	0.031173	-4.870365
I	-0.332931	-0.298823	0.581762	-1.736509	0.427316	1.334750	0.467505	-2.285402	-0.974201
K	1.672237	1.849975	-0.109552	0.447550	1.060373	0.057742	0.447550	1.388070	-3.792362
L	-1.086093	2.297332	0.525764	-1.647972	0.207638	0.863592	0.754126	-0.478047	2.217098
M	-2.580858	-1.272105	-1.272105	-3.455327	-2.285402	-3.182309	-2.285402	-2.754888	-1.647972
N	-0.682738	-6.040290	0.159383	-0.201086	-0.332931	-0.109552	-0.727407	-0.556474	-6.040290
P	-6.040290	-3.792362	-2.285402	1.654939	0.057742	0.343415	-0.516728	-3.792362	-6.040290
Q	-1.410933	1.987616	-1.272105	-0.516728	-0.201086	0.159383	0.817691	0.427316	-6.040290
R	0.848454	-0.201086	0.031173	-2.040290	0.254331	-0.478047	0.704544	1.060373	-1.029062
S	1.377563	-0.974201	0.004104	0.134636	0.343415	0.770282	0.525764	1.279382	-6.040290
T	0.083832	-1.339850	-0.974201	-1.086093	-0.051605	0.687631	0.721262	1.439491	-6.040290
V	0.635667	0.321654	-0.080288	-1.086093	0.506605	1.654939	1.233506	0.231173	1.747613
W	-4.870365	-6.040290	-2.157647	-4.232935	-3.182309	-6.040290	-3.455327	-6.040290	-6.040290
Y	0.299560	-4.232935	1.047173	-2.580858	-0.403665	-2.580858	-1.272105	-0.821121	2.715432
