A	-1.576897 1.085207 1.376968 1.225954 1.019375 2.126801 0.815234 0.798620 0.393374
C	-8.890156 -8.904727 -3.438751 -5.423464 -8.815329 -4.419094 -8.905059 -8.901288 -5.446721
D	-3.806240 -0.776869 -0.714491 0.105469 -0.365923 0.962925 0.369593 -0.144049 -0.653627
E	-2.877681 0.550739 -1.140940 -1.599112 0.408055 0.148588 1.438144 0.336761 -0.408918
F	1.999986 -1.887997 -0.267104 -0.791253 -1.826499 -0.709604 -1.412954 -1.128926 0.079214
G	-7.164336 -1.230452 -0.359264 -1.618677 -0.235749 -0.088196 -1.248403 -0.879308 -1.183205
H	-3.626109 0.555683 -0.861872 -3.254493 -0.651482 -6.336952 0.218456 -0.577543 -4.053221
I	2.230787 0.416094 -1.040420 0.681570 -0.283801 -0.986536 0.364034 -0.516145 2.273474
K	-5.870462 0.629619 -1.128137 -8.840900 1.152560 -3.265750 -0.852881 0.465655 -8.631102
L	1.198557 -0.315799 -0.618411 -0.184238 -0.312703 -1.925769 0.664789 0.661261 2.075505
M	-1.591466 -2.433782 -2.349172 -3.648922 -2.670375 -3.336725 -3.335117 -3.202920 -0.782253
N	-3.756612 -0.055267 -0.696475 0.411229 -0.817664 -0.704837 0.872558 0.280465 -2.419222
P	-1.259489 -8.700383 0.441024 -8.815420 0.190845 0.831092 -0.070300 1.417736 -4.309723
Q	-7.521663 0.248297 -0.488678 -3.794501 -0.405971 -4.347522 0.334445 -0.676028 -2.010704
R	-3.342482 0.762740 -1.102880 -8.765079 0.470757 -4.499451 -0.835301 0.931371 -2.325412
S	-5.422833 0.895600 1.721171 1.330513 0.530690 1.791164 -0.060271 0.300100 -1.158893
T	-2.507263 0.736023 1.849279 2.243803 1.307242 0.944134 -0.583242 0.010685 -1.614686
V	1.517155 0.853815 -0.107682 1.887822 0.988764 0.974294 0.995715 0.611643 2.014384
W	-0.292231 -2.987959 -3.270372 -2.114410 -4.324695 -6.287264 -2.475392 -4.258569 -3.792809
Y	1.830052 -1.050030 0.275825 -3.877202 -1.784403 -2.792733 -1.529381 -1.282039 -0.965074
