A	1.180803	0.784144	0.928824	-0.087790	0.363007	0.257345	0.499028	0.843768	1.707579	-2.819197
C	-6.104599	-4.297244	-3.856671	-6.104599	-4.934674	-3.856671	-3.856671	-3.017136	-3.246618	-3.856671
D	-3.519636	-4.297244	0.969543	1.302669	0.279106	-0.363132	-1.550010	-2.221956	-2.221956	-4.934674
E	-2.489889	0.235251	-2.349711	1.226318	0.721950	-0.581037	-1.271709	-0.173861	0.768845	-6.104599
F	1.097525	-0.934674	0.119403	-1.996074	-0.542356	-1.336414	0.119403	-2.819197	-1.336414	0.799283
G	-1.271709	-1.209781	-1.093371	0.019523	1.365043	1.313254	0.640235	-1.336414	-1.628865	-4.297244
H	-0.542356	-1.209781	-1.550010	-1.996074	-0.432173	-0.265395	-0.581037	0.321666	-0.934674	-6.104599
I	0.279106	0.300543	0.019523	-3.519636	-1.336414	-0.265395	0.166864	-0.397240	-2.349711	-0.397240
K	0.235251	-3.519636	-1.150402	-1.150402	-0.087790	0.095074	0.119403	-0.620783	-0.397240	-2.104599
L	0.070327	2.293076	0.235251	-1.712281	0.019523	-0.363132	0.969543	0.737752	-0.203732	3.851777
M	-1.336414	-1.550010	-0.985658	-4.934674	-2.819197	-2.489889	-1.712281	-0.934674	-2.819197	-0.329812
N	-2.489889	-3.856671	-0.837812	-1.271709	-0.234234	-0.087790	-0.329812	-0.397240	-2.349711	-6.104599
P	-4.934674	2.098749	2.533837	3.071574	1.519283	1.762680	1.248548	0.342484	-0.885430	-6.104599
Q	-1.628865	-1.150402	-1.336414	-0.703719	-0.467974	-0.542356	-0.504686	0.342484	-0.087790	-6.104599
R	1.292006	-2.489889	-0.144597	-2.104599	-0.703719	0.300543	0.190022	-0.087790	-0.620783	-6.104599
S	1.528396	-0.144597	0.363007	0.019523	0.753382	1.034953	0.363007	1.270441	2.092618	-6.104599
T	-0.087790	-0.885430	-1.628865	-0.791716	0.070327	0.517453	0.705973	1.259536	1.633494	-6.104599
V	0.606208	0.721950	-1.038510	-1.800818	-0.087790	-0.329812	0.279106	1.034953	0.257345	0.553613
W	-4.297244	-3.017136	-3.519636	-3.017136	-2.349711	-3.856671	-2.819197	-3.856671	-6.104599	-4.934674
Y	0.996064	-0.234234	-0.006567	-2.489889	-1.336414	-3.017136	-0.542356	-1.209781	-0.747047	-3.017136
