A	0.285061	1.217947	0.550522	0.666931	-1.256833	0.550522	1.179266	0.131438	0.666931	1.586441	-4.344296
C	-4.344296	-4.344296	-3.174371	-4.344296	-4.344296	-4.344296	-4.344296	-4.344296	-4.344296	-4.344296	-4.344296
D	-3.174371	-3.174371	0.285061	1.328129	-0.461653	0.488594	-0.729586	-0.589408	-1.486315	-3.174371	-3.174371
E	-2.096368	0.356144	-1.058894	0.721793	-0.344296	0.968587	-0.235771	-0.884864	0.048022	0.048022	-4.344296
F	0.968587	-1.256833	-0.134843	-1.486315	-1.759333	-0.884864	-1.486315	-0.461653	-2.096368	-2.536941	0.550522
G	-1.759333	-0.729586	-1.256833	1.056584	0.285061	1.013256	0.968587	0.666931	-1.256833	-1.058894	-4.344296
H	-1.759333	-0.884864	-1.058894	-2.096368	-1.486315	-0.884864	0.210293	-0.461653	-0.344296	-0.589408	-4.344296
I	0.609900	-0.344296	-0.134843	-1.486315	-2.536941	-0.729586	-0.884864	0.048022	0.210293	-3.174371	-0.884864
K	0.825629	-4.344296	-1.486315	-2.096368	-1.759333	-0.344296	0.356144	-0.729586	-0.461653	-0.235771	-3.174371
L	-0.134843	1.779825	0.774645	0.609900	-0.884864	0.048022	-0.040515	1.292329	0.825629	0.550522	3.924831
M	-2.096368	-1.486315	-0.461653	-2.096368	-2.536941	-3.174371	-2.096368	-1.759333	-3.174371	-3.174371	-0.235771
N	-1.486315	-3.174371	-1.486315	-0.461653	-1.256833	-0.729586	-0.344296	-0.134843	0.048022	-1.486315	-4.344296
P	-3.174371	2.183181	2.400538	1.950325	3.368231	1.397171	0.968587	0.721793	-0.884864	-0.235771	-4.344296
Q	-1.486315	-0.884864	-1.058894	-2.096368	-1.058894	-0.589408	-0.235771	-0.040515	0.774645	0.048022	-3.174371
R	1.463059	-1.256833	0.968587	-2.096368	-0.884864	-0.461653	-0.235771	0.356144	-1.058894	-0.040515	-3.174371
S	1.526069	0.131438	-0.134843	1.056584	0.488594	1.098648	1.363063	0.210293	1.779825	1.855376	-4.344296
T	-0.461653	-0.589408	-2.096368	0.048022	-0.344296	0.423888	0.356144	0.774645	0.968587	1.463059	-2.536941
V	1.217947	0.048022	-0.134843	-0.884864	-0.729586	-0.235771	0.210293	0.721793	1.013256	0.609900	-0.344296
W	-4.344296	-4.344296	-2.536941	-4.344296	-4.344296	-2.536941	-2.536941	-2.096368	-3.174371	-4.344296	-4.344296
Y	0.874873	0.666931	-0.134843	-1.256833	-1.486315	-1.486315	-3.174371	-0.589408	-1.058894	-0.344296	-3.174371
