A	1.050626	1.478047	-0.637430	0.777608	1.050626	0.440573	1.478047	1.280108	0.440573	0.777608	1.478047	-1.807355
C	-1.807355	-1.807355	-1.807355	-1.807355	-1.807355	-1.807355	-1.807355	-1.807355	-1.807355	-0.637430	-0.637430	-1.807355
D	-1.807355	0.000000	0.440573	0.777608	-1.807355	-1.807355	0.000000	-0.637430	-0.637430	-0.637430	-1.807355	-1.807355
E	-0.637430	0.000000	-1.807355	1.050626	0.000000	-0.637430	0.440573	0.000000	0.000000	0.000000	0.000000	-1.807355
F	0.777608	-1.807355	-0.637430	-0.637430	-1.807355	-0.637430	-1.807355	-1.807355	0.000000	-1.807355	-1.807355	-0.637430
G	-0.637430	1.050626	0.440573	1.050626	0.777608	0.000000	0.440573	1.478047	0.440573	0.000000	-1.807355	-1.807355
H	-1.807355	0.000000	-1.807355	-1.807355	-1.807355	-1.807355	-1.807355	-1.807355	-0.637430	-0.637430	-1.807355	-1.807355
I	0.000000	0.440573	-0.637430	-0.637430	0.777608	-0.637430	-0.637430	-1.807355	-0.637430	-1.807355	-0.637430	-1.807355
K	0.000000	-1.807355	-1.807355	-1.807355	-0.637430	-0.637430	-0.637430	-0.637430	0.777608	-0.637430	-0.637430	-1.807355
L	0.777608	1.280108	-0.637430	0.777608	0.000000	-0.637430	0.440573	0.000000	0.440573	-0.637430	0.000000	3.716207
M	0.440573	-1.807355	0.000000	-1.807355	-1.807355	-0.637430	-1.807355	-1.807355	-1.807355	-1.807355	-1.807355	0.000000
N	-1.807355	-1.807355	-0.637430	0.000000	-1.807355	-0.637430	-0.637430	-0.637430	-0.637430	-0.637430	0.000000	-1.807355
P	-1.807355	1.050626	3.087463	0.777608	0.000000	3.087463	1.478047	1.280108	0.000000	-0.637430	0.440573	-1.807355
Q	-0.637430	-0.637430	-1.807355	-0.637430	0.440573	-1.807355	0.440573	-0.637430	0.777608	1.050626	-0.637430	-1.807355
R	-1.807355	-1.807355	0.000000	-1.807355	0.000000	-1.807355	0.000000	-1.807355	0.440573	0.777608	0.000000	-1.807355
S	1.280108	0.440573	-1.807355	0.777608	1.652077	0.440573	0.777608	1.280108	1.478047	1.280108	1.478047	-1.807355
T	0.000000	0.440573	-1.807355	-0.637430	0.000000	-0.637430	-0.637430	0.440573	-0.637430	0.777608	1.050626	-1.807355
V	1.050626	-0.637430	0.000000	-0.637430	0.440573	-0.637430	0.000000	0.440573	0.000000	1.050626	1.050626	-1.807355
W	-0.637430	-1.807355	-1.807355	-1.807355	-1.807355	-1.807355	-1.807355	-1.807355	-1.807355	-0.637430	-1.807355	-1.807355
Y	0.440573	-1.807355	-1.807355	0.440573	0.000000	-1.807355	-1.807355	-0.637430	-1.807355	-1.807355	-0.637430	-0.637430
