A	1.057192	2.123139	0.422926	0.036130	0.917596	0.315784	1.333157	-4.703409
C	-5.340839	-2.896054	-5.340839	-3.925802	-4.703409	-4.703409	-4.262837	-6.510764
D	-1.444675	-5.340839	1.584633	-1.026948	-3.423301	-2.402240	-2.755877	-6.510764
E	-2.402240	-6.510764	-1.197881	0.628787	-1.742580	-0.948522	1.409589	-6.510764
F	0.739534	-0.439302	-0.671560	-1.677874	-1.499537	-2.402240	-1.615946	-0.838339
G	-3.925802	-0.580027	-0.493956	-0.148820	1.815665	-0.838339	-1.109885	-6.510764
H	-0.703409	-3.925802	-0.987202	-0.216143	1.076076	0.628787	-1.026948	-6.510764
I	0.679060	-0.838339	-1.243978	-0.286762	-0.148820	-0.148820	-1.197881	0.691360
K	-0.803405	-6.510764	-0.127060	1.260725	0.989082	0.165193	0.147447	-6.510764
L	0.494860	-0.002970	-0.910851	0.679060	-0.609897	0.377979	-0.105623	3.938900
M	-0.640399	-1.742580	-1.810324	-3.652783	-3.225362	-2.035031	-2.118447	-0.493956
N	-0.522079	-5.340839	-1.153212	-0.239301	-1.243978	-0.127060	-1.677874	-6.510764
P	-4.703409	2.952760	2.696250	1.285275	0.165193	1.285275	-1.742580	-6.510764
Q	-1.444675	-1.391823	-0.987202	-0.262837	-2.206983	0.182723	0.217156	-6.510764
R	0.494860	-4.262837	-0.239301	0.016713	0.808908	0.820153	-0.493956	-6.510764
S	1.348771	0.786152	-0.466370	0.494860	0.727641	1.285275	1.530895	-6.510764
T	0.452132	-0.769297	-0.874140	0.679060	0.074198	0.751331	1.252448	-6.510764
V	1.057192	0.234070	-0.703409	0.508827	0.763031	0.715648	1.317372	0.628787
W	-3.925802	-4.262837	-2.896054	-5.340839	-6.510764	-3.925802	-5.340839	-5.340839
Y	1.131288	-1.340839	-0.148820	-1.677874	-3.051333	-3.925802	-1.444675	-4.703409
