A	1.015205	1.385541	0.897350	0.145986	0.521835	0.395440	0.546139	1.394771	-2.837020
C	-5.375589	-3.407907	-4.784552	-5.924483	-4.668143	-3.339520	-4.195554	-3.339520	-4.978930
D	-2.001650	-6.219939	1.437624	1.332381	-1.031912	-1.482153	-1.949749	-2.618674	-9.679370
E	-1.744205	-3.191530	-1.336184	1.785814	-0.305417	-1.036416	-0.000330	1.192150	-9.679370
F	0.497115	-0.609920	-0.265213	-1.812091	-0.725174	0.025830	-1.427888	-1.427888	0.815985
G	-1.494495	-1.341748	-2.055489	0.602270	0.529474	0.200596	-1.975467	-1.188519	-9.679370
H	-0.544302	-1.398599	-0.866391	-1.255204	0.023668	-0.613281	0.606610	-0.547513	-7.872015
I	0.269727	0.307538	0.303980	-1.672343	-0.190526	0.786961	0.008443	-2.001650	0.493995
K	0.981072	-6.393968	-0.074817	0.109756	1.124156	-0.308138	-0.141181	0.296836	-8.509445
L	0.045144	1.991729	0.353020	-0.400921	-0.086446	1.064412	0.692134	-0.218402	3.659680
M	-1.239539	-1.173559	-0.682191	-3.094408	-2.514463	-1.984142	-1.736856	-2.477246	-0.291891
N	-0.682191	-4.978930	-0.623410	-0.699945	-0.141181	-0.451153	-0.220964	-0.838592	-9.679370
P	-5.679370	1.778780	1.792178	1.636063	0.848107	0.467199	0.729756	-1.651464	-7.872015
Q	-1.308683	-0.121906	-0.475410	-0.185515	-0.433223	-0.375019	0.571520	0.371839	-9.679370
R	0.935800	-3.211765	0.089228	-1.153849	0.813484	0.196763	0.397111	-0.175544	-9.679370
S	1.415532	-0.262573	0.138013	0.758642	0.712410	0.581843	0.896169	1.758772	-9.679370
T	0.468789	-0.360827	-1.005178	-0.400921	0.242099	0.845661	0.745583	1.326254	-6.393968
V	0.886684	1.084257	-0.366487	-0.640451	0.476713	1.210324	0.877136	0.305760	1.556046
W	-4.278491	-4.006945	-2.884954	-3.690685	-3.504444	-3.634976	-3.607908	-5.796727	-5.469917
Y	0.493995	0.837069	-0.175544	-2.315235	-1.050014	-1.630883	-1.077599	-0.714307	-2.251010
