A	-0.336253 1.289634 1.936410 2.643879 1.100211 2.364628 1.575186 1.243645 2.638931
C	-9.525227 -6.024021 -2.549419 -2.336189 -6.165497 -6.501458 -6.606960 -9.488121 -2.742061
D	-1.484187 -1.565332 -1.434746 -4.698421 -0.570396 1.071776 -0.972059 -1.142901 -0.367590
E	-0.358739 0.671692 -0.934025 -1.680983 0.418913 -1.902238 0.674607 0.865067 -1.378104
F	0.663066 -1.573948 -0.013824 -0.223007 -3.218988 -3.063472 -0.939986 -1.302319 -4.523849
G	-2.396362 -0.857851 1.645757 -0.924903 -0.956392 -0.932560 -1.584198 0.262808 1.583712
H	-1.518561 0.525265 -0.650291 -6.195425 -0.713010 -4.993404 0.531018 -0.860017 -2.570281
I	2.166529 0.041975 -0.697991 1.439751 0.038408 1.090664 -0.229704 -0.616499 -1.281085
K	-2.192737 0.927221 -1.194684 -5.389673 1.645139 -5.069793 -0.260086 1.037860 -1.628582
L	1.354249 -0.704404 -0.651437 1.121387 -0.310136 0.942015 0.445676 0.643928 -0.550520
M	-0.988258 -2.709855 -1.049057 -0.990550 -2.229626 -1.779928 -2.601338 -2.663063 -2.921049
N	0.682872 -0.084793 -1.223825 -2.951969 -0.786014 -1.344340 -0.139538 -0.334505 0.050706
P	-3.051521 -9.208597 0.212233 -9.182257 -0.669497 0.327478 -0.795373 1.144438 -3.345515
Q	-0.312685 0.395828 -0.225224 -2.484179 0.497861 -2.136975 1.250986 0.036004 0.177321
R	-4.271913 0.963101 -0.612152 -8.588449 0.830087 -5.542529 0.876349 0.645248 -2.717993
S	-0.047243 0.401176 0.675435 0.961022 0.229391 0.151199 -0.301369 0.075018 1.673376
T	-1.062541 0.712018 0.112663 -0.092417 0.551928 0.253585 -1.349000 -0.669666 -0.777443
V	1.387848 0.696478 -0.458481 1.392372 1.054890 1.686487 0.623410 0.009493 0.580103
W	-3.247379 -3.064411 -2.215714 -2.159112 -5.123811 -9.475884 -2.517377 -5.428936 -6.089299
Y	0.512318 -0.564837 0.546699 -1.543812 -1.829726 -8.873536 -0.375575 -1.090828 -8.144605
