A	-5.073403 0.329404 1.224386 1.395633 0.823608 2.504081 0.902424 0.539509 0.958924
C	-9.086110 -5.610275 -2.955649 -3.315876 -5.021310 -4.982827 -4.584362 -4.908256 -4.079580
D	-11.079089 -1.187503 -2.165635 -1.549223 -0.429727 -0.717757 -2.289362 -0.906018 -1.274145
E	-10.349125 0.721051 0.036834 1.218632 0.242304 -0.411046 0.368145 0.347115 -0.637801
F	2.618210 -0.860122 -0.182858 -0.615782 -1.809772 -5.950761 -0.073339 -1.374501 -2.560956
G	-10.416511 -1.630037 -0.777913 -2.326086 -0.270434 1.550615 -0.156003 0.221400 -0.007643
H	-11.026826 -0.475760 -0.835198 -3.471900 -0.572892 -3.398525 0.235082 -0.254117 -1.887260
I	1.647186 0.555524 0.833468 1.069331 -0.273716 -2.265844 -0.021725 -0.700605 -0.167922
K	-9.766043 1.155607 0.380902 -1.532616 1.509939 -1.638420 0.862140 1.252537 2.284076
L	1.377823 0.707406 0.837399 2.112733 -0.227030 -3.244062 0.906252 1.160133 0.820391
M	-1.742574 -2.451009 -0.529039 0.296116 -1.951150 -5.048381 -1.800214 -1.927392 -2.328831
N	-10.333520 -0.582391 -0.992764 -1.057416 -0.384911 0.641831 0.327032 -0.667845 -1.837367
P	-10.866319 -6.707193 0.076461 -7.737643 0.660018 0.816025 -0.280226 0.793969 -4.599420
Q	-10.360225 0.218427 0.034895 0.425721 0.192192 -1.656135 0.188234 0.011209 -0.857046
R	-10.234187 1.231051 0.177568 -3.965527 0.578355 -3.706757 0.610288 1.072367 2.010558
S	-10.458464 -0.040996 0.532879 0.009705 0.574755 1.760417 -0.153565 0.216930 -0.224550
T	-7.459264 0.243267 -0.349541 -0.521867 0.546340 0.673575 -0.367587 -0.554896 -1.569942
V	0.510148 1.140962 0.668172 0.772575 0.354917 -0.946694 0.323365 -0.028505 0.527022
W	-0.151160 -2.232823 -2.832708 -3.615528 -4.560977 -11.167692 -2.105082 -3.765653 -11.252426
Y	2.449213 -0.382043 0.033768 -1.863231 -1.162583 -6.253935 -0.507923 -1.148781 -2.034148
