A	0.844544	-0.974608	0.444865	-0.033847	0.230421	0.255884	0.245753	0.167411	0.320058	-6.417551
C	-7.054981	-5.137443	-5.366925	-5.976979	-5.137443	-5.976979	-4.610196	-6.417551	-4.765474	-8.224906
D	-3.832589	-4.470019	0.492770	1.480294	0.714673	-0.162860	-0.962811	-0.786114	-1.548949	-8.224906
E	-1.430490	-1.862962	-2.075159	0.729290	0.395314	-0.071354	-0.149427	0.408997	0.575994	-8.224906
F	0.295713	-1.291215	1.124375	-0.755264	-0.564910	-0.610196	-0.297128	-0.521003	-0.380985	2.528311
G	0.488480	-3.524466	-1.798641	0.571945	1.033071	0.857908	0.646999	-1.010587	-0.136118	-7.054981
H	-0.396770	-1.584661	-0.582854	-0.998494	-0.786114	-0.591911	-0.538406	0.183424	-0.521003	-3.749173
I	-0.705270	-2.208098	0.178106	-1.059999	-0.388856	0.348741	0.348741	0.140323	-1.514100	-2.294169
K	1.261426	-0.396770	-0.267804	0.408997	-0.033847	0.156637	-0.021558	-0.882831	0.390724	-3.392016
L	-0.986501	-0.428866	0.782822	-0.224906	0.453694	0.758087	0.935596	1.445308	0.871150	2.224758
M	-2.000904	-3.105965	-1.164210	-2.867354	-2.588281	-2.180512	-1.602854	-1.262010	-2.075159	-0.628716
N	-1.382556	-4.765474	-0.260565	-0.156128	-0.197000	-0.495285	-0.197000	-0.096912	-0.725060	-8.224906
P	-5.137443	0.919752	-1.010587	1.724191	1.635793	1.215444	0.941885	-0.453417	-2.624993	-7.054981
Q	-0.951110	-0.190107	-1.247626	-0.046241	-0.304553	-0.142757	-0.071354	0.584058	0.466837	-8.224906
R	2.040709	3.317884	1.681609	-0.547186	-0.582854	-0.203926	0.183424	0.044221	0.534982	-3.105965
S	1.121608	-0.478392	-0.009373	0.658501	0.501312	0.526638	0.381499	0.440430	1.271448	-8.224906
T	-0.312017	-0.319519	-0.849867	-0.396770	-0.342263	0.300615	0.408997	0.699906	1.346847	-8.224906
V	0.112716	-0.656950	-0.096912	-1.430490	0.134843	0.611933	0.623717	0.881002	0.235550	-2.208098
W	-4.939504	-4.765474	-1.757301	-3.270710	-2.958120	-2.824027	-3.330088	-2.264904	-4.342263	-1.219282
Y	0.547408	0.596071	0.975993	-0.962811	-1.414334	-1.446829	-0.647477	-0.695476	-0.003319	2.949395
