A	0.785543	-1.486673	0.046971	-0.316748	0.320682	-0.101019	0.320682	0.477994	-0.146248	0.086608	-6.440869
C	-6.440869	-6.440869	-6.440869	-6.440869	-5.270944	-4.192942	-5.270944	-6.440869	-6.440869	-4.633514	-6.440869
D	-5.270944	-5.270944	0.507498	1.330620	0.252618	1.210183	0.046971	-0.570504	-0.840956	-1.886280	-6.440869
E	-1.886280	-2.231416	-1.374780	0.463013	0.252618	0.646594	0.592554	0.144093	-0.265943	0.619827	-6.440869
F	0.162757	-1.740429	1.744006	-1.546051	-0.510132	-0.840956	-0.917307	-0.917307	-0.216867	-0.480867	2.625220
G	0.672873	-2.981438	-1.486673	0.736550	0.646594	1.068906	1.088561	1.068906	-1.127986	-0.316748	-6.440869
H	-0.316748	-2.137088	-0.633514	-1.546051	-0.265943	-1.607979	-0.146248	-0.804245	0.125185	-1.039990	-4.192942
I	-0.241197	-2.826159	0.698682	-1.546051	-0.101019	-0.316748	-0.342837	0.592554	-0.014604	-1.740429	-3.353406
K	1.117552	-1.429642	-0.101019	0.401481	0.181183	0.006214	0.401481	0.320682	-0.192942	0.507498	-4.192942
L	-1.270944	-1.270944	1.173841	-0.057165	0.492821	0.353547	0.507498	0.492821	1.580111	1.192126	2.064942
M	-2.137088	-3.582888	-0.917307	-2.332345	-2.685982	-2.685982	-1.811513	-2.558226	-0.878627	-1.672685	-0.840956
N	-1.740429	-6.440869	-0.291122	-0.291122	0.144093	-0.452184	-0.291122	-0.078925	-0.265943	-0.878627	-6.440869
P	-6.440869	-1.174083	-0.957053	1.395181	1.371308	1.479484	0.432575	0.578722	-0.601665	-3.855907	-6.440869
Q	-0.768444	-0.733510	-1.221701	-0.878627	0.086608	-0.216867	-0.014604	0.106025	0.821226	0.369702	-6.440869
R	2.074831	3.696122	-0.666082	1.164610	-0.666082	-0.917307	-0.123457	-0.510132	-0.192942	0.385679	-2.685982
S	1.263034	-0.699402	0.181183	0.901206	0.564755	0.748955	0.934170	0.748955	0.507498	1.117552	-5.270944
T	-0.480867	-0.733510	-1.486673	-0.480867	-0.452184	-0.035728	0.086608	0.353547	0.606255	1.403052	-6.440869
V	-0.369407	-1.083317	0.106025	-0.768444	0.199376	-0.014604	0.106025	0.550653	0.821226	0.417112	-3.855907
W	-5.270944	-6.440869	-1.127986	-3.855907	-2.231416	-3.582888	-2.981438	-2.332345	-1.740429	-4.633514	-1.039990
Y	0.821226	1.008279	1.028773	-0.633514	-0.601665	-1.886280	-0.840956	-1.174083	-0.424061	0.447874	3.007247
