A	0.839535	-2.247928	0.955945	0.053242	0.154171	0.839535	0.053242	0.712902	0.499306	-0.300395	-0.300395	-4.055282
C	-4.055282	-4.055282	-4.055282	-4.055282	-2.885357	-4.055282	-4.055282	-4.055282	-4.055282	-4.055282	-4.055282	-4.055282
D	-4.055282	-4.055282	-0.595851	1.752072	-0.172639	0.839535	0.839535	-0.055282	0.337035	-0.967820	-0.440573	-4.055282
E	-2.247928	-2.247928	-0.967820	0.499306	-0.055282	0.712902	0.248498	0.053242	-0.967820	-0.967820	0.248498	-4.055282
F	0.574074	-1.807355	1.933402	-1.807355	-0.172639	-0.055282	-0.300395	-0.769880	-0.967820	0.053242	-0.300395	2.978141
G	0.898914	-2.885357	-2.247928	1.257601	1.302270	0.839535	1.114643	1.845584	1.387661	-1.470320	-0.172639	-4.055282
H	-0.967820	-2.247928	-1.807355	-2.247928	-0.172639	-1.807355	-1.470320	-1.197301	-0.769880	-0.967820	-0.769880	-4.055282
I	-1.470320	-2.247928	0.420451	-2.247928	-0.440573	-0.595851	-0.055282	-0.055282	0.053242	0.154171	-2.247928	-2.885357
K	1.257601	-2.247928	-0.595851	-0.440573	-0.595851	-0.440573	0.053242	-0.172639	-1.197301	-1.807355	-0.055282	-4.055282
L	-1.197301	-4.055282	0.839535	0.337035	0.248498	-0.769880	0.053242	0.053242	0.645157	1.815082	1.010807	1.010807
M	-2.885357	-4.055282	-1.470320	-4.055282	-2.247928	-2.247928	-1.470320	-2.885357	-1.807355	-0.440573	-1.807355	-0.440573
N	-0.595851	-4.055282	-0.172639	-0.300395	-1.197301	0.420451	-0.967820	0.248498	-0.055282	-0.300395	-0.967820	-4.055282
P	-4.055282	-2.247928	-1.197301	1.387661	1.211504	0.248498	1.302270	0.645157	0.898914	-0.440573	-1.807355	-4.055282
Q	-1.470320	-1.807355	-0.769880	-0.300395	-0.440573	-0.595851	0.053242	0.248498	0.337035	0.337035	0.645157	-4.055282
R	1.904719	3.979517	-0.769880	-1.197301	0.955945	-0.440573	-0.595851	-0.769880	-0.769880	0.053242	-0.055282	-4.055282
S	1.163886	-1.197301	-0.595851	1.211504	0.898914	1.257601	1.010807	1.211504	0.574074	0.337035	1.211504	-4.055282
T	-0.769880	-1.197301	-1.807355	0.053242	-0.595851	0.053242	0.053242	-0.595851	0.839535	1.010807	1.815082	-4.055282
V	-0.440573	-2.885357	0.337035	-1.470320	0.337035	-0.055282	0.248498	-1.470320	0.499306	1.114643	0.337035	-2.885357
W	-4.055282	-2.247928	-0.595851	-4.055282	-2.247928	-1.807355	-2.885357	-2.885357	-4.055282	-0.967820	-2.885357	-2.247928
Y	1.163886	-0.440573	1.581342	-0.967820	-1.197301	-0.172639	-2.885357	-0.595851	-1.807355	-0.440573	-0.172639	3.018859
