A	0.318176	-2.266787	-0.459432	-0.018859	-0.459432	0.591194	0.591194	-0.459432	-0.459432	0.820676	-0.459432	-0.459432	-2.266787
C	-2.266787	-2.266787	-2.266787	-2.266787	-2.266787	-2.266787	-2.266787	-2.266787	-2.266787	-2.266787	-2.266787	-2.266787	-2.266787
D	-2.266787	-2.266787	-0.018859	1.018616	-0.459432	0.318176	0.820676	1.347923	1.018616	-0.459432	-0.459432	-0.459432	-2.266787
E	-2.266787	-1.096862	-0.459432	-0.459432	0.591194	-2.266787	-0.018859	-1.096862	0.820676	-0.018859	-0.459432	0.820676	-2.266787
F	1.192645	-1.096862	2.125531	0.318176	-0.459432	-2.266787	-2.266787	-0.018859	-0.459432	-0.459432	-0.018859	-0.018859	2.362570
G	0.591194	-1.096862	-1.096862	2.125531	0.820676	0.318176	-0.018859	1.192645	1.192645	0.318176	-1.096862	-0.018859	-2.266787
H	-0.459432	-2.266787	-1.096862	-1.096862	-0.018859	-1.096862	-0.018859	-0.459432	-1.096862	-0.018859	-0.018859	-1.096862	-2.266787
I	-2.266787	-2.266787	0.318176	-2.266787	0.318176	0.318176	0.318176	-0.018859	-1.096862	0.318176	0.318176	-2.266787	-2.266787
K	1.347923	-2.266787	-1.096862	-2.266787	-0.459432	0.820676	-0.459432	-0.018859	0.591194	-1.096862	-0.018859	-1.096862	-2.266787
L	-2.266787	-2.266787	-1.096862	-0.018859	0.820676	0.820676	1.347923	-1.096862	0.591194	-1.096862	1.488101	1.192645	1.192645
M	-0.459432	-2.266787	-0.018859	-2.266787	-1.096862	-2.266787	-2.266787	-2.266787	-1.096862	-2.266787	-1.096862	-2.266787	-0.459432
N	-1.096862	-2.266787	1.347923	-1.096862	-1.096862	-0.459432	1.018616	0.318176	-0.459432	-0.459432	0.318176	-0.459432	-2.266787
P	-2.266787	-1.096862	-0.459432	2.036994	0.591194	0.591194	0.591194	1.841738	1.192645	0.820676	-1.096862	-2.266787	-2.266787
Q	-2.266787	-2.266787	-0.459432	-1.096862	-0.018859	-0.018859	-1.096862	-0.459432	-0.459432	0.318176	1.192645	0.591194	-2.266787
R	2.287802	3.750022	-2.266787	-1.096862	-0.459432	0.591194	-1.096862	-0.459432	-0.018859	-0.018859	-2.266787	0.318176	-2.266787
S	-0.018859	0.318176	-2.266787	0.318176	1.018616	0.591194	-0.459432	-0.459432	-0.018859	0.820676	-0.459432	1.018616	-2.266787
T	-0.459432	-1.096862	-2.266787	-1.096862	0.591194	0.820676	-0.459432	-1.096862	-0.459432	1.018616	0.820676	1.018616	-2.266787
V	-0.459432	-2.266787	-0.018859	-0.459432	0.318176	-0.018859	0.820676	0.318176	-1.096862	0.591194	0.591194	0.591194	-2.266787
W	-2.266787	-2.266787	-2.266787	-2.266787	-2.266787	-2.266787	-2.266787	-2.266787	-1.096862	-1.096862	-1.096862	-2.266787	-2.266787
Y	0.591194	-1.096862	1.615857	-2.266787	-1.096862	-0.459432	-0.459432	-1.096862	-1.096862	-1.096862	-0.018859	0.591194	3.090765
