A	-0.625320	0.532372	0.492516	-0.647414	0.420004	-0.603560	0.654788	-6.987264
C	-5.817339	-6.987264	-5.179909	-5.817339	-5.179909	-6.987264	-4.739336	-6.987264
D	-1.279905	-4.129283	1.012736	-0.068401	-2.987264	-3.232377	-2.683483	-6.987264
E	-1.056527	-5.179909	-1.768095	0.376871	-1.387351	-0.915802	1.191401	-6.987264
F	1.377965	-0.647414	0.903000	-0.763262	-0.787592	-0.176692	-1.314839	1.743206
G	-1.976037	-4.402302	0.618216	-0.402302	0.792455	-2.286824	-1.674381	-6.987264
H	0.298138	0.152287	-0.440370	-0.560999	1.088215	0.895379	-0.942870	-4.402302
I	0.376871	-3.527832	0.032327	0.251141	0.725263	0.309652	-0.276458	-1.674381
K	0.004258	-0.669851	0.672732	1.178899	0.551895	-0.603560	0.354811	-6.987264
L	-0.053573	-2.219080	0.512582	1.094885	0.165021	1.628366	0.895379	3.523006
M	-0.837517	-3.701862	-1.245797	-2.683483	-2.511531	-1.544321	-1.976037	-0.519658
N	0.365883	-3.899801	-0.160716	-0.669851	-1.674381	-0.625320	-1.148060	-6.987264
P	-5.817339	-1.586385	0.542167	1.600514	1.468063	0.343653	-3.527832	-6.987264
Q	-0.889232	-0.863143	-0.863143	-0.311307	-1.027262	0.690456	0.654788	-6.987264
R	0.816867	3.516810	-1.245797	-0.053573	0.214860	1.081514	-0.242430	-6.987264
S	0.561558	-0.293777	-0.176692	-0.259344	0.165021	0.086877	1.019763	-6.987264
T	0.113398	-0.863143	-0.459787	-0.225713	0.126478	0.263034	1.293507	-6.987264
V	0.309652	-1.387351	-0.259344	0.800639	0.947901	0.887717	1.240352	-0.837517
W	-3.232377	-5.817339	-1.768095	-3.104621	-3.104621	-2.878740	-5.179909	-3.701862
Y	1.595819	0.580692	0.663788	-1.544321	-1.817339	-0.942870	-0.582123	1.751673
