A	0.709658	0.751314	0.859084	-0.067812	-0.025846	0.358546	0.024821	0.661435	-3.118690
C	-6.255095	-6.727683	-4.719320	-6.519742	-5.010990	-4.691786	-4.612206	-4.078914	-7.856267
D	-1.486541	-6.426027	0.827917	1.285797	-0.927335	-1.667448	-1.899707	-2.354127	-11.738910
E	-0.539851	-0.304673	-1.174046	1.454885	-0.261026	-0.635786	-0.017277	0.969365	-11.738910
F	0.357311	-1.121443	0.563086	-1.511896	-0.261026	-0.081704	-0.457850	-0.863545	1.757756
G	-0.175714	-2.113658	-1.461623	0.683614	0.275110	-0.083380	-2.070912	-0.930348	-11.738910
H	-0.227281	-0.812614	-0.354396	-1.223703	0.029481	-0.535256	0.385453	-0.401010	-3.127886
I	-0.062292	-0.729782	0.360191	-1.271305	0.346147	0.991560	0.216830	-1.293119	0.043883
K	1.200210	0.114789	0.743457	0.366343	1.121158	-0.164435	-0.327664	0.705134	-1.430002
L	-0.037171	1.146166	0.619810	-0.077800	0.654078	0.993151	1.562229	0.686240	2.875900
M	-1.386591	-1.598720	-0.869316	-2.902071	-2.303761	-1.709968	-1.253584	-1.913554	-0.493061
N	-0.692639	-3.141789	0.193950	-0.338965	-0.420650	-0.683289	-0.468761	-0.613013	-11.738910
P	-5.231116	0.622554	-0.407294	1.594734	0.417805	0.709980	0.141343	-3.127886	-7.263177
Q	-0.637427	0.520686	-0.623541	-0.013544	-0.178100	-0.003989	0.598015	0.612581	-9.490983
R	1.276897	1.777128	-0.050769	-0.774208	0.785693	-0.099683	0.419778	0.295459	-1.880152
S	1.122613	0.315948	0.604622	0.719624	0.299752	0.445965	0.412661	1.426311	-9.490983
T	0.197636	0.336151	-0.419944	-0.348338	0.007604	0.566653	0.370022	1.011064	-6.619969
V	0.387875	0.505528	-0.092914	-0.951620	0.753193	1.276897	0.917515	0.544395	0.749746
W	-4.124200	-4.430571	-2.283069	-3.368223	-2.689742	-3.656761	-2.136675	-4.790543	-1.537705
Y	0.347392	0.593126	0.424110	-1.980687	-0.807988	-1.216329	-0.588211	-0.436271	2.205733
