A	0.155055 0.119231 0.810116 0.224184 0.383247 1.266061 0.880775 0.508700 -0.845982
C	-9.758419 -9.882687 -6.162198 -5.163829 -9.370365 -6.515159 -4.986134 -5.601436 -9.727479
D	-0.984286 0.442560 -1.434247 -3.999875 0.105303 0.950019 -1.222236 -1.668611 -2.678611
E	0.253198 1.406384 0.545567 -1.893196 2.000973 2.250846 0.091682 1.651178 -0.077546
F	0.492518 -1.601221 -1.404779 1.407266 -2.701259 -1.591553 0.911600 -1.368432 -5.512346
G	0.157116 -0.773373 -2.841394 -1.217283 -1.231400 -0.892462 -1.211505 -0.201506 -2.496522
H	-3.549701 -1.887463 -2.567526 -3.715399 -0.896737 -1.810571 -0.999527 -2.064073 -3.707243
I	0.975096 -0.606443 0.868502 1.048013 0.588736 -0.012921 0.742513 0.147690 -3.059110
K	-0.939903 2.157975 1.058815 -4.516467 0.506511 -1.308673 -0.292101 -0.244077 3.686176
L	2.016339 -0.128134 1.108344 2.757249 0.971873 -0.544443 1.564173 1.949677 -0.007841
M	0.436401 -2.919433 -1.428651 0.462783 -2.136531 -2.105107 -0.190128 -0.716623 -4.685169
N	-1.321019 -0.668497 -1.545538 -3.802193 -0.382017 0.296151 -0.642518 -0.124465 -1.378172
P	-0.741541 -2.374011 0.494905 -3.953144 -0.904310 -0.495605 -1.483775 -1.104821 -1.999481
Q	-0.438530 0.709243 -0.402226 -0.792192 0.040421 -0.130552 -0.258757 -0.039420 -0.453229
R	-0.752447 0.654864 -0.482755 -7.566340 -1.134978 -2.907303 -1.779135 -0.808084 0.496049
S	-0.124223 0.190706 -0.341416 -0.781534 0.283310 0.668413 -0.195517 -0.223370 -0.950319
T	-0.491855 -0.025192 0.921401 -0.933865 0.411246 0.773792 0.234548 -0.123044 -1.445912
V	0.601592 0.030347 1.421544 0.676805 0.652765 0.025414 0.962537 0.921060 -1.763435
W	-2.577719 -3.899639 -2.674553 -1.628617 -3.397704 -5.656953 -2.005249 -2.736879 -9.736664
Y	0.072520 -1.701454 -0.894193 0.397124 -1.371893 -3.272320 0.167867 -1.195213 -3.615764
