A	1.354285	-0.330607	0.897012	0.345172	0.498107	0.316201	0.617201	0.659623	0.455566	-5.419789
C	-5.325462	-4.618016	-3.612434	-4.675046	-4.105681	-4.563154	-4.186299	-3.612434	-4.316360	-8.459318
D	-3.669241	-3.584849	-0.639139	1.041192	-0.071779	-0.708146	-1.413710	-2.451823	-2.221975	-8.459318
E	-1.336921	-2.476958	-1.540455	1.044508	0.139355	-0.170836	-0.792403	-0.780620	0.227572	-9.629243
F	-1.951523	-3.584849	0.854825	-1.018218	-0.533187	-0.986289	-0.017757	-0.788465	-0.380129	-3.311830
G	0.325317	-2.080421	-1.103722	0.874831	1.114540	0.599275	0.774568	-0.163166	0.608266	-6.343841
H	-0.719350	-4.796353	-1.365974	-1.210336	-0.277199	-1.108624	-1.210336	-1.143413	-0.950643	-3.267299
I	-0.784537	0.725833	0.229515	-1.205076	-0.434486	0.170039	0.327133	0.481893	-1.833203	-5.746600
K	2.038534	-3.025616	0.448908	0.421966	0.498107	0.415151	-0.188893	-0.125417	0.954545	3.927622
L	-0.324891	2.376908	1.330940	-0.091054	0.345172	0.795711	1.577466	1.540369	1.308131	-2.287168
M	-1.951523	-0.523334	-0.788465	-2.464336	-2.298326	-1.925339	-1.173916	-1.220913	-1.723856	-4.410074
N	-2.254203	-3.698505	0.069462	0.047596	-0.350793	-0.500604	-0.422228	-0.529895	-0.127903	-7.821888
P	-6.169811	-3.182160	-0.539792	0.954545	1.119789	1.342660	0.555013	-0.277199	0.318029	-6.541780
Q	-0.986289	-0.573283	-0.618016	-0.059862	-0.299446	-0.145427	-0.194093	-0.371266	0.525259	-7.044280
R	1.908704	-0.820279	0.040971	-0.697028	-0.553095	-0.507062	-0.832392	-0.137891	0.120627	1.415322
S	1.258549	0.531574	0.567359	1.116642	0.781209	0.862360	0.626081	1.014388	0.693812	-7.044280
T	-0.145427	1.790586	-0.761192	0.153755	0.122720	0.658181	0.591740	1.203252	0.337983	-5.236925
V	0.056382	2.167811	0.014163	-0.828343	0.332569	0.710607	0.637836	1.077253	-0.204552	-4.734425
W	-6.541780	-6.343841	-1.716353	-3.141403	-2.489691	-3.141403	-3.007191	-3.728376	-3.245538	-6.343841
Y	-2.005361	-4.563154	0.980167	-1.280515	-1.079458	-1.866030	-1.371855	-1.785322	-0.247159	0.576550
