A	1.455661	-0.403759	0.700254	0.294896	0.856083	0.497865	0.634013	0.558645	0.622671	0.437651	-6.436602
C	-4.929642	-5.225098	-3.984090	-5.826548	-4.380749	-4.292212	-4.292212	-4.129941	-3.984090	-3.984090	-7.514604
D	-4.576005	-3.984090	-1.145371	1.249899	-0.159009	0.326698	-0.010337	-0.880398	-2.157052	-2.176735	-6.436602
E	-2.118475	-2.977170	-1.387613	1.195437	0.421379	0.670271	0.513302	-0.260363	-1.126109	0.071193	-6.877175
F	-2.389909	-3.789712	1.214450	-1.320395	-0.888490	-1.194682	-1.042478	-0.468996	-0.178718	-0.037071	-3.984090
G	0.096010	-2.509604	-1.364857	0.639651	0.740162	0.740162	0.834124	0.653650	-0.335801	0.255050	-7.514604
H	-1.107101	-6.099567	-1.795786	-1.309490	-1.015644	-1.387613	-0.896627	-1.107101	-1.320395	-1.164893	-2.640135
I	-0.684529	0.737535	0.214072	-1.256169	-0.550103	-0.468996	-0.512102	0.280533	0.648067	-1.204749	-5.597067
K	2.193713	-3.673302	0.045941	0.011569	0.144400	0.354390	0.631186	0.091904	-0.691591	0.856083	4.046737
L	-0.832780	2.432464	1.659489	0.140429	0.653650	0.497865	0.634013	1.449255	1.914453	1.595661	-2.413066
M	-2.044285	-0.397972	-0.386467	-2.413066	-1.765666	-2.026318	-2.099567	-1.214888	-0.375053	-1.842179	-5.069820
N	-2.977170	-4.576005	-0.756752	-0.149254	-0.595741	-0.149254	-0.224074	-0.154123	-0.518366	-0.178718	-6.877175
P	-6.099567	-3.618440	-0.888490	1.110698	1.098469	0.582257	0.513302	0.344067	-0.698688	-0.037071	-6.099567
Q	-1.126109	-0.786684	-0.576005	-0.159009	-0.001535	-0.260363	-0.224074	0.156248	-0.589132	0.667514	-7.514604
R	2.045516	-0.794265	0.144400	-1.266677	-0.764177	-0.352493	-0.386467	-0.595741	-0.005929	0.128450	1.059043
S	1.214450	0.599716	0.054407	1.195437	0.906058	1.442820	1.289885	0.809326	0.689423	0.561617	-7.514604
T	-0.134745	1.753483	-1.750839	0.232843	0.251372	0.463311	0.251372	0.368039	0.745400	0.323199	-6.099567
V	0.120408	2.217469	-0.159009	-0.335801	0.531610	0.050180	0.171896	0.453742	1.122825	-0.092072	-6.099567
W	-6.877175	-6.436602	-1.446125	-3.618440	-2.845326	-3.465361	-3.200714	-3.012104	-2.613067	-3.084617	-5.826548
Y	-2.534782	-4.929642	1.515143	-1.750839	-0.980626	-1.721633	-1.470210	-1.287925	-1.707250	-0.270902	-0.313842
