A	1.498636	-0.822373	0.479196	0.225081	0.818171	0.825521	0.854550	0.991531	0.719057	0.670909	0.450962	-5.947069
C	-7.116994	-5.947069	-4.259013	-4.869066	-3.831591	-4.532031	-5.309639	-5.309639	-3.831591	-4.532031	-4.259013	-7.116994
D	-5.947069	-3.831591	-1.517081	1.312413	-0.372160	0.179923	0.145101	-0.168626	-1.156992	-1.998053	-3.657562	-7.116994
E	-4.029531	-3.502284	-1.517081	1.098539	0.460435	0.654496	0.516002	0.247141	-0.083571	-1.409635	0.191345	-7.116994
F	-3.657562	-4.259013	1.466089	-1.480369	-0.649388	-0.649388	-1.342207	-1.045531	-0.441037	-0.168626	-0.476749	-5.947069
G	0.372854	-3.116994	-1.100185	0.951785	0.875945	0.931493	1.128559	1.192483	1.098539	0.072831	0.788393	-5.947069
H	-0.822373	-5.947069	-1.897825	-1.444568	-1.309639	-1.409635	-1.759442	-1.593432	-1.804111	-1.246629	-1.309639	-4.259013
I	-1.072600	0.931493	0.460435	-1.444568	-0.322578	-0.532031	-0.992872	-0.777144	-0.168626	0.621099	-2.050904	-7.116994
K	2.270485	-3.234351	0.604106	0.225081	-0.213112	0.469846	0.525058	0.534058	0.022558	-1.156992	0.757988	4.209014
L	-1.517081	2.577364	1.408527	-0.154098	0.924665	0.670909	0.654496	0.321798	1.055434	1.972457	1.691970	-5.309639
M	-1.759442	-0.290445	-0.589517	-2.813213	-1.947069	-1.947069	-2.724676	-2.222176	-1.156992	-0.550940	-1.554751	-7.116994
N	-3.831591	-4.259013	-0.992872	-0.139714	-0.690729	0.035291	-0.125472	-0.154098	-0.183303	-0.942068	-0.589517	-7.116994
P	-7.116994	-3.502284	-0.711852	1.134489	0.945052	0.097325	0.586910	0.506888	0.629521	-0.690729	-0.003252	-5.947069
Q	-1.674050	-0.942068	-0.589517	-0.042852	-0.338917	-0.056298	0.121411	0.191345	-0.125472	-0.532031	0.742541	-7.116994
R	2.062293	-0.992872	0.213923	-0.799581	-0.733289	-0.669910	-0.513367	-0.338917	-0.609199	-0.550940	-0.042852	-0.154098
S	1.403625	0.145101	-0.550940	1.169564	0.910912	0.991531	0.931493	1.074066	0.917805	0.840108	0.560726	-7.116994
T	-0.355442	1.735536	-2.105766	0.072831	0.488486	0.321798	0.382852	0.551891	0.654496	0.795896	0.525058	-7.116994
V	-0.003252	2.195889	-0.389073	-0.967247	0.569507	0.145101	0.268869	0.109419	0.362787	1.226192	-0.243550	-4.869066
W	-7.116994	-5.309639	-1.100185	-3.831591	-2.813213	-4.532031	-3.234351	-2.907540	-2.813213	-2.724676	-3.831591	-7.116994
Y	-2.284104	-3.831591	1.613476	-1.309639	-1.072600	-0.845531	-1.480369	-1.850207	-1.309639	-1.998053	-0.198130	-1.480369
