A	1.568468	-0.608968	0.371536	0.011067	0.679658	0.489276	0.737918	0.865350	0.679658	0.718758	0.321611	0.577005	-5.828136
C	-5.828136	-5.828136	-5.828136	-4.658211	-4.658211	-4.020782	-4.020782	-4.658211	-3.580209	-3.580209	-3.580209	-4.020782	-5.828136
D	-5.828136	-4.658211	-1.524356	1.398276	-0.658211	0.243326	0.533807	0.269896	-0.265894	-1.198780	-2.073249	-2.740674	-5.828136
E	-4.658211	-3.243174	-1.945493	0.899784	0.160548	0.756826	0.371536	0.131865	0.598128	0.216258	-1.618683	0.042228	-5.828136
F	-3.243174	-4.658211	1.349283	-1.352403	-0.933319	-1.273548	-0.086669	-1.618683	-0.995246	-0.470584	-0.709195	-0.344321	-5.828136
G	0.188672	-2.073249	-1.618683	1.259326	0.998412	0.882670	0.699341	1.324148	1.205287	1.029845	0.072730	0.737918	-5.828136
H	-2.368705	-5.828136	-2.542734	-1.524356	-1.127697	-0.995246	-1.198780	-1.618683	-0.933319	-0.709195	-1.273548	-1.127697	-5.828136
I	-1.524356	0.793915	0.577005	-0.995246	-1.198780	-0.427257	-0.304575	-0.561350	-0.762047	-0.120777	0.812108	-1.059952	-5.828136
K	2.375212	-3.580209	0.042228	0.160548	0.466484	0.042228	0.371536	-0.228224	0.718758	-0.086669	-1.127697	0.756826	4.245001
L	-2.368705	2.558804	1.661711	-0.385193	0.533807	0.577005	0.916697	0.443327	0.160548	1.029845	2.099641	1.822915	-5.828136
M	-1.945493	-0.427257	-0.304575	-2.740674	-1.719612	-1.828136	-2.368705	-2.213427	-2.073249	-0.709195	-0.155711	-1.945493	-5.828136
N	-4.658211	-3.580209	-1.198780	-0.427257	-0.658211	0.042228	0.216258	0.011067	-0.265894	-0.265894	-0.470584	-0.658211	-5.828136
P	-5.828136	-4.658211	-1.524356	1.232559	1.298568	0.160548	-0.515254	0.011067	0.533807	0.511714	-0.304575	-0.515254	-5.828136
Q	-1.273548	-0.762047	-0.816909	-0.053349	0.216258	-0.020782	-0.470584	0.295985	-0.191512	-0.191512	-0.816909	0.699341	-5.828136
R	2.233910	-1.945493	0.966279	-1.198780	-0.873940	-0.709195	-0.933319	-0.762047	-0.344321	-1.059952	-0.816909	-0.191512	-1.059952
S	1.311415	0.555568	-0.816909	1.177488	0.998412	1.246005	0.865350	1.259326	1.149143	1.014214	0.699341	0.659704	-5.828136
T	-0.191512	1.600224	-2.073249	0.160548	0.489276	0.577005	0.346789	0.466484	0.243326	0.160548	0.882670	0.489276	-5.828136
V	-0.265894	2.286907	-0.304575	-1.059952	0.466484	0.269896	0.419791	0.659704	0.466484	0.269896	1.075745	-0.053349	-5.828136
W	-5.828136	-5.828136	-1.352403	-3.580209	-2.740674	-2.970155	-4.020782	-4.020782	-4.658211	-2.368705	-2.740674	-3.243174	-5.828136
Y	-2.740674	-4.020782	1.691500	-1.524356	-1.618683	-1.273548	-0.427257	-1.618683	-1.828136	-0.658211	-2.073249	-0.995246	-1.945493
