A	1.783921	-1.197301	0.248498	0.712902	0.898914	0.777608	0.645157	1.211504	0.499306	0.420451	0.248498	1.114643	0.248498	-4.055282
C	-4.055282	-4.055282	-4.055282	-2.885357	-4.055282	-4.055282	-2.885357	-4.055282	-2.247928	-4.055282	-4.055282	-4.055282	-4.055282	-4.055282
D	-4.055282	-4.055282	-2.885357	0.839535	-1.197301	0.499306	-0.055282	-0.055282	-0.300395	-0.300395	-0.595851	-2.885357	-2.247928	-4.055282
E	-4.055282	-4.055282	-2.247928	1.114643	-1.197301	0.154171	0.337035	-0.300395	0.053242	0.499306	-0.595851	-2.247928	0.053242	-4.055282
F	-4.055282	-4.055282	2.016180	-1.197301	-1.197301	-0.595851	-4.055282	0.053242	-1.197301	-1.807355	0.337035	-0.967820	-0.172639	-4.055282
G	-0.595851	-2.247928	-1.197301	1.257601	1.063659	1.302270	1.387661	0.499306	1.257601	1.428533	1.506960	-0.440573	0.574074	-4.055282
H	-2.247928	-2.885357	-1.807355	-0.769880	-2.247928	-1.807355	-0.967820	-1.470320	-0.440573	-0.769880	-1.470320	-1.470320	-0.967820	-4.055282
I	-2.247928	0.499306	0.499306	-1.470320	-0.440573	-1.807355	-0.440573	-1.197301	-0.769880	-0.769880	-0.055282	1.163886	-1.470320	-4.055282
K	2.168719	-2.885357	-0.595851	-0.055282	-0.440573	-0.440573	0.712902	0.154171	0.420451	0.574074	-0.769880	-2.885357	0.420451	4.207987
L	-2.247928	2.548344	1.211504	-0.595851	0.645157	0.154171	1.163886	0.337035	0.337035	-0.300395	1.010807	1.544630	1.783921	-4.055282
M	-2.247928	-0.769880	-1.807355	-2.885357	-2.247928	-1.807355	-4.055282	-1.470320	-1.807355	-1.807355	-0.595851	-0.172639	-0.967820	-4.055282
N	-2.247928	-2.247928	-1.470320	0.337035	-1.470320	-0.172639	-0.595851	0.248498	0.248498	-0.967820	-1.197301	-1.807355	-0.300395	-4.055282
P	-4.055282	-4.055282	-1.197301	1.257601	1.989112	0.499306	-0.055282	-0.172639	0.955945	0.955945	0.420451	-0.967820	0.420451	-4.055282
Q	-1.807355	-2.885357	-1.470320	-0.595851	-0.300395	-0.172639	-0.440573	0.154171	0.053242	-0.300395	-0.595851	-0.967820	-0.172639	-4.055282
R	2.655524	-4.055282	1.387661	-2.247928	-0.769880	-2.885357	-0.769880	-0.595851	-0.172639	-0.300395	-0.300395	0.154171	0.154171	-1.470320
S	0.898914	1.063659	-0.440573	1.302270	1.063659	1.211504	1.163886	1.468280	1.163886	1.428533	1.211504	1.163886	0.712902	-4.055282
T	-2.247928	1.686185	-2.247928	0.053242	0.248498	1.063659	0.712902	0.053242	-0.300395	-0.172639	0.777608	1.428533	0.574074	-4.055282
V	0.154171	2.328422	-1.470320	-1.807355	0.712902	-0.300395	-0.172639	0.053242	0.154171	0.420451	-0.055282	0.898914	-0.440573	-4.055282
W	-4.055282	-4.055282	-1.470320	-2.885357	-2.247928	-2.885357	-2.885357	-2.885357	-2.885357	-4.055282	-2.885357	-2.247928	-2.247928	-4.055282
Y	-2.247928	-2.885357	1.815082	-1.807355	-1.470320	0.248498	-1.470320	0.053242	-2.885357	-0.769880	-1.470320	-2.247928	-0.440573	-2.885357
