A	1.091874	-2.424290	0.976087	-0.616935	0.586279	-0.198870	0.559710	-5.511753
C	-5.511753	-5.511753	-5.511753	-5.511753	-3.263825	-5.511753	-5.511753	-5.511753
D	-5.511753	-5.511753	-0.445663	-0.392812	-3.263825	-3.263825	-4.341828	-5.511753
E	-5.511753	-5.511753	-2.052321	0.263034	-1.403228	-2.926790	0.088160	-5.511753
F	-2.926790	-3.704398	1.233081	-1.511753	-0.244966	-0.154201	-0.027937	-5.511753
G	-0.392812	-4.341828	0.712249	0.448249	0.955853	-0.957164	-0.500525	-5.511753
H	-1.756865	-5.511753	-0.957164	-0.678863	-1.511753	-2.226350	-1.036019	-1.629110
I	-0.068809	1.015724	-1.207972	-0.500525	-0.068809	1.451143	-1.302299	-5.511753
K	2.603291	-4.341828	-0.110873	1.548943	-1.036019	-0.882396	0.828097	4.169486
L	-0.341828	3.018654	0.011809	0.124872	0.871952	2.234762	1.451143	-5.511753
M	-2.653772	-0.110873	-1.629110	-3.263825	-1.403228	-0.557556	-0.957164	-5.511753
N	-4.341828	-5.511753	-0.198870	-0.500525	-1.511753	-1.207972	0.195606	-5.511753
P	-5.511753	-5.511753	-0.292584	1.726652	1.785164	-0.557556	0.295602	-5.511753
Q	-1.897043	-1.511753	-1.302299	0.124872	-0.154201	-1.403228	0.532641	-5.511753
R	1.988093	-3.263825	0.263034	-0.154201	-1.036019	0.687920	-0.110873	0.088160
S	0.805660	0.295602	0.263034	0.532641	1.146459	0.229714	1.015724	-5.511753
T	-0.500525	0.996042	-1.511753	-0.027937	0.663173	0.532641	0.476932	-5.511753
V	0.782868	2.075087	-1.629110	0.448249	0.828097	1.314796	-0.500525	-5.511753
W	-5.511753	-3.704398	-0.811313	-1.897043	-2.226350	-2.653772	-3.263825	-5.511753
Y	-2.926790	-1.036019	2.037069	-2.926790	-2.653772	-2.226350	-0.292584	-1.897043
