A	1.382490	0.039121	1.257951	0.444518	0.295196	0.603976	0.420817	0.481332	-6.920022
C	-5.317357	-4.933442	-2.997190	-5.408123	-4.291205	-3.614214	-4.052858	-4.089947	-10.674909
D	-2.979681	-8.089947	-0.271099	0.746235	-1.054231	-2.572934	-3.006024	-2.405783	-10.674909
E	-0.845583	-6.566385	-1.803004	1.015962	-0.233003	-1.440691	-1.252845	0.469430	-10.674909
F	-1.874010	-3.412815	0.872106	-1.213942	-0.432926	0.259703	-0.180804	-0.598428	-2.862732
G	0.247675	-2.309681	-0.257848	0.801710	0.429853	0.317498	-0.798776	0.165475	-10.674909
H	-0.562144	-9.504984	-0.665081	-1.042823	-0.239500	-1.040552	-0.875628	-0.812272	-0.280447
I	-0.525162	0.969961	-0.234300	-1.370558	-0.004475	0.652503	0.697411	-1.517563	-7.389507
K	1.811863	-5.842019	0.038047	0.672712	0.731030	-0.586784	-0.124403	0.797908	3.586304
L	-0.231707	2.420735	0.923608	-0.063193	0.550750	1.444599	2.112024	1.192369	-3.332835
M	-2.009574	-0.531526	-1.013577	-2.895190	-2.342873	-1.193615	-0.965395	-1.667181	-5.780092
N	-1.987534	-4.603447	0.306836	-0.204759	-0.452416	-0.891911	-0.980552	0.055136	-10.674909
P	-4.967550	-5.906725	-1.373413	1.151738	1.298429	0.549243	-0.386043	0.054074	-10.674909
Q	-0.616918	-0.135266	-1.018038	0.067821	-0.297970	-0.057442	-0.533122	0.676168	-6.371129
R	1.644128	-4.335059	-0.353263	-0.493757	-0.117206	-0.601772	0.163507	0.324562	1.935250
S	1.322005	0.860001	1.025747	1.132747	0.689909	0.672020	0.694006	0.897199	-10.674909
T	0.227089	1.755804	-0.630515	0.128616	0.314840	0.646878	0.569454	0.490783	-10.674909
V	0.289792	2.126496	-0.487557	-0.601772	0.726370	1.145768	1.031694	-0.040325	-4.499984
W	-6.371129	-7.816928	-1.629150	-3.155273	-2.073139	-3.236118	-3.436505	-3.981423	-7.587447
Y	-1.865945	-5.317357	1.126698	-1.842019	-1.117446	-1.198670	-1.477078	-0.510945	1.587626
