A	-5.794068 0.650040 1.422222 0.873912 0.575097 2.016746 0.661854 0.499286 0.583467
C	-8.475553 -5.425745 -3.116906 -3.224547 -9.242273 -3.858343 -9.437725 -9.521151 -3.979656
D	-4.698144 -1.346591 -0.946994 -0.244480 0.266589 1.970500 0.684097 -0.642036 1.276366
E	-0.997141 0.649632 -0.840459 0.151763 0.481415 0.176009 1.327940 1.056459 1.059632
F	1.892103 -1.136074 0.283365 0.780955 -1.852146 -1.322181 -0.758877 -1.110224 -1.930578
G	-4.331365 -1.985862 0.241428 -3.885544 -0.637123 -0.347972 -1.474893 -0.936812 -0.538354
H	-2.791090 0.288066 -0.583191 -2.374883 -0.408941 -7.548858 0.384244 -0.321636 -3.937759
I	2.067329 0.302105 0.239752 1.432639 0.052277 -0.784945 -0.120611 -0.558619 1.357518
K	0.095895 1.210875 -0.984874 -6.961696 1.466413 -3.926247 -0.489107 0.830263 -1.358188
L	1.130232 0.220672 0.003879 0.988232 0.089867 -1.073739 0.987856 0.924799 1.828453
M	-1.598064 -2.800988 -1.158784 -0.798030 -2.856060 -4.211993 -2.290025 -2.617917 -1.555630
N	-2.766169 -0.439880 -1.661721 -2.469245 -0.761272 0.409270 0.412840 -0.587997 -3.151793
P	-2.758901 -5.749247 -0.002804 -5.587023 0.381128 -0.336074 0.354870 1.163859 -3.805187
Q	-2.154223 -0.046712 0.226114 -1.063512 0.170571 -3.495397 0.648151 -0.057746 -1.062698
R	-0.065971 1.283803 -0.801219 -9.992507 0.362150 -5.005402 -0.439802 0.988639 0.435872
S	-3.038137 0.101647 1.037481 0.655892 0.391293 1.696937 -0.387498 0.199502 -0.501994
T	-3.608496 0.421374 0.684345 1.146955 0.682566 0.340954 -1.080131 -0.465683 -1.686573
V	0.512997 1.041804 0.151599 1.623698 0.704922 0.728185 0.430294 0.201011 1.459610
W	-0.313456 -2.241625 -1.538463 -1.082420 -3.817985 -7.674269 -1.939515 -3.410714 -3.373800
Y	1.942803 -0.287336 0.808943 -0.259195 -1.675618 -4.077304 -1.110224 -0.752505 -2.380913
