A	-8.828989 0.223452 1.345192 0.940979 0.479847 2.774233 -0.205786 0.830432 1.889030
C	-9.092998 -4.651110 -0.858520 -4.702757 -2.840598 -2.070954 -9.094144 -4.117447 -0.305236
D	-8.989526 -1.851855 -2.671347 -2.532663 -0.326125 -0.800706 -1.633587 -0.883486 -8.846149
E	-8.893130 0.267742 -0.305963 0.818494 -0.151901 -0.814707 -0.517218 0.225929 -2.852490
F	2.608464 -0.778086 -0.308591 -0.485737 -3.834849 -2.250921 -1.620184 -1.544115 -3.658465
G	-8.917632 -2.988713 -0.518474 -0.533881 -0.746684 1.524395 -3.134221 0.087596 0.902339
H	-6.757757 -0.383480 -1.249061 0.234536 -1.132047 -4.571545 1.248073 -0.308248 -3.627317
I	1.881015 0.610475 0.814372 -0.102732 -0.550960 -8.636638 -1.073163 -0.962441 0.990802
K	-8.668687 1.186817 0.068940 0.791041 1.611947 -8.939579 1.502402 0.895101 -2.221919
L	1.101475 1.110096 1.062412 1.838831 -0.039153 -5.149400 0.888818 1.353380 2.341553
M	-2.238313 -2.137902 -0.875534 0.753257 -2.075070 -9.103178 -2.650106 -2.088519 -2.229112
N	-8.918037 -0.855327 -1.298559 -2.000947 0.070546 0.882069 0.819922 -0.861505 -3.961314
P	-5.199136 -9.087707 -0.112593 -8.931400 1.220404 -0.645092 -0.661611 1.058857 -8.798247
Q	-8.912020 0.229625 -0.034024 0.363792 -0.004838 -3.912534 0.680323 0.126008 -2.024361
R	-8.221046 1.370934 0.083991 0.996833 0.766505 -8.641193 1.887798 0.789379 -1.576536
S	-6.935236 0.002868 0.965153 -1.193080 0.625009 2.118958 -1.203994 0.513230 0.475118
T	-8.700936 0.217921 -0.352102 -2.326106 0.449993 0.454464 -1.294512 -1.128472 -0.736192
V	0.280963 1.052096 0.472550 -0.737576 0.156340 -1.611050 -0.741652 0.404175 1.674226
W	-0.750183 -2.311965 -3.167456 -2.346790 -4.031877 -5.655926 -3.163713 -5.539399 -9.099660
Y	2.581047 -0.162522 -0.040859 -0.661479 -0.904748 -8.759829 -0.465524 -1.345301 -8.714811
