A	0.723622	1.055900	0.555912	-0.807878	0.398207	0.512585	0.138026	0.166260	0.349790	-3.220476
C	-5.182002	-4.342467	-3.547287	-4.571949	-4.342467	-3.429930	-2.954196	-3.126149	-3.547287	-5.622575
D	-4.571949	-3.970498	3.366516	3.069169	0.625353	-0.191525	-0.410339	-0.651853	-1.529063	-6.260005
E	-1.622575	0.221122	-0.826303	1.346503	0.625353	0.238955	-0.054890	0.282597	0.519897	-7.429930
F	1.304780	-1.067986	-0.556486	-2.597040	-1.230257	-1.305808	-0.511067	-0.922135	-0.012077	1.957549
G	-0.962324	-2.475733	-2.800573	0.079845	1.124659	1.334112	1.009901	-0.982847	-0.736443	-7.429930
H	-0.133014	0.265299	-2.875341	-2.029050	-0.467034	-0.511067	-0.167835	0.467916	-0.144528	-7.429930
I	0.156910	-0.121591	-0.133014	-2.310989	-0.942090	-0.467034	0.256571	0.138026	-1.590726	-0.438408
K	0.773418	-3.970498	-2.475733	-1.230257	-0.252510	0.238955	0.282597	-0.844967	0.570070	-2.875341
L	0.374201	2.134696	0.611729	-1.255004	-0.065795	0.008862	0.827458	1.185700	1.217529	2.912701
M	-1.158467	-0.982847	-0.753973	-4.144528	-2.661745	-1.867687	-1.986986	-0.863876	-2.029050	-0.355788
N	-1.331898	-4.144528	-2.418702	-1.158467	0.308163	-0.133014	0.265299	0.109229	-1.135309	-6.260005
P	-5.182002	1.157848	-2.029050	1.426496	1.346503	0.785603	0.678595	-0.619358	-3.220476	-6.260005
Q	-0.771718	-0.942090	-1.090080	-1.413121	-0.424305	0.089707	0.138026	0.413991	0.341560	-7.429930
R	0.534411	-3.675042	-2.475733	-2.475733	-0.942090	-0.191525	-0.240105	-0.556486	0.398207	-5.622575
S	0.946196	0.797686	-0.424305	0.166260	0.879547	1.055900	0.406121	0.584091	1.080834	-5.622575
T	0.357973	0.839197	-1.867687	-0.826303	0.247790	0.591050	0.324958	0.821553	1.110198	-7.429930
V	0.652219	0.723622	-0.541186	-1.469928	0.238955	0.147499	0.212122	1.157848	0.203065	0.973082
W	-3.970498	-4.144528	-2.475733	-5.622575	-3.126149	-3.815220	-3.815220	-2.800573	-3.815220	-2.363841
Y	1.129447	-0.355788	-1.230257	-3.037612	-1.413121	-1.867687	-1.135309	-0.668379	0.413991	2.181556
