A	0.728825	1.064932	-0.441100	0.228179	-0.048782	0.538722	0.487007	0.163762	-0.391856	0.636903	-4.441100
C	-5.611025	-4.441100	-5.611025	-5.611025	-5.611025	-5.611025	-3.803670	-5.611025	-3.803670	-3.363097	-5.611025
D	-5.611025	-3.803670	3.498153	1.817335	2.646363	0.706388	0.319713	-0.441100	-1.307244	-2.151593	-4.441100
E	-2.325623	-0.544936	-0.210145	1.215524	0.772679	0.433369	-0.087463	-0.210145	-0.599798	0.196330	-5.611025
F	1.262419	-2.523562	-0.599798	-1.996315	-1.502500	-2.151593	-1.401571	-0.778135	-0.910585	-0.253473	1.651070
G	-1.728382	-1.856137	-1.996315	0.612977	0.706388	1.366255	1.615387	0.772679	-1.307244	-1.056436	-5.611025
H	0.196330	0.377660	-3.026062	-1.728382	-0.981668	-0.391856	-0.087463	-0.391856	0.706388	-0.656828	-5.611025
I	0.856581	-0.441100	0.096334	-0.910585	-1.307244	-0.716207	-0.716207	0.025600	0.588648	-0.842840	-1.056436
K	0.660438	-3.803670	-2.151593	-0.981668	-0.910585	-0.210145	0.348977	0.130442	-0.716207	0.612977	-2.753044
L	0.513097	2.152188	0.563901	0.130442	-0.253473	-0.441100	-0.391856	0.973938	1.292857	1.322666	3.106652
M	-1.135291	-1.401571	-1.502500	-2.523562	-3.026062	-2.523562	-1.728382	-1.728382	-0.656828	-1.728382	0.163762
N	-1.728382	-5.611025	-1.856137	-1.218707	-0.253473	-0.298142	0.061401	0.487007	0.130442	-0.910585	-5.611025
P	-5.611025	1.528527	-3.026062	1.937797	0.683596	0.935870	0.487007	-0.168081	-1.056436	-4.441100	-4.441100
Q	-1.135291	-0.391856	-2.325623	-0.716207	-0.842840	-0.168081	0.061401	0.163762	0.876815	0.563901	-5.611025
R	0.683596	-3.803670	-2.523562	-1.856137	-3.363097	-0.842840	-0.778135	-0.298142	-0.298142	0.612977	-4.441100
S	0.856581	0.896770	-0.391856	0.750919	0.794117	1.408566	1.082462	1.215524	1.011027	0.992602	-4.441100
T	0.319713	0.706388	-2.325623	-0.344238	-0.210145	0.750919	0.377660	0.563901	0.660438	1.231326	-5.611025
V	0.612977	0.612977	-0.716207	-0.544936	-0.441100	-0.298142	0.163762	-0.011112	1.011027	0.259340	0.896770
W	-5.611025	-3.803670	-2.325623	-3.803670	-4.441100	-4.441100	-3.363097	-2.753044	-4.441100	-4.441100	-2.753044
Y	0.992602	-0.168081	-1.401571	-2.325623	-2.523562	-2.151593	-1.728382	-0.599798	-1.135291	-0.048782	2.040027
