A	0.576789	1.421138	-0.024662	0.402759	0.872244	-0.634716	0.204820	0.204820	-0.024662	-0.024662	0.402759	-2.882643
C	-2.882643	-2.882643	-2.882643	-2.882643	-1.075288	-2.882643	-2.882643	-2.882643	-1.712718	-2.882643	-2.882643	-2.882643
D	-2.882643	-2.882643	3.434770	1.593090	0.402759	2.717270	1.000000	1.000000	-0.634716	-1.712718	-2.882643	-2.882643
E	-1.075288	-1.712718	-0.634716	1.421138	0.204820	0.732067	1.000000	1.117357	0.576789	-0.024662	0.204820	-2.882643
F	1.671946	-0.634716	-0.297681	-1.075288	-1.712718	-1.075288	-1.712718	-1.712718	-1.712718	-2.882643	-0.634716	1.746714
G	-1.712718	-2.882643	-1.075288	0.576789	-0.024662	0.872244	1.746714	1.117357	1.117357	-0.024662	-1.075288	-2.882643
H	-2.882643	-0.297681	-1.712718	-1.075288	-0.297681	-2.882643	-1.712718	-1.075288	-0.297681	0.576789	-0.297681	-2.882643
I	-0.297681	-0.634716	-0.297681	-1.712718	-0.634716	-0.634716	-1.712718	-0.297681	0.402759	-0.024662	-2.882643	-1.712718
K	0.732067	-1.075288	-0.634716	0.204820	-2.882643	-0.634716	0.402759	-0.297681	-0.634716	-1.712718	0.402759	-2.882643
L	-0.297681	1.817797	-0.297681	0.402759	0.204820	-0.297681	-0.634716	-1.075288	-0.297681	0.576789	0.576789	3.018224
M	-1.075288	-1.712718	-0.634716	-1.712718	-1.712718	-1.712718	-2.882643	-1.712718	-2.882643	-0.634716	-1.712718	-1.075288
N	-1.712718	-2.882643	-2.882643	-1.075288	0.576789	-2.882643	-1.712718	0.204820	0.402759	-0.024662	-1.712718	-2.882643
P	-2.882643	0.402759	-2.882643	1.593090	0.732067	0.204820	1.326810	-0.297681	0.576789	-0.024662	-2.882643	-2.882643
Q	-1.712718	-0.634716	-2.882643	-0.297681	-0.634716	-1.712718	-0.634716	0.402759	-0.024662	-0.634716	1.000000	-2.882643
R	-1.075288	-2.882643	-1.075288	-1.712718	-1.712718	-0.634716	-0.297681	-1.075288	-1.075288	-1.712718	-0.634716	-2.882643
S	0.872244	1.225881	-1.712718	0.204820	1.421138	1.000000	0.732067	1.509674	1.593090	1.746714	1.950247	-2.882643
T	0.204820	1.000000	-1.712718	-0.634716	-0.297681	-0.297681	-0.297681	0.204820	0.402759	0.204820	1.509674	-2.882643
V	0.872244	1.671946	-1.712718	-1.075288	1.225881	-1.075288	0.204820	-0.297681	0.204820	1.671946	0.576789	-0.297681
W	-2.882643	-2.882643	-1.075288	-2.882643	-2.882643	-2.882643	-2.882643	-2.882643	-1.712718	-1.712718	-1.712718	-2.882643
Y	2.071553	-1.712718	-0.634716	-1.712718	-0.297681	-1.075288	-1.712718	-1.075288	-1.712718	-0.634716	-1.075288	2.336525
