A	0.756074	1.793549	-0.321928	-0.321928	1.093109	0.315502	-0.321928	0.756074	0.315502	1.093109	0.315502	-0.321928	-1.491853
C	-1.491853	-1.491853	-1.491853	-1.491853	-1.491853	-1.491853	-1.491853	-1.491853	-1.491853	-1.491853	-1.491853	-1.491853	-1.491853
D	-1.491853	-1.491853	3.341037	1.093109	0.315502	0.315502	2.508147	1.366128	0.756074	-1.491853	-1.491853	-1.491853	-1.491853
E	-1.491853	-1.491853	-1.491853	1.093109	1.366128	0.315502	0.315502	0.756074	0.315502	-1.491853	-0.321928	1.093109	-1.491853
F	1.595610	-0.321928	1.366128	-0.321928	-1.491853	-0.321928	-1.491853	-1.491853	-1.491853	-0.321928	-1.491853	-0.321928	1.366128
G	-0.321928	-1.491853	-1.491853	0.315502	-0.321928	-0.321928	0.315502	0.756074	0.315502	1.366128	0.315502	-1.491853	-1.491853
H	-1.491853	-1.491853	-1.491853	-0.321928	-0.321928	-1.491853	-1.491853	-1.491853	0.315502	-0.321928	0.756074	-1.491853	-1.491853
I	0.315502	-0.321928	-1.491853	0.756074	-0.321928	-1.491853	-0.321928	-1.491853	0.315502	-1.491853	-1.491853	-1.491853	-1.491853
K	-0.321928	-0.321928	-0.321928	-0.321928	-1.491853	-1.491853	0.315502	-1.491853	0.315502	0.756074	0.315502	-0.321928	-1.491853
L	-0.321928	0.756074	-1.491853	-1.491853	0.315502	1.093109	0.315502	0.315502	-0.321928	-1.491853	0.756074	1.967579	2.616671
M	-1.491853	-1.491853	-1.491853	-1.491853	-1.491853	-1.491853	-1.491853	-1.491853	-1.491853	-1.491853	-1.491853	-1.491853	-1.491853
N	-1.491853	-1.491853	-1.491853	-1.491853	-0.321928	-1.491853	-0.321928	0.315502	0.756074	-0.321928	-0.321928	-0.321928	-1.491853
P	-1.491853	-1.491853	-1.491853	1.793549	-1.491853	0.756074	0.315502	1.093109	0.756074	0.756074	-0.321928	-0.321928	-1.491853
Q	-1.491853	-1.491853	-1.491853	-0.321928	-0.321928	-0.321928	-1.491853	-0.321928	-1.491853	0.756074	-0.321928	1.366128	-1.491853
R	-1.491853	-1.491853	-1.491853	-0.321928	-1.491853	0.315502	-0.321928	-0.321928	-1.491853	-1.491853	1.093109	-0.321928	-1.491853
S	0.756074	2.122857	-1.491853	-0.321928	1.967579	0.756074	0.756074	0.756074	1.093109	0.756074	0.756074	0.315502	-1.491853
T	-1.491853	1.093109	-1.491853	-1.491853	-0.321928	1.093109	-1.491853	-0.321928	-1.491853	1.093109	1.093109	-0.321928	-1.491853
V	1.366128	-0.321928	-1.491853	0.315502	0.315502	0.756074	-1.491853	-0.321928	-0.321928	-0.321928	0.315502	-0.321928	0.315502
W	0.315502	-0.321928	-1.491853	-1.491853	-1.491853	-0.321928	-1.491853	-1.491853	-0.321928	-1.491853	-1.491853	-1.491853	-1.491853
Y	1.366128	-0.321928	-1.491853	-1.491853	-1.491853	-1.491853	-1.491853	-1.491853	-0.321928	-1.491853	-1.491853	0.315502	2.122857
