A	0.564310	2.165922	-1.607185	-0.192148	1.041190	0.595371	-0.005815	-5.472256
C	-5.031683	-4.192148	-7.279611	-6.109686	-4.192148	-3.279611	-3.664901	-7.279611
D	-2.887293	-0.140059	4.076979	0.741369	-0.205469	-2.012824	-1.181578	-7.279611
E	-2.325414	-2.213521	-0.518059	1.180845	0.625776	-0.375729	1.211240	-7.279611
F	1.216244	-0.127326	-3.279611	-1.104685	-0.962198	-2.579171	-0.732716	1.265354
G	-2.109686	-0.331243	-2.446721	0.540568	0.353385	-0.453062	-1.104685	-7.279611
H	0.005792	-3.070157	-2.579171	-0.568804	0.432916	0.249820	0.062464	-6.109686
I	0.954009	0.662904	-3.820179	-0.127326	0.073536	0.362441	-0.895906	0.483602
K	0.040062	-5.472256	-4.192148	1.074639	-0.302331	-1.679698	1.626528	-6.109686
L	0.706231	0.886553	-3.664901	0.500109	-0.832527	0.269211	0.508292	3.484017
M	-1.378744	-1.642986	-4.421630	-2.446721	-2.325414	-1.055609	-2.213521	0.200170
N	-0.053198	-2.012824	-1.836667	-0.501533	-0.603654	-0.853346	-1.208148	-7.279611
P	-5.472256	-0.551690	-1.642986	-0.017516	1.584576	-0.639366	-2.803877	-7.279611
Q	-2.160670	-0.469039	-2.725022	-0.453062	-0.621399	0.655554	0.051306	-7.279611
R	-0.568804	-7.279611	-6.109686	-0.005815	-1.155489	-0.551690	1.035539	-6.109686
S	1.107330	1.394582	-1.472256	0.441489	0.841923	1.160220	0.572138	-5.472256
T	0.307229	1.085618	-3.070157	0.415618	0.095429	1.112707	0.432916	-3.820179
V	1.165404	0.873941	-6.109686	0.587668	0.782436	1.957599	0.587668	1.191048
W	-3.524723	-4.421630	-5.472256	-4.421630	-4.694648	-3.994208	-3.820179	-3.664901
Y	1.006947	-1.181578	-3.279611	-1.756049	-1.572251	-2.325414	-0.469039	0.371441
