A	0.900050	1.575213	0.808361	-0.331701	0.249897	0.195440	0.423715	0.620756	-2.444862
C	-5.396052	-4.750336	-5.037366	-5.339021	-3.842454	-3.446367	-3.903165	-3.303125	-5.874515
D	-3.148125	-6.467606	2.816738	1.625778	-0.273767	-0.700094	-1.339021	-2.222254	-10.350249
E	-1.654150	-1.645480	0.500915	1.924712	0.350841	-0.074415	0.147603	1.203381	-8.102321
F	0.966599	-1.095220	-0.438108	-1.936621	-0.610890	-0.627868	-0.731863	-0.709100	1.163849
G	-0.930815	-1.941919	-1.748478	0.541345	0.523196	-0.003458	-2.153032	-1.012069	-9.180324
H	-0.184713	-0.479884	-1.447873	-1.199232	0.122442	-0.718162	0.663249	-0.299040	-5.083462
I	0.382979	0.146356	-0.287191	-1.482198	0.112254	0.976462	0.378735	-1.205590	0.285470
K	0.817013	-5.396052	-1.884682	-0.094925	0.794887	-0.501235	-0.899553	0.772418	-4.608782
L	0.345415	2.587493	0.341059	-0.546925	0.364855	1.067604	1.120029	0.650104	3.190666
M	-1.107075	-0.585792	-1.026068	-3.111844	-2.128661	-1.814973	-1.489938	-1.844437	-0.336926
N	-0.724996	-4.126247	-0.295644	-0.455052	-0.216464	-0.139882	-0.430640	-0.718162	-10.350249
P	-5.131080	0.864071	-0.594109	1.620397	0.429881	0.720543	0.563950	-3.344624	-9.180324
Q	-0.836521	-0.218070	-0.493434	-0.300740	-0.230983	-0.152111	0.349758	0.487182	-10.350249
R	0.442135	-2.782293	-2.801427	-1.335531	0.307963	-0.752662	-0.368681	0.405056	-6.140795
S	1.173068	0.380858	0.347588	0.618958	0.532776	0.558332	0.416487	1.215330	-7.492268
T	0.444167	0.213424	-1.009286	-0.421360	0.231187	0.618958	0.695170	0.973651	-6.046468
V	0.646578	0.635949	-1.048752	-0.944044	0.680591	1.285583	1.147104	0.354087	1.997096
W	-3.446367	-3.710004	-2.422471	-4.175323	-3.387353	-4.419511	-2.281470	-4.305854	-3.401881
Y	0.761865	-1.234555	-0.439981	-2.459984	-0.973581	-1.517359	-0.579585	-0.172206	1.148351
