A	-1.483933	0.679006	1.727215	0.424351	0.182330	0.557290	-0.234905	0.954437	0.114902	0.992505
C	-5.592457	-5.592457	-3.785102	-4.422532	-5.592457	-5.592457	-3.785102	-3.344530	-3.007495	-3.785102
D	1.135463	-3.344530	-3.344530	1.440966	0.007456	-0.759567	-0.234905	-0.279574	-2.133025	-5.592457
E	2.857723	-3.785102	-3.007495	0.915338	0.424351	-0.581230	0.079968	0.812684	0.769487	-5.592457
F	0.679006	-2.734476	1.804148	-0.759567	0.246747	-0.526368	0.582469	-0.473516	0.182330	-2.307055
G	-3.344530	-3.785102	-3.344530	0.992505	1.399065	0.531664	0.505575	-0.373289	0.702164	-3.785102
H	-0.108641	-4.422532	-3.344530	-0.759567	-0.892017	-1.200140	-0.892017	-0.422532	-0.759567	-4.422532
I	-1.592457	0.812684	1.399065	-1.288676	1.249893	0.954437	0.557290	0.424351	-0.824273	0.631545
K	-4.422532	-2.307055	-1.592457	-0.581230	-0.526368	0.246747	0.214898	-1.200140	0.367545	-5.592457
L	-1.977747	0.367545	-1.288676	-1.592457	0.557290	-0.149514	0.854626	0.149010	0.367545	2.728344
M	-0.473516	-2.734476	-1.200140	-3.785102	-3.785102	-2.504994	-1.977747	-2.307055	-2.133025	-1.483933
N	-0.526368	-3.344530	-1.483933	-0.149514	-0.473516	-0.526368	-0.030215	-0.234905	0.451937	-5.592457
P	-5.592457	-1.977747	-0.234905	1.597368	1.065754	1.218115	0.724956	-0.373289	-0.325670	-4.422532
Q	-1.200140	-3.344530	-3.007495	-0.234905	-0.824273	-0.373289	0.277908	0.079968	0.338280	-4.422532
R	-3.785102	-2.734476	-1.977747	-0.759567	-1.288676	-0.759567	-0.373289	-2.133025	0.079968	-5.592457
S	0.915338	0.396228	1.326406	1.011169	-0.422532	0.631545	0.214898	0.277908	0.631545	-3.785102
T	0.854626	2.442342	0.044168	0.044168	-0.824273	1.169094	0.367545	0.724956	0.915338	-1.592457
V	-1.709814	2.826450	1.169094	-1.288676	1.152377	0.655470	0.531664	1.621862	0.044168	3.072879
W	-3.785102	-5.592457	-2.307055	-3.007495	-3.785102	-3.007495	-3.344530	-2.504994	-4.422532	-5.592457
Y	-0.149514	-3.785102	0.396228	-1.288676	-3.007495	-0.759567	-1.288676	0.044168	0.182330	-4.422532
