A	-1.334602	0.844722	1.895348	0.132524	1.285294	0.410825	1.417139	0.132524	1.352722	0.890818	1.140178
C	-4.422065	-4.422065	-4.422065	-4.422065	-4.422065	-4.422065	-4.422065	-4.422065	-4.422065	-4.422065	-4.422065
D	1.061751	-4.422065	-1.837102	1.478802	-0.807355	0.747860	-0.118284	-0.422065	-0.962633	-0.962633	-4.422065
E	2.931082	-3.252140	-2.614710	0.890818	0.207292	0.346120	-0.212611	0.132524	0.410825	0.747860	-4.422065
F	0.410825	-4.422065	1.752861	-1.334602	-1.334602	-0.422065	-0.212611	-0.029747	-1.136663	-0.029747	-3.252140
G	-4.422065	-2.174137	-1.564084	1.417139	0.747860	1.020879	1.140178	1.319402	0.589162	0.346120	-4.422065
H	-0.422065	-4.422065	-2.614710	-1.564084	-0.807355	-1.564084	-0.667177	-0.807355	0.053669	-0.667177	-4.422065
I	-1.334602	0.844722	1.939879	-2.614710	-0.212611	-0.029747	0.132524	0.935487	0.132524	-1.837102	0.844722
K	-4.422065	-3.252140	-0.667177	-0.962633	-0.807355	0.053669	-0.539422	-0.313540	-3.252140	0.589162	-4.422065
L	-1.334602	-0.667177	-2.174137	-0.962633	0.410825	0.278375	0.747860	1.352722	-0.029747	0.410825	2.717487
M	-1.136663	-4.422065	-2.174137	-3.252140	-2.614710	-2.174137	-1.564084	-1.564084	-0.962633	-1.837102	-1.334602
N	0.132524	-3.252140	-1.837102	-0.118284	-3.252140	-0.539422	-0.962633	-0.422065	-0.212611	0.589162	-4.422065
P	-4.422065	-2.174137	-0.422065	1.566620	2.004200	1.101497	1.101497	0.053669	-0.118284	-0.313540	-4.422065
Q	-1.136663	-2.174137	-2.614710	-0.029747	-0.962633	-0.118284	-0.422065	0.053669	0.346120	0.346120	-4.422065
R	-4.422065	-4.422065	-1.334602	-1.334602	-2.174137	-1.334602	-0.962633	-2.614710	-2.174137	-0.029747	-4.422065
S	0.346120	0.132524	0.472753	0.890818	0.890818	0.644024	0.346120	-0.029747	1.140178	0.410825	-3.252140
T	1.214560	2.638631	-1.564084	0.278375	0.346120	0.589162	0.053669	0.346120	0.747860	1.020879	-2.614710
V	-2.174137	2.828234	1.250361	-0.667177	1.020879	0.532132	0.589162	0.696876	0.532132	-0.313540	3.016727
W	-3.252140	-4.422065	-1.837102	-3.252140	-4.422065	-3.252140	-4.422065	-3.252140	-2.614710	-4.422065	-4.422065
Y	-0.212611	-4.422065	0.053669	-1.136663	-2.614710	-1.564084	-2.174137	-1.334602	0.132524	-0.212611	-4.422065
