A	-2.554589	0.532874	1.837729	1.060121	0.303392	0.730813	0.303392	1.553936	-0.747234	1.328054	0.904843	0.904843
C	-2.554589	-2.554589	-2.554589	-2.554589	-2.554589	-2.554589	-2.554589	-2.554589	-2.554589	-2.554589	-2.554589	-2.554589
D	0.730813	-2.554589	-2.554589	1.654865	-0.306661	0.532874	0.904843	-0.306661	0.303392	-0.747234	-0.306661	-2.554589
E	3.186878	-2.554589	-1.384664	0.532874	-0.306661	0.303392	-0.747234	-1.384664	-1.384664	0.532874	0.030374	-2.554589
F	-0.747234	-2.554589	1.837729	-2.554589	-0.747234	-0.747234	-1.384664	-0.747234	-0.747234	0.532874	-0.747234	-2.554589
G	-2.554589	-2.554589	-1.384664	1.921145	0.904843	0.904843	1.328054	1.654865	1.060121	0.303392	1.060121	-2.554589
H	-0.747234	-2.554589	-1.384664	-1.384664	-0.306661	-0.747234	-1.384664	-1.384664	-1.384664	0.303392	-1.384664	-2.554589
I	-2.554589	-0.747234	1.921145	-1.384664	1.200299	0.532874	0.730813	-0.306661	0.532874	0.730813	-2.554589	0.532874
K	-2.554589	-2.554589	-2.554589	-2.554589	-0.747234	0.532874	0.030374	0.030374	0.532874	-0.747234	0.532874	-2.554589
L	-2.554589	-2.554589	-1.384664	-2.554589	1.200299	1.060121	1.749192	0.030374	0.904843	-2.554589	0.730813	2.511500
M	0.303392	-2.554589	-0.747234	-1.384664	-2.554589	-2.554589	-0.747234	-1.384664	-0.747234	-0.306661	-1.384664	-1.384664
N	0.030374	-2.554589	-1.384664	0.532874	-1.384664	-0.306661	-0.747234	-0.306661	-0.306661	-0.306661	0.730813	-2.554589
P	-2.554589	-2.554589	-0.306661	1.445411	1.328054	0.030374	0.030374	0.532874	0.532874	-0.747234	-0.747234	-2.554589
Q	-2.554589	-2.554589	-2.554589	-1.384664	-0.747234	-0.306661	-0.747234	-1.384664	0.030374	-0.747234	0.730813	-2.554589
R	-2.554589	-2.554589	-2.554589	-1.384664	-1.384664	-0.306661	-1.384664	-1.384664	-0.747234	-2.554589	0.303392	-2.554589
S	0.303392	0.532874	-0.306661	0.030374	0.303392	-2.554589	0.730813	0.904843	0.730813	-0.306661	-0.747234	-2.554589
T	0.904843	2.758294	-0.747234	-0.747234	0.030374	0.303392	-0.306661	0.904843	0.904843	0.904843	0.904843	-2.554589
V	-1.384664	2.846291	0.730813	-0.747234	0.303392	0.904843	-0.306661	0.303392	0.303392	1.328054	-0.306661	3.007654
W	-2.554589	-2.554589	-2.554589	-2.554589	-2.554589	-2.554589	-2.554589	-2.554589	-2.554589	-1.384664	-2.554589	-2.554589
Y	-0.747234	-2.554589	0.730813	-1.384664	-0.306661	-1.384664	-2.554589	-2.554589	-1.384664	-1.384664	-0.306661	-2.554589
