A	-1.209453	1.375509	1.648528	-1.209453	0.597902	0.597902	-1.209453	1.038474	-1.209453	-0.039528	1.038474	1.038474	-1.209453
C	-1.209453	-1.209453	-1.209453	-1.209453	-1.209453	-1.209453	-1.209453	-1.209453	-1.209453	-1.209453	-1.209453	-1.209453	-1.209453
D	-0.039528	-1.209453	-1.209453	1.375509	-0.039528	-0.039528	0.597902	1.375509	-1.209453	-1.209453	-1.209453	-1.209453	-1.209453
E	3.266280	-1.209453	-1.209453	-0.039528	-1.209453	-0.039528	0.597902	-0.039528	1.375509	-1.209453	-0.039528	-0.039528	-1.209453
F	-1.209453	-1.209453	2.405256	-1.209453	1.038474	0.597902	-1.209453	-1.209453	-1.209453	-0.039528	-0.039528	-0.039528	-1.209453
G	-1.209453	-1.209453	-1.209453	1.648528	1.038474	1.038474	1.038474	1.375509	0.597902	0.597902	1.038474	1.038474	-1.209453
H	0.597902	-1.209453	-1.209453	-0.039528	-1.209453	1.038474	-1.209453	-1.209453	-0.039528	-1.209453	0.597902	-1.209453	-1.209453
I	-1.209453	0.597902	1.878009	-0.039528	1.038474	-0.039528	0.597902	-1.209453	-1.209453	1.878009	-0.039528	-1.209453	-0.039528
K	-1.209453	-1.209453	-1.209453	-1.209453	-1.209453	-1.209453	0.597902	-0.039528	0.597902	-0.039528	-1.209453	-1.209453	-1.209453
L	-1.209453	-1.209453	-1.209453	-1.209453	-0.039528	0.597902	0.597902	-1.209453	-1.209453	0.597902	-1.209453	0.597902	1.648528
M	-1.209453	-1.209453	-1.209453	-1.209453	-1.209453	-1.209453	-0.039528	-1.209453	-1.209453	-1.209453	-1.209453	-1.209453	-1.209453
N	-0.039528	-1.209453	-1.209453	-1.209453	-0.039528	-1.209453	-0.039528	-0.039528	1.038474	-0.039528	-1.209453	-1.209453	-1.209453
P	-1.209453	-1.209453	-1.209453	1.038474	-0.039528	-0.039528	-0.039528	-0.039528	1.038474	0.597902	-1.209453	0.597902	-1.209453
Q	-1.209453	-1.209453	-1.209453	-1.209453	-0.039528	-1.209453	-1.209453	-0.039528	-0.039528	-0.039528	0.597902	1.038474	-1.209453
R	-1.209453	-1.209453	-1.209453	-0.039528	-0.039528	0.597902	0.597902	-1.209453	-0.039528	-1.209453	-0.039528	0.597902	-1.209453
S	-1.209453	-0.039528	-1.209453	1.375509	1.038474	-0.039528	0.597902	0.597902	-0.039528	-1.209453	1.038474	-0.039528	-1.209453
T	-1.209453	2.075949	-1.209453	-0.039528	-1.209453	-1.209453	-0.039528	-1.209453	0.597902	0.597902	-0.039528	-0.039528	-1.209453
V	-1.209453	2.075949	-0.039528	-1.209453	-0.039528	0.597902	-1.209453	1.038474	-0.039528	0.597902	0.597902	-0.039528	3.094327
W	-1.209453	-1.209453	-1.209453	-1.209453	-1.209453	-1.209453	-1.209453	-1.209453	-1.209453	-1.209453	-1.209453	-1.209453	-1.209453
Y	-1.209453	-1.209453	-1.209453	-1.209453	-1.209453	-1.209453	-1.209453	-1.209453	-1.209453	-1.209453	-0.039528	-0.039528	-1.209453
