A	-0.459833	1.015950	2.132464	0.249067	-0.179984	-0.245023	0.963454	0.626851	0.214927
C	-5.228017	-5.228017	-3.812979	-6.643054	-4.353548	-4.527577	-3.420662	-4.353548	-4.353548
D	0.707639	-6.005625	-0.283549	1.660726	-1.266085	-1.565052	-1.102173	-2.412100	-7.812979
E	2.219411	-7.812979	-2.694038	1.663260	-0.850083	-1.246925	0.687862	1.035643	-7.812979
F	0.963454	-4.725517	1.256470	-0.586567	0.179959	0.384237	0.077285	-0.363831	-2.412100
G	-2.546193	-3.337246	-2.289418	0.687862	-0.126479	-0.864612	-2.643054	0.069664	-6.643054
H	-0.459833	-7.812979	-1.796171	-1.285502	-0.660695	-0.835700	0.541270	-0.083359	-7.812979
I	-0.539184	0.473578	0.811816	-2.289418	1.863859	1.566399	0.584695	-2.546193	1.011979
K	-1.473129	-7.812979	-1.688858	-0.384619	-0.264158	-0.850083	-0.986431	0.557708	-5.228017
L	-0.699237	2.214235	-0.363831	-1.119493	0.856791	1.344367	0.242303	0.114798	2.936052
M	-0.909098	-1.942615	-0.539184	-3.704455	-2.858783	-1.852978	-1.882242	-2.105620	-1.473129
N	0.046555	-3.044795	-0.864612	0.046555	-0.363831	-0.117751	-0.323132	0.396474	-6.643054
P	-6.643054	0.275809	-0.648073	1.375609	0.626851	0.179959	-0.100452	-0.821458	-6.643054
Q	-0.738838	-2.105620	-1.688858	-0.374188	-0.939535	0.015157	0.346892	0.793426	-7.812979
R	-1.451036	-4.353548	-1.942615	-0.986431	0.007199	-0.539184	-0.986431	0.444408	-6.643054
S	1.085622	0.262500	1.322088	0.938565	-0.574575	0.084866	0.275809	1.108118	-4.725517
T	0.731985	1.949403	0.214927	-0.623155	-0.779556	0.702720	0.450290	0.921730	-3.112540
V	-0.807355	2.260158	0.568563	-1.688858	1.675865	1.444998	1.353811	-1.002408	3.040135
W	-2.980089	-7.812979	-2.694038	-2.801752	-3.112540	-3.112540	-1.852978	-4.725517	-7.812979
Y	0.507821	-5.228017	0.136847	-1.495567	-0.779556	-1.613307	-0.264158	-0.189098	-3.258391
