A	-3.864332 0.362033 1.375434 -0.029874 -0.747420 1.668210 1.099174 0.964155 1.018150
C	-7.774689 -7.776776 -3.292270 -7.172334 -7.778732 -7.774658 -7.778954 -7.778960 -7.778935
D	-6.879051 -2.311778 -1.353447 2.108906 1.138002 1.581303 0.019656 -0.740755 0.666366
E	-1.972110 0.055023 -1.229125 -0.693556 0.049104 -0.070109 1.419377 1.140124 -0.549413
F	2.011531 -1.227266 0.221647 0.749476 -3.702562 -2.491592 -3.465014 -0.322790 0.042008
G	-2.788175 -1.504174 -0.148993 -4.231037 -1.259945 -0.936867 -0.437963 -0.182947 0.127726
H	-2.997613 0.401478 -0.876424 -0.233848 0.112038 -3.871379 0.114228 -0.573656 -3.424734
I	2.220689 1.135364 0.859182 0.853461 -0.586172 -1.295043 -0.050183 -0.943261 0.584903
K	-6.865816 0.797124 -0.734822 -7.369741 1.092627 -0.409447 -0.884120 0.870651 -2.939429
L	1.412673 -0.381171 -1.092420 2.625233 -0.385269 -1.959744 0.618391 -0.106604 0.765567
M	-1.718588 -7.762533 -1.694060 -1.880179 -1.698380 -4.017978 -2.426914 -6.901019 -1.146435
N	-2.344984 -0.627248 -1.072240 -4.048400 -0.692683 0.210179 0.025701 -0.078378 -0.730670
P	-7.190746 -7.745355 -0.298502 -7.522544 0.940386 1.338658 0.807141 1.266421 -2.930328
Q	-1.208268 -0.263449 -0.848869 -2.589256 0.480830 -2.265178 0.401447 -0.043583 -0.377849
R	-5.869553 1.071708 -1.071627 -7.319981 -0.170556 -1.298935 -0.111069 1.181853 -0.466744
S	-1.636894 -0.072104 1.781410 -6.718726 0.903530 0.775710 0.038003 -0.354649 1.324004
T	-1.038806 0.653924 0.867811 -1.609640 1.191095 1.332301 -0.336628 -0.323173 -0.960137
V	0.524914 1.588833 0.947696 0.257986 0.366725 0.991135 0.608031 0.154692 1.681782
W	-0.556415 -1.412416 -4.037556 -0.099559 -2.258246 -7.762207 -2.905462 -7.733731 -3.179617
Y	2.051296 0.222913 0.148046 -0.894837 -2.043099 -3.297929 -0.904667 -1.675139 0.188054
