A	1.580473	-4.712058	0.874270	0.236840	0.723328	0.533279	0.182760	0.480459	1.337296	1.083539
C	-8.171490	-5.923562	-5.084027	-5.313509	-5.923562	-4.712058	-5.084027	-6.364135	-3.695756	-4.886087
D	-5.586527	-2.813938	-1.138067	1.258440	0.387888	-0.764222	-0.458963	-0.671644	-1.624595	-8.171490
E	-2.571577	4.258571	0.109281	1.921598	0.742148	0.480459	0.329352	1.175024	1.175024	-7.001565
F	-1.138067	-5.923562	0.669288	-1.138067	-0.538494	-1.019205	-0.221663	-1.377074	-1.766348	0.604943
G	1.266262	-5.313509	-0.681642	0.349129	0.745883	0.877678	0.387888	-1.165865	-0.957170	-7.001565
H	-0.375450	-6.364135	-0.957170	-1.313509	-1.393412	-0.851817	-0.874573	-0.273644	-1.194210	-5.313509
I	-1.586527	-4.556780	1.312326	-0.818343	0.126573	0.354031	0.850184	0.288966	-0.594061	-0.049956
K	1.899973	-4.886087	0.600825	0.329352	0.273525	0.571662	0.669288	-0.102711	0.584233	-5.313509
L	-0.829415	-2.770610	1.229390	0.420967	0.696561	1.247944	1.083539	0.696561	0.406883	3.596385
M	-2.240752	-5.586527	-0.319741	-2.182805	-1.787785	-1.703884	-1.393412	-1.703884	-2.211488	0.115068
N	-3.403305	-5.313509	-0.556780	-0.281225	0.091780	-0.311955	0.182760	0.354031	-1.460683	-7.001565
P	-7.001565	-3.867709	-1.460683	-0.076093	0.779066	0.334322	0.056126	0.007175	-1.971817	-2.430023
Q	-0.476261	-3.052549	-0.351311	0.588399	-0.043495	0.231522	0.109281	0.953924	0.588399	-7.001565
R	1.960689	-5.923562	-0.632331	-0.288847	-0.441869	0.103471	-0.030660	-0.143584	0.050098	-4.886087
S	0.793573	-4.288847	-0.433397	0.411593	0.629410	0.226185	-0.037063	0.126573	1.232055	-4.886087
T	-0.343353	-6.364135	-0.642059	-0.547608	-0.281225	0.031858	-0.143584	0.294077	1.062729	-1.745225
V	-1.298045	-4.416602	0.745883	-0.774885	0.231522	0.334322	0.592553	0.931142	0.944204	0.546187
W	-3.052549	-7.001565	-1.443569	-3.001565	-3.160262	-3.867709	-2.904703	-2.858607	-5.313509	-5.313509
Y	-0.774885	-5.923562	-0.266103	-1.809546	-1.996564	-1.460683	-1.019205	-1.057747	-1.644013	-4.062965
