A	1.691031	-4.291766	1.010124	0.192328	1.022680	0.536753	0.814594	0.571352	0.437093	1.290084	1.125213
C	-5.979822	-7.149747	-7.149747	-4.901820	-7.149747	-5.979822	-5.342392	-3.690316	-4.564785	-5.342392	-4.291766
D	-5.979822	-3.864345	-0.602853	1.231796	0.158592	0.483248	0.015160	-0.323199	-0.925745	-1.882961	-7.149747
E	-3.394860	4.077418	-0.723482	2.344108	1.010124	0.905535	0.912299	0.474134	0.836095	0.770606	-5.979822
F	-1.279382	-5.979822	1.035128	-1.132939	-0.682142	-1.408280	-1.342392	-0.925745	-0.832335	-1.706804	0.654384
G	1.325986	-3.864345	-1.219010	0.455732	0.319895	0.807355	1.047470	0.621742	-1.513122	-1.132939	-5.979822
H	-0.766043	-5.342392	-1.248880	-2.138520	-1.161062	-1.161062	-0.925745	-1.408280	0.100551	-1.792195	-7.149747
I	-1.105353	-1.706804	1.131024	-0.787803	-0.245865	-0.172467	-0.404913	0.740517	0.330033	-0.276303	-0.291766
K	1.601797	-4.901820	0.076665	-0.339175	-0.201380	0.350099	0.662430	0.621742	-0.438941	0.399075	-4.901820
L	-1.161062	0.562780	1.284881	0.579874	0.836095	0.850253	0.554156	0.932402	0.978247	0.562780	3.666837
M	-1.836864	-1.979822	-0.089051	-1.979822	-1.513122	-2.138520	-1.882961	-1.836864	-1.132939	-1.930579	0.158592
N	-3.394860	-5.979822	-0.583693	-0.855126	-0.291766	-0.323199	-0.144123	-0.158225	-0.230884	-1.836864	-5.979822
P	-5.979822	-3.690316	-1.513122	0.135655	0.905535	0.571352	0.309684	0.147169	-0.661907	-2.757430	-3.864345
Q	-0.583693	-2.083658	-0.144123	0.181170	-0.010196	0.225292	-0.130156	0.596767	1.059706	0.418209	-5.979822
R	2.151749	-4.901820	-0.622270	-1.279382	-1.161062	-0.158225	-0.602853	-0.116324	0.446443	-0.010196	-5.979822
S	0.670432	-4.564785	-0.023043	0.369889	0.898740	0.814594	0.709788	0.340101	0.076665	1.365953	-5.342392
T	-0.546121	-4.564785	-0.925745	-0.371670	0.064572	0.236115	0.278613	-0.261004	0.399075	1.295268	-2.757430
V	-0.682142	-1.748868	0.579874	-0.546121	0.124048	-0.116324	0.289045	0.646292	0.891912	1.325986	0.135655
W	-3.041223	-7.149747	-1.310543	-3.394860	-3.394860	-4.564785	-3.535037	-3.690316	-2.940294	-5.342392	-5.342392
Y	-0.583693	-4.062284	0.278613	-2.449307	-1.189745	-2.030806	-1.374960	-2.138520	-0.744606	-1.748868	-3.864345
