A	1.836137	-2.643856	1.038954	0.421099	0.744841	0.708129	0.551160	1.096901	0.174305	0.592032	1.307889	0.327385
C	-4.891784	-4.891784	-3.721859	-4.891784	-4.891784	-3.084429	-4.891784	-4.891784	-4.891784	-3.721859	-3.084429	-4.891784
D	-4.891784	-4.891784	-2.033803	1.836137	0.174305	0.670459	1.096901	0.174305	0.003034	-1.432352	-4.891784	-4.891784
E	-3.084429	4.197667	-1.432352	1.534481	1.038954	1.125025	0.670459	0.708129	0.174305	0.631778	0.551160	-4.891784
F	-1.804321	-3.721859	1.693179	-0.783259	-0.499466	-1.277074	-2.643856	-3.084429	-1.009141	-0.588003	-1.432352	0.915571
G	1.356144	-4.891784	-1.804321	0.421099	0.708129	1.307889	1.356144	1.693179	0.780642	-1.277074	-1.606381	-4.891784
H	-1.009141	-4.891784	-1.804321	-2.306821	-1.804321	-1.432352	-0.783259	-1.804321	-0.891784	-0.058894	-2.306821	-4.891784
I	-1.606381	-3.721859	1.425629	-1.136896	0.465768	-0.499466	-0.416050	-0.191344	0.631778	0.592032	0.062413	-1.277074
K	1.730268	-4.891784	0.375003	-0.262427	-1.432352	0.174305	0.551160	0.375003	0.592032	-0.499466	-0.191344	-3.721859
L	-1.432352	-1.009141	1.096901	0.631778	1.257963	0.465768	0.375003	0.465768	0.592032	0.978581	0.509096	3.795592
M	-3.084429	-3.084429	-0.123599	-2.306821	-1.136896	-1.804321	-3.084429	-1.606381	-1.804321	-1.136896	-1.804321	0.062413
N	-3.721859	-4.891784	-1.804321	-0.123599	-0.588003	0.062413	0.003034	-0.682330	-0.191344	-0.058894	-1.277074	-4.891784
P	-4.891784	-3.721859	-1.277074	-0.262427	1.068218	0.119444	0.375003	0.509096	0.947420	-0.783259	-2.643856	-4.891784
Q	-1.432352	-3.721859	-0.682330	0.327385	-0.891784	-0.123599	0.119444	0.062413	0.003034	0.815575	0.003034	-4.891784
R	2.358515	-4.891784	-0.191344	-0.682330	-1.136896	-0.499466	-1.432352	-1.009141	0.119444	-0.123599	-0.416050	-4.891784
S	0.509096	-3.721859	-1.432352	0.375003	0.708129	0.708129	1.125025	0.744841	0.509096	0.003034	1.555300	-4.891784
T	-1.277074	-3.084429	-1.804321	-0.337195	-0.123599	0.003034	-0.058894	-0.123599	0.119444	0.631778	1.125025	-2.306821
V	-0.783259	-3.721859	0.915571	0.003034	0.227157	-0.337195	-0.416050	-0.123599	0.465768	1.096901	1.801703	-0.337195
W	-3.084429	-4.891784	-1.009141	-3.084429	-2.306821	-3.084429	-4.891784	-2.643856	-4.891784	-1.606381	-3.721859	-4.891784
Y	-0.682330	-4.891784	0.227157	-2.643856	-2.306821	-1.277074	-2.643856	-1.804321	-1.804321	-0.783259	-1.432352	-3.721859
