A	1.097297	-3.011227	0.988773	-1.203872	0.603483	0.988773	-0.153246	-0.426265	0.743660	-0.763300	0.076236	0.988773	-0.763300
C	-3.011227	-3.011227	-3.011227	-1.841302	-3.011227	-1.841302	-3.011227	-3.011227	-3.011227	-3.011227	-3.011227	-3.011227	-3.011227
D	-3.011227	-3.011227	-3.011227	2.207941	-0.153246	-0.426265	0.076236	0.274175	0.076236	-0.426265	-1.841302	-1.841302	-3.011227
E	-3.011227	4.062914	-1.841302	1.543362	-0.153246	0.988773	0.274175	0.274175	1.292553	-0.153246	0.603483	0.603483	-3.011227
F	-1.203872	-3.011227	0.871416	-1.203872	-0.426265	-0.153246	0.076236	-3.011227	-1.203872	-3.011227	-1.841302	-1.203872	0.076236
G	1.464506	-3.011227	-1.841302	1.198226	0.988773	0.274175	0.603483	1.543362	1.292553	0.988773	-0.153246	-0.426265	-3.011227
H	-0.763300	-3.011227	-0.153246	-1.203872	-1.841302	-1.841302	-1.203872	-3.011227	-1.203872	-1.203872	-1.203872	-3.011227	-3.011227
I	-0.763300	-1.841302	1.942969	-1.841302	0.076236	-0.426265	-0.763300	-0.763300	-1.203872	0.603483	-0.763300	-1.841302	-3.011227
K	2.000000	-1.841302	0.743660	-1.841302	-0.763300	0.743660	0.988773	0.448204	1.097297	0.988773	-3.011227	-1.203872	-3.011227
L	-1.203872	-1.841302	1.464506	-0.153246	1.464506	1.097297	0.448204	-0.426265	-0.426265	0.871416	1.292553	-0.426265	3.907636
M	-3.011227	-1.841302	-0.426265	-3.011227	-0.763300	-1.841302	-3.011227	-1.841302	-3.011227	-3.011227	0.274175	-1.841302	0.076236
N	-3.011227	-3.011227	-3.011227	-0.153246	-1.203872	-0.763300	0.448204	0.076236	-0.426265	0.274175	0.448204	-1.841302	-3.011227
P	-3.011227	-1.841302	-1.841302	0.603483	1.543362	0.871416	0.076236	1.292553	0.603483	0.448204	0.448204	-1.841302	-3.011227
Q	-1.203872	-3.011227	-1.203872	0.274175	-0.426265	-0.153246	0.448204	0.871416	0.871416	0.743660	1.464506	0.274175	-3.011227
R	2.255559	-3.011227	0.274175	-0.763300	-0.763300	-0.426265	-1.203872	-0.426265	-0.153246	-0.426265	-0.153246	-0.763300	-3.011227
S	0.603483	-1.841302	-1.203872	-0.153246	-0.426265	0.743660	1.464506	1.097297	0.603483	0.603483	0.274175	1.689212	-3.011227
T	-1.203872	-3.011227	-1.203872	-0.763300	0.076236	0.076236	0.743660	0.448204	-0.763300	-0.153246	0.603483	1.942969	-3.011227
V	-1.203872	-3.011227	-0.426265	-0.153246	0.743660	-0.763300	-0.763300	-0.763300	-1.203872	0.743660	0.603483	1.689212	-1.203872
W	-3.011227	-3.011227	-0.763300	-1.841302	-3.011227	-3.011227	-3.011227	-3.011227	-3.011227	-1.841302	-3.011227	-3.011227	-3.011227
Y	-0.763300	-3.011227	0.274175	-3.011227	-1.841302	-1.841302	-1.841302	-1.841302	-1.841302	-1.841302	-1.841302	-1.841302	-3.011227
