A	1.584963	-1.700440	0.547488	-0.530515	1.387023	0.547488	0.106915	0.884523	0.106915	0.884523	0.547488	0.106915	1.584963	-1.700440
C	-1.700440	-1.700440	-1.700440	-1.700440	-1.700440	-1.700440	-1.700440	-1.700440	-1.700440	-1.700440	-1.700440	-1.700440	-1.700440	-1.700440
D	-1.700440	-1.700440	-1.700440	1.914270	-1.700440	-0.530515	0.547488	-0.530515	0.547488	0.106915	0.884523	0.106915	-1.700440	-1.700440
E	-1.700440	3.823122	-1.700440	1.157541	-0.530515	0.106915	-1.700440	0.547488	1.157541	1.157541	-1.700440	-0.530515	-0.530515	-1.700440
F	-1.700440	-1.700440	2.054448	-1.700440	-1.700440	-0.530515	-1.700440	-0.530515	-1.700440	-1.700440	-1.700440	0.106915	-0.530515	-1.700440
G	1.584963	-1.700440	-1.700440	0.547488	0.547488	1.387023	1.584963	0.884523	0.106915	1.387023	0.884523	0.547488	-1.700440	-1.700440
H	0.106915	-1.700440	-1.700440	-1.700440	-0.530515	-1.700440	-1.700440	-1.700440	-0.530515	-1.700440	-0.530515	-1.700440	-1.700440	-1.700440
I	-1.700440	-1.700440	0.106915	-1.700440	0.547488	0.884523	0.547488	-1.700440	-1.700440	-0.530515	0.106915	-0.530515	-1.700440	-1.700440
K	1.387023	-1.700440	-1.700440	-0.530515	0.106915	0.106915	0.106915	0.547488	0.547488	0.547488	0.884523	-0.530515	-1.700440	-1.700440
L	-1.700440	-1.700440	1.584963	0.106915	0.547488	-1.700440	0.884523	0.106915	-0.530515	-1.700440	-0.530515	0.884523	0.106915	3.823122
M	-1.700440	-1.700440	0.547488	-1.700440	-0.530515	-0.530515	-0.530515	-1.700440	-1.700440	-1.700440	0.106915	-1.700440	-1.700440	-1.700440
N	-1.700440	-1.700440	-1.700440	0.106915	-0.530515	-1.700440	0.547488	0.547488	0.884523	-0.530515	0.547488	0.547488	-1.700440	-1.700440
P	-1.700440	-1.700440	-1.700440	0.547488	1.584963	-0.530515	-0.530515	-0.530515	1.758992	-0.530515	-1.700440	-0.530515	-0.530515	-1.700440
Q	-0.530515	-1.700440	-0.530515	0.547488	-0.530515	0.547488	-0.530515	0.547488	-0.530515	0.547488	0.547488	0.106915	1.157541	-1.700440
R	2.054448	-1.700440	-1.700440	0.884523	-0.530515	0.106915	0.106915	-1.700440	-0.530515	-1.700440	-1.700440	0.106915	-1.700440	-1.700440
S	0.106915	-1.700440	-0.530515	-1.700440	0.547488	0.547488	1.157541	0.884523	0.884523	0.884523	0.547488	0.106915	1.157541	-1.700440
T	-0.530515	-1.700440	-1.700440	-0.530515	-1.700440	1.157541	-0.530515	0.884523	-1.700440	0.106915	0.884523	0.106915	1.157541	-1.700440
V	-1.700440	-1.700440	0.547488	-0.530515	0.106915	0.106915	-0.530515	0.547488	-0.530515	0.106915	0.106915	1.157541	1.584963	-1.700440
W	-1.700440	-1.700440	0.106915	-1.700440	-1.700440	-1.700440	-1.700440	-1.700440	-1.700440	-0.530515	-1.700440	-0.530515	-1.700440	-1.700440
Y	-1.700440	-1.700440	0.884523	-0.530515	-0.530515	-1.700440	-1.700440	-1.700440	-1.700440	-0.530515	-1.700440	0.106915	0.106915	-1.700440
