A	1.493466	-6.035450	0.408366	0.447092	1.114831	-0.043779	1.029505	-0.696538
C	-6.035450	-8.283378	-7.113453	-5.425397	-4.668668	-6.476023	-4.823946	-6.035450
D	-3.515193	2.158529	-2.035450	-1.182715	-1.965965	-1.555457	-1.661326	-8.283378
E	-1.661326	3.913071	-1.335011	1.074174	-0.975039	0.497162	1.141313	-6.476023
F	-0.897515	-8.283378	1.026667	-1.156673	-1.009582	-0.463199	-2.610952	-0.408396
G	0.997973	-8.283378	-1.182715	-0.623382	0.488937	-3.217289	-0.855018	-8.283378
H	0.146029	-6.035450	-0.348213	-1.589891	-0.744219	0.782711	-1.505301	-6.035450
I	-0.400735	-6.476023	1.527997	0.645141	1.328108	-0.228095	-0.241719	0.509413
K	1.451755	-7.113453	0.377509	1.032338	-0.562279	0.611440	1.164739	-5.698415
L	-0.002607	-7.113453	1.227881	1.434727	1.082398	-0.014251	0.615224	3.696673
M	-1.277753	-6.476023	-0.562279	-2.266570	-1.156673	-2.294693	-1.364515	0.092748
N	-1.589891	-7.113453	-1.236254	-1.717324	-2.059376	-0.283378	-1.379496	-8.283378
P	-6.035450	-8.283378	-2.759816	0.792770	-0.570851	1.096001	-2.541911	-4.668668
Q	-0.677898	-1.661326	-0.614493	0.135529	0.031772	0.645141	0.336842	-5.698415
R	1.112156	-5.195915	-0.439457	0.020403	-0.753947	0.442840	-0.014251	-6.476023
S	1.125483	-6.476023	-0.897515	-0.248579	0.553462	0.043052	0.819254	-5.425397
T	-0.055762	-8.283378	0.081851	-0.025990	0.501257	0.345979	0.926685	-2.925826
V	-0.014251	-6.035450	1.364530	0.809379	1.692828	1.009519	1.449638	1.511850
W	-3.272151	-8.283378	-1.425397	-4.668668	-5.195915	-1.857113	-6.476023	-5.698415
Y	-0.234891	-7.113453	0.076372	-1.505301	-3.217289	-0.588149	-3.217289	-7.113453
