A	1.425834	-4.871989	0.763793	0.211521	0.194935	0.380933	0.244134	1.252333	1.265896
C	-7.635289	-9.883216	-5.673763	-6.128329	-5.182776	-6.000573	-4.713291	-4.141749	-3.785184
D	-3.040866	0.137069	-0.466419	0.627054	-0.260249	-1.050326	-1.026791	-1.422760	-9.883216
E	-1.200221	4.073047	-0.374431	1.497245	0.478728	0.176466	0.825437	0.942339	-6.597814
F	-0.713291	-9.883216	0.654002	-0.757803	-0.235308	-0.320974	-0.453286	-1.729664	0.389705
G	1.033783	-8.713291	-0.658009	0.421420	0.508565	-0.154445	-2.268506	-0.607673	-6.000573
H	-0.354762	-7.635289	-0.359654	-1.490899	-0.533935	-0.783868	-0.053890	-1.144279	-4.817127
I	-0.744944	-8.713291	0.803722	-0.150201	0.293269	0.777226	0.456634	-0.427375	0.682838
K	1.504667	-6.423784	0.805908	0.256975	0.625817	0.305682	0.017651	0.708774	-5.774692
L	-0.201978	-4.210791	0.858462	0.656427	0.742265	0.998854	1.030047	0.288586	3.272156
M	-1.438201	-5.579435	-0.703929	-1.897374	-1.841557	-1.422760	-1.387361	-1.655600	-0.012851
N	-1.643618	-6.795753	-0.141749	-0.576015	-0.302015	-0.637069	-0.359654	-0.999809	-7.298254
P	-4.713291	-5.883216	-1.848417	1.070617	0.604624	0.674487	0.755899	-1.459050	-0.550620
Q	-0.165111	0.878335	0.085811	0.282319	0.112551	0.584390	0.448261	0.532526	-5.883216
R	1.306609	-4.570333	-0.325752	-0.474356	0.171388	-0.106372	0.047521	0.087609	-7.635289
S	1.157930	-8.075861	0.011981	0.317989	0.357277	0.346804	-0.257964	1.248319	-4.141749
T	0.126613	-8.075861	0.027052	-0.330547	0.006288	0.283888	0.218103	0.840445	-1.637663
V	-0.354762	-5.673763	0.590743	0.089405	0.594542	0.921318	0.975736	1.066975	1.414417
W	-2.934849	-9.883216	-1.698341	-3.105139	-3.040866	-3.478075	-1.992952	-6.000573	-4.283303
Y	-0.556225	-8.713291	-0.007083	-1.717053	-1.119174	-1.608256	-0.471705	-1.787819	-3.866408
