A	-0.833562 0.794490 1.089010 0.364344 1.353222 1.421307 1.352668 1.263082 0.937147
C	-8.393777 -4.919258 -4.137259 -4.045091 -4.019886 -8.315341 -2.791518 -5.642313 -3.684750
D	-4.480544 -1.331365 -0.963622 0.568439 -0.440189 -6.878026 -1.716415 0.081642 -0.144511
E	-3.075063 0.889140 -0.444227 2.417056 0.806063 -1.155084 1.410395 0.812237 -0.055765
F	0.727176 -0.038077 0.407718 -4.161256 -1.395564 2.257813 -3.239536 -3.005958 -0.143424
G	-3.579518 -1.495280 0.322964 -1.756848 -0.997688 -3.021179 -0.548624 -0.463684 -0.337970
H	-2.258411 -1.145146 -1.112755 -0.751057 -0.553888 -3.628848 -1.703370 -0.287691 -0.623799
I	0.520858 0.841770 0.411374 0.090558 -0.066563 0.670177 -0.796180 -1.514161 0.351300
K	2.104451 0.809627 -2.212608 -1.178319 0.459574 -1.080521 0.901660 1.771860 0.207708
L	0.641270 1.000548 1.079661 -0.672754 1.067597 1.831042 2.028237 -0.699091 0.996099
M	-2.221448 -1.223529 -1.375422 -2.349883 -1.625623 -0.516978 -3.407281 -2.742646 -1.582166
N	-3.051110 -1.347208 -1.144540 -0.927776 -0.137857 -7.790426 0.311984 0.005719 0.018378
P	-3.097041 -2.777219 -1.592075 -1.172363 -0.308248 -2.486276 -0.935360 -0.693430 -0.495231
Q	-1.774853 0.020470 -0.605736 0.019913 0.189320 -3.259536 0.190539 -0.180384 -0.645286
R	2.784789 -0.211117 -1.036094 -4.331888 -0.486534 -6.882527 0.174289 1.037607 -0.278062
S	-2.786345 0.027454 0.622537 1.169758 0.820110 -2.553970 -0.411664 0.691577 0.713888
T	-3.934257 0.268722 -0.051459 1.355298 0.634445 -0.776849 -1.444286 0.010448 0.062089
V	0.120222 1.071502 1.087802 0.555608 0.268422 0.734714 0.532923 0.028170 1.025837
W	-1.892821 -2.639729 -0.759322 -4.031126 -4.832550 -0.880142 -8.382602 -8.433218 -3.163400
Y	-0.273249 0.406093 1.222767 -2.472095 -1.126549 1.199299 -5.486179 -1.458220 0.025482
