A	-6.175208 0.188165 1.184420 0.830703 0.501864 -0.664114 0.994490 0.618064 1.699791
C	-11.633460 -5.215071 -2.084266 -2.200621 -3.847973 -8.577948 -5.151183 -4.265167 -2.565245
D	-11.655063 -1.089949 -1.778185 -1.576252 -0.247779 -2.431085 -1.239110 -1.619749 -0.454894
E	-7.380437 0.814647 0.241079 0.118804 0.180515 -1.685607 0.209603 0.390859 -0.070579
F	2.519874 -0.767565 -0.473919 -0.762304 -1.256177 -6.737923 -0.819506 -1.253883 -3.079563
G	-8.649824 -1.638735 -0.509368 -3.355817 0.206053 -2.536848 0.578052 0.058826 1.790580
H	-6.919615 -0.572450 -1.096406 -3.417227 -0.756204 -0.714932 -0.471417 -0.325196 -0.931948
I	1.663645 0.467943 0.952335 1.405992 -0.510161 -3.511342 0.286607 -0.088973 -1.106554
K	-10.999744 1.043233 0.004520 -0.672230 1.363418 2.814378 0.469576 0.913085 -1.446950
L	1.617769 0.892525 0.957136 2.382750 -0.249949 -4.925251 1.626860 1.233410 -0.826468
M	-1.222417 -2.479773 -0.946688 0.359957 -1.900815 -7.214419 -1.457387 -1.699045 -2.484728
N	-11.139592 -0.625253 -0.761560 -0.625302 -0.122611 -0.623625 -0.153264 -0.757667 -0.424138
P	-7.168688 -11.609045 0.268305 -6.578720 0.403534 -1.260339 0.023025 0.636818 -1.227233
Q	-7.773338 0.217082 -0.317193 -0.903884 0.077136 -1.488973 -0.194301 0.266145 1.419161
R	-10.821305 1.200755 0.137202 -2.483310 0.796324 2.909915 0.614297 0.827234 -1.556470
S	-11.695966 0.071694 0.476684 -0.200793 0.664312 -0.509475 -0.172041 0.035931 1.711063
T	-5.229482 0.225739 -0.334695 -0.052982 0.326167 -0.161060 -0.609253 -0.125582 -0.353111
V	0.386833 1.320150 0.776207 1.373598 0.466864 -1.393395 0.118705 0.364924 -0.370404
W	-0.023167 -2.814859 -2.662230 -3.268708 -2.632464 -11.866966 -3.099502 -3.626262 -6.418322
Y	2.388515 -0.797167 -0.032586 -3.003534 -0.795143 -9.571138 -1.011349 -0.734208 -2.350626
