A	2.214524	-1.503464	1.261106	0.599346	0.844459	0.349987	1.940986	1.504710	1.186851	-4.962896
C	-4.962896	-4.962896	-3.792971	-3.155541	-4.962896	-4.962896	-3.792971	-2.714968	-2.714968	-4.962896
D	-3.792971	-4.962896	-0.333539	1.261106	-0.130006	-1.503464	-1.677494	-1.677494	-0.962896	-4.962896
E	-4.962896	-3.792971	0.207029	1.376954	0.156045	0.437983	-0.659115	-0.333539	0.673729	-4.962896
F	-4.962896	-4.962896	-0.408307	-2.714968	-0.962896	-3.155541	-1.348186	-1.208009	-1.677494	-3.155541
G	0.673729	-2.104915	-0.130006	0.637017	1.285032	0.709529	0.907469	-1.348186	0.844459	-4.962896
H	-1.677494	-4.962896	-2.714968	-2.714968	-1.080253	-1.208009	-2.104915	-0.962896	-1.677494	-4.962896
I	-0.130006	1.354517	-0.333539	-1.348186	0.207029	0.876308	0.303891	0.997106	-2.377934	-4.962896
K	1.583998	-3.155541	-1.348186	0.394656	-0.262456	-0.854372	-0.570579	-0.487163	0.103193	4.203895
L	-1.677494	2.000000	-0.262456	-1.348186	0.207029	-0.570579	0.437983	-0.487163	0.844459	-3.792971
M	-2.377934	-0.262456	-0.194712	-3.155541	-0.962896	-2.104915	-1.208009	-0.854372	-1.503464	-3.792971
N	-3.792971	-4.962896	1.331725	0.256273	0.103193	-0.262456	-0.130006	-0.262456	0.349987	-4.962896
P	-4.962896	-3.792971	-1.208009	0.480047	1.261106	1.285032	0.709529	-0.408307	0.303891	-4.962896
Q	-0.068078	-2.714968	2.111245	0.103193	-0.333539	0.437983	-0.008700	-0.262456	0.673729	-4.962896
R	1.081498	-3.792971	-1.875433	-1.080253	-2.377934	-1.875433	-2.714968	-2.104915	-1.348186	-0.570579
S	1.331725	0.156045	0.437983	1.308567	0.599346	0.811891	0.480047	1.081498	0.997106	-4.962896
T	-0.333539	1.940986	-1.348186	0.480047	-0.008700	0.997106	0.560666	0.967841	0.709529	-4.962896
V	1.161225	2.670099	-1.208009	-0.333539	0.778571	1.420808	0.997106	1.781938	0.103193	-4.962896
W	-4.962896	-4.962896	-3.792971	-4.962896	-4.962896	-4.962896	-4.962896	-3.155541	-4.962896	-4.962896
Y	-3.155541	-4.962896	0.103193	-1.080253	-1.503464	-2.714968	-1.503464	-1.677494	-1.348186	-2.377934
