A	2.296882	-0.288080	1.240020	0.722336	1.563397	1.203308	1.087211	1.240020	1.473760	0.722336	-4.396605
C	-3.226680	-3.226680	-3.226680	-4.396605	-4.396605	-2.589250	-3.226680	-3.226680	-3.226680	-4.396605	-4.396605
D	-3.226680	-4.396605	-0.513962	1.275821	-0.396605	0.232752	0.157984	-0.092824	-1.811642	-1.811642	-4.396605
E	-4.396605	-4.396605	-0.396605	1.240020	0.722336	0.498213	0.722336	0.371580	-1.111203	0.722336	-4.396605
F	-3.226680	-4.396605	0.436285	-3.226680	-2.589250	-3.226680	-2.589250	-1.309142	-1.111203	-1.111203	-4.396605
G	0.436285	-3.226680	-1.538624	1.046339	0.822564	0.916278	1.087211	0.960947	-1.811642	0.157984	-4.396605
H	-1.811642	-4.396605	-2.589250	-2.148677	-1.811642	-3.226680	-1.309142	-2.589250	-1.111203	-2.589250	-4.396605
I	-0.004287	0.960947	-0.288080	-1.538624	-0.641717	-0.396605	-0.288080	0.614622	1.165638	-0.937173	-4.396605
K	1.087211	-4.396605	-2.148677	-0.288080	-0.396605	-1.538624	0.232752	-0.396605	-1.111203	-0.187151	4.195852
L	-1.538624	1.674858	0.157984	-1.811642	-1.111203	-0.288080	-0.396605	1.087211	0.669484	1.240020	-3.226680
M	-1.811642	-0.781895	0.722336	-3.226680	-2.589250	-2.148677	-3.226680	-0.937173	0.436285	-1.309142	-4.396605
N	-4.396605	-4.396605	0.614622	-0.513962	-0.288080	0.157984	0.303835	0.371580	-0.288080	0.232752	-4.396605
P	-4.396605	-4.396605	-3.226680	1.203308	0.960947	0.669484	-0.781895	-1.309142	-0.641717	-1.309142	-4.396605
Q	-0.513962	-1.538624	2.243640	-0.092824	-0.092824	-0.092824	-0.092824	0.303835	0.079129	1.310754	-4.396605
R	1.165638	-4.396605	-3.226680	-2.589250	-2.589250	-1.538624	-1.811642	-2.589250	-1.538624	-0.513962	-0.396605
S	1.674858	-0.092824	0.916278	1.504262	1.004275	1.753142	1.344862	0.960947	0.436285	0.960947	-4.396605
T	-0.288080	2.050478	-2.589250	0.870182	1.126957	0.822564	0.960947	-0.187151	0.722336	0.498213	-4.396605
V	1.126957	2.877191	-0.781895	-0.937173	1.004275	0.557592	0.722336	0.773320	1.592080	0.722336	-4.396605
W	-4.396605	-4.396605	-4.396605	-4.396605	-4.396605	-4.396605	-4.396605	-4.396605	-3.226680	-4.396605	-4.396605
Y	-4.396605	-4.396605	0.303835	-2.148677	-2.148677	-4.396605	-2.148677	-2.589250	-0.937173	-0.641717	-4.396605
