A	2.482782	-1.115477	1.174029	0.572579	1.469485	0.802061	1.469485	1.469485	2.106915	0.299560	1.174029	-2.285402
C	-2.285402	-2.285402	-2.285402	-2.285402	-2.285402	-2.285402	-2.285402	-2.285402	-1.115477	-2.285402	-2.285402	-2.285402
D	-2.285402	-2.285402	-1.115477	1.174029	0.299560	0.802061	0.299560	-0.478047	-2.285402	-2.285402	-0.478047	-2.285402
E	-2.285402	-1.115477	-0.037475	-1.115477	0.299560	0.572579	-0.478047	-0.478047	-2.285402	-2.285402	-1.115477	-2.285402
F	-2.285402	-2.285402	0.802061	-2.285402	-2.285402	-0.478047	-2.285402	-1.115477	-0.037475	-1.115477	-2.285402	-2.285402
G	1.174029	-2.285402	0.299560	1.000000	1.174029	0.802061	1.823122	1.329308	1.174029	0.299560	0.299560	-2.285402
H	-1.115477	-2.285402	-1.115477	-2.285402	-1.115477	-1.115477	-1.115477	-2.285402	-2.285402	-2.285402	-2.285402	-2.285402
I	-0.037475	-0.037475	-0.478047	-2.285402	-1.115477	0.299560	-0.478047	0.299560	-0.478047	1.469485	-1.115477	-2.285402
K	0.299560	-2.285402	-2.285402	0.299560	-1.115477	-0.478047	-0.478047	0.572579	-0.037475	-0.478047	-0.478047	3.986061
L	-2.285402	1.174029	0.572579	-2.285402	-0.478047	0.299560	0.299560	0.299560	0.572579	1.174029	1.714598	-2.285402
M	-2.285402	-0.037475	0.572579	-2.285402	-2.285402	-2.285402	-2.285402	-2.285402	-0.478047	-0.478047	-1.115477	-2.285402
N	-2.285402	-2.285402	-0.037475	0.299560	-0.037475	0.572579	-0.037475	0.572579	-0.037475	-0.478047	-0.037475	-2.285402
P	-2.285402	-2.285402	-2.285402	-0.478047	0.802061	-2.285402	0.572579	-1.115477	-0.478047	-1.115477	0.299560	-2.285402
Q	-0.478047	-1.115477	2.415037	-0.478047	-1.115477	0.299560	-0.037475	0.572579	-0.037475	-0.478047	1.329308	-2.285402
R	0.572579	-2.285402	-2.285402	-0.478047	-1.115477	-2.285402	-2.285402	-1.115477	-2.285402	-1.115477	-1.115477	-1.115477
S	1.714598	-0.478047	-1.115477	2.343954	0.572579	1.329308	0.802061	1.000000	0.572579	0.572579	1.469485	-2.285402
T	-0.037475	2.269187	-1.115477	0.802061	1.174029	0.299560	0.299560	-0.037475	0.572579	1.174029	-0.037475	-2.285402
V	-0.037475	2.725825	-1.115477	-0.478047	1.000000	-0.037475	-0.037475	-0.478047	0.299560	1.714598	-1.115477	-2.285402
W	-2.285402	-2.285402	-2.285402	-2.285402	-2.285402	-2.285402	-2.285402	-2.285402	-2.285402	-2.285402	-2.285402	-2.285402
Y	-2.285402	-2.285402	-1.115477	-2.285402	-2.285402	-1.115477	-2.285402	-1.115477	-2.285402	-2.285402	-2.285402	-2.285402
