A	2.118502	-0.279139	1.542264	0.639561	0.512128	1.363927	1.265746	0.849956	-6.053926
C	-4.246571	-6.053926	-4.246571	-4.246571	-6.053926	-4.884001	-6.053926	-4.246571	-6.053926
D	-6.053926	-6.053926	0.217537	0.819518	-1.042699	-2.768524	-2.171283	-3.468963	-6.053926
E	-2.768524	-6.053926	-1.750145	1.242990	-0.093924	-2.299038	-0.884001	0.690908	-6.053926
F	-2.966463	-6.053926	-0.093924	-2.966463	-0.696374	0.017536	-0.381501	-2.439216	-6.053926
G	0.834817	-3.468963	0.894441	0.707625	0.194002	-0.454013	-1.750145	0.492969	-6.053926
H	-1.499337	-6.053926	-1.499337	-1.844473	-1.221036	-1.945401	-1.042699	-1.042699	-1.424569
I	0.512128	1.072779	-0.934985	-1.221036	0.329778	0.965665	0.879765	-1.945401	-6.053926
K	1.208169	-6.053926	-2.053926	0.604286	0.453869	-1.661608	0.044106	0.372339	4.089457
L	-1.661608	2.001357	-0.123189	-0.653046	-0.009532	0.549700	0.586319	0.568126	-6.053926
M	-2.171283	-0.987837	-0.093924	-2.966463	-2.439216	-0.741043	-1.424569	-1.750145	-6.053926
N	-4.884001	-4.884001	0.979497	-0.346567	0.017536	-1.353486	-0.214722	0.772623	-6.053926
P	-6.053926	-6.053926	-2.299038	1.310209	1.551554	0.923354	0.017536	0.372339	-6.053926
Q	-0.183561	-0.884001	1.033537	0.240695	-0.279139	0.070195	-0.183561	1.085625	-6.053926
R	0.756646	-6.053926	-3.195945	-2.171283	-2.171283	-2.053926	-0.346567	-1.424569	0.194002
S	1.684166	0.372339	1.606070	1.196373	0.707625	0.604286	0.433914	1.020216	-6.053926
T	0.017536	1.903176	-0.787139	0.568126	0.586319	0.879765	0.834817	1.006770	-6.053926
V	0.908970	2.746974	-1.578192	-0.246571	1.405506	1.742114	1.667173	0.070195	-6.053926
W	-6.053926	-6.053926	-4.884001	-4.884001	-6.053926	-6.053926	-6.053926	-6.053926	-6.053926
Y	-2.594494	-6.053926	0.568126	-2.439216	-1.499337	-1.285742	-0.610982	-1.221036	0.285924
