A	0.183476	0.226340	1.188687	0.075087	0.300425	0.259737	0.037069	0.774805	0.641799	-3.207972
C	-5.263825	-5.263825	-4.653772	-4.424290	-5.263825	-5.263825	-4.653772	-4.653772	-4.424290	-6.341828
D	1.398140	-4.653772	-0.492162	1.636088	0.648119	0.130299	-1.263825	-1.171903	-1.387631	-6.341828
E	2.894718	1.416766	-2.198870	1.336870	0.797724	-0.001978	-0.853541	0.056203	0.673123	-7.511753
F	-0.607871	-3.756865	1.103877	-1.387631	-0.214836	-0.818266	-0.011907	-1.336827	-1.106611	1.931191
G	-1.106611	-3.511753	-2.292584	0.922876	1.424149	0.869790	1.205924	0.641799	0.891259	-7.511753
H	-0.136713	-2.616935	-1.106611	-1.023913	-0.398010	-0.701181	-0.835796	0.797724	-0.592889	-2.198870
I	-2.198870	0.583644	1.812428	-1.523068	-0.136713	0.481186	1.066620	-0.592889	-2.154201	-4.226350
K	-0.733676	-0.261454	-0.492162	-0.072961	0.308426	0.121243	-0.226350	0.102957	1.099272	-2.743568
L	-2.445663	-0.180836	0.075087	-1.128048	-0.346846	0.928078	1.313206	0.332168	0.452588	-0.548857
M	-2.068809	-3.036019	-0.766919	-2.882396	-2.811313	-1.770286	-0.835796	-1.064669	-1.804394	-0.147618
N	-1.440290	-3.756865	-0.800946	-0.052321	-0.147618	-0.297434	-0.334333	-0.180836	-0.520231	-7.511753
P	-6.341828	-0.492162	-0.237957	1.222957	0.842497	0.666912	-0.062604	-1.085488	-2.244966	-7.511753
Q	-0.607871	-0.001978	-1.641388	-0.147618	-0.192081	-0.203414	-0.346846	0.459791	0.408600	-6.341828
R	-0.733676	-3.756865	-1.171903	-0.464629	-0.638309	-0.237957	-1.003958	0.251460	0.481186	0.017678
S	0.641799	-0.001978	-0.411090	0.820284	0.529906	0.609781	0.543530	1.171242	1.281038	-7.511753
T	-0.031972	1.683004	-0.653772	0.056203	-0.104485	0.563726	0.393634	0.880565	0.809048	-7.511753
V	-1.551751	2.652211	1.231399	-1.494944	0.056203	0.536734	0.577036	0.347782	-0.125890	-1.911840
W	-4.926790	-7.511753	-3.897043	-4.653772	-3.403228	-3.511753	-2.882396	-4.052321	-5.704398	-3.629110
Y	-0.083392	-3.756865	1.057154	-1.064669	-1.581015	-1.581015	-0.563385	-1.988191	-0.592889	3.660206
