A	-0.292626	0.484982	1.541736	-0.080081	0.838619	0.189526	0.344804	0.439752	0.652926	0.320057	-3.606941
C	-4.684943	-5.854868	-2.240159	-5.854868	-5.854868	-2.569466	-3.606941	-4.047513	-4.047513	-2.767406	-5.854868
D	1.604563	-4.684943	-0.331306	1.924851	0.216594	0.906683	-0.080081	-1.746344	-0.843641	-1.854868	-5.854868
E	3.013182	0.939547	-1.379135	0.821089	0.955703	0.971680	0.243164	-1.021978	-0.900672	0.133816	-5.854868
F	-1.154429	-5.854868	0.939547	-1.746344	-0.900672	-1.300280	-2.240159	-0.788779	-2.099981	-0.588082	1.722560
G	-0.960051	-4.047513	-1.746344	1.359451	1.164722	1.284683	1.334956	1.150756	1.322551	0.748758	-5.854868
H	-0.047513	-2.767406	-1.225512	-1.021978	-0.588082	-0.735927	-0.588082	-1.154429	0.803343	-0.453989	-2.996887
I	-2.767406	0.133816	1.941171	-1.300280	-0.331306	-0.497316	0.369133	1.205828	-0.960051	-1.551088	-4.684943
K	-1.300280	-2.395437	-0.254956	-1.225512	-0.080081	-0.015665	0.320057	-0.541985	-0.015665	1.347255	-3.606941
L	-2.767406	-0.371053	0.015496	-0.788779	-0.015665	0.189526	1.205828	1.108028	0.462544	0.955703	-0.371053
M	-2.569466	-2.569466	-1.379135	-2.569466	-1.645415	-2.240159	-2.099981	-0.960051	-1.225512	-1.645415	-0.453989
N	-1.300280	-4.047513	-1.854868	-0.453989	-0.588082	-0.292626	-0.411925	-0.113401	-0.147509	-1.086684	-5.854868
P	-5.854868	-1.551088	-0.015665	1.322551	1.093499	0.632972	0.416595	-0.843641	-1.154429	-3.269906	-5.854868
Q	-0.684943	-1.021978	-1.746344	-0.497316	-0.218244	-0.497316	-0.684943	-0.254956	0.416595	0.692026	-5.854868
R	-1.854868	-4.684943	-1.645415	-1.645415	-0.788779	-0.254956	-0.331306	-0.684943	0.528836	0.748758	-0.331306
S	0.838619	0.294879	-0.843641	1.136653	0.785377	0.955703	0.550273	0.612737	1.520171	0.939547	-5.854868
T	-0.047513	2.138070	-0.960051	0.133816	-0.113401	0.462544	0.216594	0.612737	-0.047513	0.439752	-5.854868
V	-2.099981	2.917446	1.122412	-0.541985	0.294879	-0.453989	0.632972	1.271836	0.161940	0.015496	-2.569466
W	-3.269906	-5.854868	-3.269906	-4.047513	-3.269906	-4.047513	-3.269906	-3.606941	-4.047513	-4.684943	-3.606941
Y	-0.292626	-4.684943	0.803343	-2.099981	-1.379135	-1.551088	-1.972225	-1.379135	-1.551088	-0.292626	3.772666
