A	-0.331676	-0.214319	0.177998	-0.331676	0.415037	-0.105795	-0.331676	0.089462	0.415037	0.415037	0.261414	-4.214319
C	-4.214319	-4.214319	-3.044394	-4.214319	-4.214319	-2.406964	-4.214319	-4.214319	-3.044394	-4.214319	-3.044394	-4.214319
D	1.935428	-4.214319	-0.599609	1.985353	0.089462	0.618571	0.739877	0.415037	-0.459432	-0.599609	-1.966392	-4.214319
E	2.674424	-0.331676	-1.356338	1.560468	0.904622	0.680499	-0.331676	0.553865	-1.629357	-1.629357	-0.004866	-4.214319
F	-0.459432	-4.214319	1.385594	-1.629357	0.261414	-0.599609	-2.406964	-0.928917	0.261414	-1.356338	-1.126856	1.935428
G	-1.629357	-3.044394	-2.406964	1.143233	0.739877	0.904622	1.186560	2.190822	1.385594	1.527148	0.739877	-4.214319
H	-0.331676	-3.044394	-1.356338	-0.928917	-0.928917	-0.754888	-0.105795	-2.406964	-1.629357	1.527148	-0.004866	-2.406964
I	-4.214319	0.261414	2.351735	-1.629357	-1.356338	-0.331676	-0.754888	-0.459432	-0.004866	-0.754888	-0.754888	-4.214319
K	-3.044394	-4.214319	0.089462	-1.126856	-0.331676	0.553865	0.486121	-0.214319	-0.459432	-0.754888	-0.105795	-3.044394
L	-4.214319	-1.356338	-0.928917	-2.406964	1.143233	0.261414	-0.928917	0.340270	0.851770	-0.599609	1.269497	-1.966392
M	-4.214319	-4.214319	-1.126856	-3.044394	-1.966392	-2.406964	-2.406964	-3.044394	-0.214319	-0.928917	-1.629357	-1.356338
N	-0.459432	-4.214319	-2.406964	-1.966392	-0.754888	-0.331676	0.089462	0.486121	-0.754888	-0.928917	-0.928917	-4.214319
P	-4.214319	-1.629357	-0.214319	0.904622	0.553865	0.415037	1.309243	0.261414	-0.459432	-1.966392	-3.044394	-4.214319
Q	-0.459432	-0.754888	-0.599609	-0.331676	0.177998	-0.331676	0.089462	-0.459432	-0.599609	0.177998	-0.214319	-4.214319
R	-3.044394	-4.214319	-1.629357	-2.406964	-0.928917	-0.459432	0.415037	-1.126856	0.261414	0.618571	1.269497	-2.406964
S	1.098564	-0.331676	-1.356338	1.052467	0.851770	0.739877	1.143233	0.904622	1.143233	1.493040	1.143233	-4.214319
T	0.739877	2.407733	-0.754888	0.553865	0.261414	0.904622	-0.004866	-0.004866	0.739877	0.415037	0.618571	-4.214319
V	-4.214319	3.149816	1.269497	-0.599609	0.340270	-0.105795	-0.214319	-0.459432	0.340270	0.089462	0.177998	-4.214319
W	-3.044394	-3.044394	-4.214319	-2.406964	-2.406964	-2.406964	-2.406964	-3.044394	-4.214319	-2.406964	-1.966392	-2.406964
Y	0.261414	-3.044394	0.904622	-0.754888	-1.126856	-0.599609	-1.356338	-1.629357	-0.754888	-1.966392	-0.004866	3.827340
