A	-0.974005	0.306103	0.076621	-1.611435	-0.533432	-0.533432	0.076621	-0.196397	0.076621	-0.533432	0.076621	0.076621	-2.781360
C	-2.781360	-2.781360	-2.781360	-2.781360	-2.781360	-2.781360	-2.781360	-2.781360	-2.781360	-2.781360	-1.611435	-1.611435	-2.781360
D	1.847997	-2.781360	-0.974005	1.522421	0.076621	0.076621	0.504043	0.504043	0.306103	-0.974005	-2.781360	-1.611435	-2.781360
E	2.818553	-1.611435	-1.611435	1.694374	0.973528	0.306103	0.306103	0.973528	0.306103	-0.974005	-2.781360	-0.196397	-2.781360
F	-0.533432	-1.611435	1.610958	-2.781360	-0.974005	-0.974005	-1.611435	-0.974005	-0.974005	1.773229	-2.781360	0.504043	0.833350
G	-1.611435	-2.781360	-0.974005	1.218640	1.428094	0.833350	1.428094	0.973528	1.773229	1.327165	1.694374	0.504043	-2.781360
H	0.306103	-2.781360	-2.781360	-0.533432	-0.196397	0.076621	0.076621	-0.974005	-0.974005	-1.611435	1.218640	-0.533432	-2.781360
I	-2.781360	0.076621	2.113458	-1.611435	0.076621	0.306103	-0.974005	-0.533432	-0.974005	-0.974005	-2.781360	-0.533432	-2.781360
K	-2.781360	-2.781360	-2.781360	-0.533432	-1.611435	0.678072	-0.196397	0.306103	0.076621	0.306103	-0.974005	-0.533432	-2.781360
L	-2.781360	-0.974005	-0.974005	-2.781360	0.306103	0.306103	0.076621	0.076621	-0.533432	0.504043	0.504043	1.694374	-2.781360
M	-2.781360	-2.781360	-0.196397	-2.781360	-1.611435	-0.974005	-2.781360	-1.611435	-2.781360	-1.611435	-0.196397	-0.974005	-1.611435
N	-1.611435	-2.781360	-0.974005	0.076621	-0.196397	0.076621	0.306103	-2.781360	-0.196397	-0.196397	-0.533432	-1.611435	-2.781360
P	-2.781360	-2.781360	0.076621	0.973528	0.678072	-1.611435	0.076621	1.101283	0.076621	-0.974005	-1.611435	-0.974005	-2.781360
Q	-1.611435	-1.611435	-1.611435	-0.533432	0.076621	-0.196397	-0.196397	0.504043	0.504043	-0.533432	-0.196397	0.504043	-2.781360
R	-1.611435	-2.781360	-1.611435	-1.611435	-1.611435	0.076621	-0.196397	-0.196397	0.678072	-0.533432	1.428094	-0.196397	-2.781360
S	1.218640	0.678072	-0.533432	1.218640	0.973528	0.678072	0.833350	1.327165	0.973528	1.101283	1.773229	0.678072	-2.781360
T	-0.196397	2.531523	-1.611435	0.076621	-0.974005	0.504043	0.678072	0.076621	0.306103	0.076621	-0.196397	0.678072	-2.781360
V	-2.781360	2.818553	1.428094	-0.974005	0.306103	0.973528	-0.533432	-0.974005	0.076621	0.504043	-1.611435	0.504043	-2.781360
W	-2.781360	-2.781360	-2.781360	-1.611435	-1.611435	-2.781360	-1.611435	-1.611435	-2.781360	-1.611435	-2.781360	-2.781360	-1.611435
Y	0.306103	-1.611435	1.218640	-0.533432	0.306103	-0.974005	0.076621	-1.611435	-2.781360	-0.533432	-1.611435	-0.196397	3.929447
