A	-1.662965	1.049753	1.049753	-1.025535	-0.247928	0.452512	0.921997	-2.832890
C	-2.832890	-2.832890	-2.832890	-2.832890	-2.832890	-2.832890	-2.832890	-2.832890
D	2.178337	-2.832890	1.470891	-0.247928	-2.832890	-1.025535	-2.832890	-2.832890
E	1.935294	-2.832890	-0.584963	0.254573	-1.662965	-0.247928	0.626542	-2.832890
F	0.452512	-2.832890	0.781820	-1.662965	-1.662965	-1.662965	-1.025535	1.167110
G	-2.832890	-2.832890	-0.247928	0.025091	0.025091	0.254573	0.254573	-2.832890
H	0.254573	-2.832890	-1.025535	0.025091	0.254573	1.642843	-0.584963	-2.832890
I	-1.662965	0.626542	0.921997	0.921997	2.000000	0.025091	-1.662965	-2.832890
K	-2.832890	-1.662965	0.025091	1.642843	-0.584963	0.452512	1.167110	-2.832890
L	-2.832890	-0.247928	0.254573	0.921997	1.275634	0.626542	-0.584963	-1.662965
M	-2.832890	-2.832890	-0.584963	-1.662965	-1.662965	-0.247928	-1.662965	-1.025535
N	-1.025535	-2.832890	-1.025535	-0.584963	-1.025535	-1.025535	-1.662965	-2.832890
P	-2.832890	-0.247928	0.025091	0.626542	0.025091	0.025091	-2.832890	-2.832890
Q	-2.832890	0.254573	-2.832890	-0.584963	-0.584963	-0.584963	0.781820	-2.832890
R	-2.832890	-2.832890	-1.025535	-0.247928	-2.832890	0.025091	1.275634	-2.832890
S	1.049753	1.275634	0.452512	-1.662965	-0.584963	0.452512	1.376563	-2.832890
T	0.781820	2.286051	-1.662965	-0.584963	1.049753	0.254573	0.452512	-2.832890
V	0.781820	2.121306	0.452512	1.376563	1.470891	0.452512	0.452512	-2.832890
W	-2.832890	-2.832890	-2.832890	-1.662965	-1.662965	-1.662965	-2.832890	-2.832890
Y	0.254573	-2.832890	0.254573	-2.832890	-1.025535	-1.662965	-1.662965	3.877916
