A	0.481085	1.327888	1.393785	0.096219	0.111967	0.171147	0.603900	0.891438	-2.995775
C	-7.294742	-6.083238	-4.709779	-6.957707	-4.842229	-3.980427	-4.099726	-4.476580	-7.735314
D	1.112191	-3.418548	-0.357174	1.482124	-0.636530	-1.965240	-1.821570	-1.927959	-9.542669
E	2.160153	1.012639	-2.003510	1.617517	0.017186	-1.357794	-0.053825	0.888828	-9.542669
F	-0.207279	-2.920617	0.592719	-1.856169	-0.255534	0.075716	-1.315053	-1.408243	2.131192
G	-1.002541	-2.957707	-2.428927	0.903122	0.384368	0.166845	-0.398011	0.205104	-9.542669
H	0.057244	-2.700319	-0.678483	-1.199483	0.114203	-0.881782	0.337297	-0.507183	-1.473891
I	-1.279400	0.433537	1.394705	-1.714533	0.557007	1.530636	0.162531	-1.762950	-2.083238
K	-0.157885	-0.659262	0.791604	0.354420	0.895343	-0.663086	-0.163291	0.981138	-1.838766
L	-1.480623	0.718544	-0.436761	-0.899715	0.482816	1.157337	1.013837	0.173293	1.394705
M	-1.629780	-2.280574	-0.846571	-3.137528	-2.732098	-1.188420	-1.585567	-2.222997	0.005189
N	-0.407601	-3.367743	-0.229786	-0.382167	-0.363382	-1.072010	-0.379019	-0.678483	-9.542669
P	-6.957707	0.033815	-0.278813	1.371529	0.520389	-0.193388	0.033815	-2.732098	-9.542669
Q	-0.574002	0.783198	-1.188420	0.118664	-0.196155	-0.430230	0.510238	0.653933	-7.294742
R	-0.344838	-2.083238	-0.258423	-0.659262	0.538814	-0.588473	-0.011775	0.437113	-0.278813
S	1.219920	0.031451	0.256612	0.747638	0.380658	0.367599	1.146455	1.532308	-6.684688
T	0.397277	1.357443	-0.520995	-0.357174	0.014795	0.774743	0.730252	0.923662	-8.372744
V	-0.559676	2.041236	0.930022	-1.238888	0.705258	1.492474	0.858477	0.153864	0.038531
W	-4.647851	-6.257267	-3.271206	-3.870244	-2.957707	-3.735314	-3.444637	-6.083238	-3.158965
Y	-0.021560	-1.629780	0.563567	-2.178535	-0.954892	-0.717710	-1.321082	-0.936264	3.168568
