A	0.552828 0.411127 -0.666787 0.941790 1.311677 -0.616990 -2.019276 2.221605 -0.592980
C	-5.621197 -5.380004 -2.532807 -5.614368 -5.621169 -5.621197 -5.621197 -2.273106 -5.577567
D	0.465101 -1.212788 -4.691336 -1.876265 -5.549417 2.555532 2.463806 0.557033 0.156738
E	0.726252 1.111245 -2.098234 -2.048663 -0.329243 -5.607796 -0.280331 0.034137 0.551795
F	-5.410287 -0.279760 2.099127 -0.293868 1.326066 -1.107461 -5.594727 -0.586540 -5.617779
G	1.269153 -1.226854 -1.249918 -5.580395 -1.999885 -2.181634 -2.161356 -5.614580 0.742984
H	-0.270469 0.056373 -5.509096 -0.810323 -2.349412 0.832192 -0.585687 -0.242874 0.068652
I	0.543549 0.992053 2.292652 -0.209502 1.583346 1.081258 -5.504413 0.064005 -1.253498
K	-1.125264 -0.288678 -1.128945 -0.672487 -0.253574 -2.143768 1.079689 -5.558445 -0.697673
L	-5.604156 -1.174556 1.353448 -5.338423 0.709578 -0.207738 -0.193638 -5.083347 0.718144
M	-2.068713 -2.162157 -5.617481 -5.619792 -2.166593 -1.229416 -5.556814 -2.172266 -5.511661
N	1.552003 -1.261182 -5.585692 0.155661 -0.567840 2.250495 0.112353 0.162091 1.059577
P	-5.589022 -5.616037 -5.617736 -2.168577 -2.045253 -5.526241 2.140517 -1.975363 1.492151
Q	-1.027981 0.921397 -5.496862 0.713861 -5.178362 -5.284043 -0.648973 -0.192569 -0.521308
R	0.356335 -0.185343 -2.113935 0.735711 0.169948 -2.142022 0.183780 0.928282 -1.206928
S	0.327844 0.525399 -0.403366 1.119834 0.384481 -2.095148 -5.503797 1.054404 0.970555
T	-0.105200 0.743791 -2.062071 1.199713 -0.226179 -2.151593 0.540910 0.762015 -1.102459
V	1.070692 1.556503 0.393421 2.125691 1.904827 0.230459 -0.598313 0.281106 1.361701
W	-2.127412 -5.620643 -5.620601 -1.829829 -5.524673 -1.184779 -5.613789 -5.595201 -5.609655
Y	-0.317207 0.004284 1.864715 -0.246300 -4.758993 -2.157013 -5.087353 -0.678848 -2.019089
