A	-8.103035 0.355589 1.010522 0.463271 0.290875 0.938555 0.328558 0.535500 0.759696
C	-10.081413 -10.096703 -2.781212 -6.024379 -4.239607 -10.415936 -10.408975 -5.376584 -4.132677
D	-9.968537 -1.271677 -1.827840 -0.593241 -0.609790 -1.441125 -1.588183 -1.288657 -1.843225
E	-9.061685 0.462861 -0.138394 -1.045199 -0.037293 -0.879446 -0.274058 0.125077 -0.682325
F	2.383110 -1.005997 -0.505468 0.675131 -2.076688 -3.393516 -0.368313 -1.284778 -0.393455
G	-8.276691 -1.965965 -0.658215 -3.286282 -0.017286 -0.481324 -0.569745 0.173624 0.262741
H	-9.893706 -0.172857 -1.352083 0.536876 -0.235250 -1.740558 0.329085 -0.149665 -2.857360
I	2.360847 0.856505 1.125545 0.349576 -0.517837 -2.409056 0.233387 -0.481388 0.857704
K	-7.096351 1.074368 0.411467 0.950734 1.569724 2.252640 0.869968 1.047008 0.520554
L	1.519471 0.840425 0.669858 0.530674 -0.409888 -3.330758 1.320415 1.094398 0.938326
M	-2.316701 -2.832330 -1.032153 -0.793517 -1.851678 -5.215864 -1.796561 -2.143590 -1.682918
N	-9.413653 -0.814260 -0.589368 1.170169 0.198778 0.507128 0.956353 -0.687623 -1.679088
P	-9.727809 -9.263717 0.787132 -9.800633 1.213042 -0.579926 -0.411625 1.116564 -2.420583
Q	-9.758196 0.141498 -0.309510 -0.425617 0.043261 -1.405665 0.555372 0.173992 -0.072644
R	-9.429932 1.068671 -0.152183 -0.203299 0.681699 2.020804 0.838051 0.855033 1.947367
S	-9.136380 -0.146154 0.303258 0.370198 0.193497 0.960982 -0.800817 0.311531 -0.169047
T	-9.153924 0.350054 -0.421368 -0.476137 0.339318 0.776075 -1.017306 -0.270615 -1.284553
V	0.764368 1.417574 1.013355 0.186092 0.425277 -0.375085 0.256115 0.144903 1.001024
W	-0.542803 -2.557173 -2.352863 -0.229968 -3.268555 -10.309824 -2.342607 -3.871557 -6.856942
Y	2.058746 -0.625226 0.051052 0.279234 -1.446879 -5.427134 -0.552165 -1.081272 0.211496
