A	-1.129283	0.678072	1.118644	-1.129283	0.678072	-1.129283	-1.129283	0.678072	0.678072	-1.129283
C	-1.129283	-1.129283	-1.129283	-1.129283	-1.129283	-1.129283	-1.129283	-1.129283	-1.129283	-1.129283
D	-1.129283	-1.129283	0.040642	2.156119	0.678072	-1.129283	-1.129283	-1.129283	-1.129283	-1.129283
E	-1.129283	-1.129283	-1.129283	0.678072	0.678072	-1.129283	0.040642	-1.129283	-1.129283	-1.129283
F	-1.129283	0.040642	1.118644	0.040642	0.040642	-1.129283	1.455679	-1.129283	0.040642	0.040642
G	1.118644	0.040642	-1.129283	0.678072	0.040642	0.040642	-1.129283	1.455679	-1.129283	-1.129283
H	-1.129283	-1.129283	0.040642	-1.129283	-1.129283	0.040642	-1.129283	1.728698	0.040642	-1.129283
I	0.040642	0.040642	-1.129283	-1.129283	0.678072	0.678072	0.040642	-1.129283	-1.129283	-1.129283
K	2.485427	0.040642	-1.129283	0.040642	-1.129283	0.040642	-1.129283	-1.129283	1.118644	0.040642
L	-1.129283	-1.129283	1.455679	-1.129283	0.678072	-1.129283	0.040642	0.040642	1.728698	0.678072
M	-1.129283	-1.129283	-1.129283	-1.129283	-1.129283	0.040642	-1.129283	-1.129283	-1.129283	-1.129283
N	-1.129283	-1.129283	0.678072	-1.129283	-1.129283	-1.129283	1.455679	-1.129283	-1.129283	-1.129283
P	-1.129283	-1.129283	-1.129283	1.455679	0.678072	0.678072	0.040642	-1.129283	-1.129283	-1.129283
Q	-1.129283	0.040642	0.040642	-1.129283	-1.129283	-1.129283	-1.129283	-1.129283	0.040642	-1.129283
R	0.040642	-1.129283	-1.129283	-1.129283	0.040642	0.040642	-1.129283	-1.129283	0.040642	-1.129283
S	0.040642	-1.129283	-1.129283	0.678072	-1.129283	1.455679	1.455679	0.678072	1.118644	-1.129283
T	-1.129283	1.728698	0.040642	-1.129283	0.040642	-1.129283	0.040642	1.728698	0.040642	-1.129283
V	1.455679	2.156119	0.040642	-1.129283	0.678072	1.958180	0.040642	-1.129283	0.040642	-1.129283
W	-1.129283	-1.129283	-1.129283	-1.129283	-1.129283	-1.129283	-1.129283	-1.129283	-1.129283	-1.129283
Y	-1.129283	-1.129283	0.678072	-1.129283	0.040642	-1.129283	0.040642	-1.129283	-1.129283	3.174498
