A	1.477159	0.988412	1.347099	0.588805	0.034216	0.588805	1.100305	0.588805	-3.965784
C	-3.965784	-3.965784	-3.965784	-3.965784	-3.965784	-3.965784	-3.965784	-3.965784	-3.965784
D	-2.795859	-3.965784	-1.380822	1.634129	-1.380822	-2.795859	-2.795859	-1.717857	-3.965784
E	-3.965784	-3.965784	-3.965784	1.518031	-2.795859	-0.680382	-0.680382	1.100305	-3.965784
F	-0.680382	-2.795859	0.929033	-2.158429	-0.506353	0.034216	-0.680382	-1.717857	1.873420
G	0.663572	-1.717857	-0.680382	1.557778	0.734655	-0.680382	-0.506353	-0.506353	-3.965784
H	-2.795859	-3.965784	-0.083141	-2.158429	-0.506353	-1.717857	0.588805	-0.878321	-0.083141
I	-0.083141	1.100305	-0.680382	-0.506353	1.301002	1.634129	0.243669	-3.965784	-3.965784
K	2.460480	-3.965784	0.337996	-0.506353	0.988412	-0.878321	0.034216	0.802400	1.809003
L	-2.795859	1.347099	-0.878321	-0.680382	0.588805	0.867106	1.301002	0.426533	-0.083141
M	-2.795859	-1.380822	-0.351074	-3.965784	-1.717857	-1.380822	-0.506353	-1.717857	-1.380822
N	-2.158429	-3.965784	0.588805	-0.506353	-1.380822	-0.680382	-1.107803	-0.083141	-3.965784
P	-3.965784	-2.795859	-3.965784	1.100305	-0.210897	0.426533	-0.680382	-2.795859	-3.965784
Q	-2.158429	0.337996	0.337996	-0.680382	-0.680382	-1.380822	-0.351074	0.734655	-3.965784
R	1.253384	-1.380822	-1.380822	-1.380822	-0.210897	0.734655	-0.506353	-0.506353	0.034216
S	1.301002	0.243669	0.734655	0.426533	0.142740	0.034216	0.734655	1.253384	-3.965784
T	0.034216	1.706641	-0.506353	0.034216	0.034216	0.867106	0.867106	1.557778	-3.965784
V	-0.083141	2.501821	-0.351074	-0.878321	1.809003	1.347099	1.153157	0.588805	-3.965784
W	-3.965784	-3.965784	-3.965784	-3.965784	-3.965784	-3.965784	-3.965784	-3.965784	-2.795859
Y	-1.107803	-2.795859	1.935083	-2.795859	-0.680382	-1.380822	-1.107803	-0.680382	3.108357
