A	1.003890	-0.590166	0.910263	0.072181	0.487836	0.568857	0.817522	0.577585	0.108769	-7.117643
C	-5.310288	-4.869716	-3.362756	-3.362756	-3.502933	-3.832241	-3.502933	-3.009119	-3.502933	-7.117643
D	-2.417203	-3.117643	0.670259	1.470134	0.603456	-0.259662	-0.406837	-0.650038	-1.633827	-7.117643
E	0.310717	2.507609	-0.372809	1.203157	0.257396	-0.098052	-0.259662	-0.323227	0.300209	-7.117643
F	0.686488	1.538782	0.937639	-0.993522	-0.291095	-1.128958	-0.016981	-0.307071	-0.140363	0.431179
G	0.179273	-2.163447	-0.495591	0.653846	0.903337	0.726278	1.180419	-0.356092	-0.112019	-7.117643
H	-0.126121	-3.832241	-0.670560	-0.372809	-0.691378	-0.942717	-0.459432	0.096676	-0.323227	-4.259662
I	-0.590166	-0.670560	0.889384	-1.445218	0.401993	0.586260	0.268219	-0.441686	-2.106416	-7.117643
K	0.603456	-3.658211	-0.823022	-0.112019	-0.514017	-0.339566	0.167759	-0.098052	0.846698	-4.030180
L	-0.126121	0.469197	1.103944	-0.183952	0.542353	1.003890	0.551242	1.719196	1.497987	-4.869716
M	-1.019611	-1.128958	-0.755699	-2.813862	-1.898475	-0.712502	-1.850857	-1.046181	-1.310288	-5.310288
N	-0.441686	-1.947718	-0.609848	-0.030180	-0.003901	-0.570749	0.059776	-0.424156	-0.477398	-7.117643
P	-4.259662	-0.198780	-0.307071	1.042228	0.997401	0.718407	0.190696	-1.481018	-2.908190	-7.117643
Q	-0.056947	-0.307071	-0.733939	-0.228900	-0.198780	0.072181	-0.198780	0.741892	0.300209	-7.117643
R	0.278962	-3.117643	-2.163447	-0.424156	-0.712502	-0.629803	-0.043502	-0.070519	0.620449	-4.030180
S	1.054784	-0.650038	0.372205	0.772621	0.478547	0.515352	0.431179	0.351999	0.795246	-7.117643
T	0.213274	0.351999	-0.691378	-0.154747	-0.030180	0.459786	0.120762	0.749636	0.718407	-7.117643
V	0.156152	0.734106	0.450313	-0.670560	0.459786	0.882357	0.072181	0.382203	-0.154747	-5.310288
W	-2.051554	-2.641910	-2.163447	-3.235000	-2.908190	-3.362756	-2.488286	-2.488286	-4.869716	-5.310288
Y	0.795246	0.971145	0.542353	-0.650038	-1.376176	-1.410284	-0.291095	-0.570749	0.542353	4.192828
