A	1.022417	-0.537344	0.889356	0.035073	0.419871	0.889356	0.293901	0.370795	0.126606	-0.096772	-5.804131
C	-4.634206	-4.634206	-3.219169	-3.556204	-3.219169	-3.219169	-3.556204	-3.556204	-3.556204	-3.996776	-5.804131
D	-3.556204	-3.996776	0.535719	1.675649	0.395541	0.683709	0.066234	-0.537344	-0.584963	-2.049244	-5.804131
E	-0.685190	2.138383	-0.849935	0.780831	0.395541	0.184554	0.419871	0.066234	-1.035947	0.126606	-5.804131
F	0.240263	1.053850	1.114732	-1.103691	-0.738042	-1.328398	-1.249542	-0.361188	0.990285	-0.403252	-0.792904
G	0.663475	-2.189421	-0.361188	1.144236	0.923789	1.144236	1.069313	1.038219	-0.167506	-0.062664	-5.804131
H	-0.491248	-4.634206	-1.594678	-1.035947	-0.792904	-1.328398	0.126606	-0.849935	0.035073	-0.361188	-4.634206
I	-0.320315	-0.909313	0.557813	-0.491248	-0.096772	-0.446579	0.096736	0.780831	-0.685190	-2.189421	-5.804131
K	0.395541	-3.996776	-1.103691	-1.103691	-0.361188	-0.096772	-0.241889	0.126606	-0.403252	1.069313	-5.804131
L	-0.096772	0.871826	1.603137	-0.096772	0.723346	-0.131706	1.129560	0.957420	1.763825	1.744691	-3.556204
M	-1.249542	-0.584963	-0.403252	-2.518729	-2.189421	-1.921488	-1.804131	-1.411814	-0.685190	-2.049244	-4.634206
N	-0.537344	-1.328398	-0.584963	-0.320315	-0.204218	-0.096772	-0.096772	-0.280569	-0.361188	-0.584963	-5.804131
P	-4.634206	0.096736	-0.280569	1.397993	1.229292	1.129560	-0.204218	-0.361188	-1.594678	-2.518729	-5.804131
Q	-0.062664	-0.241889	-0.685190	-0.204218	0.126606	0.003224	0.126606	0.003224	0.513282	0.267331	-5.804131
R	1.006441	-4.634206	-2.344699	-1.500350	-1.500350	-0.685190	-0.849935	-0.131706	-0.403252	0.780831	-3.219169
S	1.069313	-0.634206	-0.131706	0.940703	0.854080	1.038219	0.973946	0.854080	-0.029344	0.663475	-5.804131
T	0.319990	0.723346	-1.804131	-0.096772	0.155871	0.345616	0.345616	0.184554	0.642952	0.535719	-5.804131
V	0.622134	1.410188	0.066234	-1.249542	0.155871	0.096736	0.240263	0.319990	0.126606	-0.096772	-5.804131
W	-2.716668	-3.219169	-1.328398	-3.219169	-3.219169	-2.946150	-3.996776	-2.716668	-2.946150	-3.556204	-5.804131
Y	0.622134	0.973946	1.053850	-1.035947	-1.103691	-2.518729	-1.411814	-0.971241	0.395541	0.535719	4.240263
