A	1.279737	-1.591276	0.715385	0.553114	0.861236	0.269321	0.043439	0.269321	0.464577	-0.224494	0.160796	-3.839204
C	-3.839204	-3.839204	-2.669279	-2.669279	-3.839204	-3.839204	-3.839204	-2.669279	-1.591276	-3.839204	-2.669279	-3.839204
D	-3.839204	-2.669279	0.269321	1.935583	-0.981223	0.993686	1.055614	-0.981223	-0.751741	-1.591276	-2.031849	-3.839204
E	-2.669279	0.928981	-0.981223	0.553114	-0.751741	0.553114	-0.751741	0.269321	0.043439	-0.553802	-0.553802	-3.839204
F	0.993686	1.644612	1.868155	-0.751741	0.370250	-0.084316	-1.591276	-1.254241	-1.591276	0.043439	-0.379772	-2.669279
G	0.160796	-0.981223	-0.751741	1.279737	0.861236	0.370250	1.279737	1.760709	1.279737	0.160796	0.370250	-3.839204
H	-0.084316	-2.669279	-1.254241	-0.751741	-0.981223	-0.553802	-1.254241	-0.981223	-0.981223	0.043439	-0.553802	-3.839204
I	-0.084316	0.790153	1.172023	-1.254241	0.370250	0.160796	-0.553802	0.160796	0.464577	-0.379772	-2.031849	-3.839204
K	0.370250	-3.839204	-2.031849	-2.031849	-0.751741	-0.379772	-0.224494	-0.224494	0.715385	-1.254241	0.269321	-3.839204
L	-0.751741	-0.224494	0.790153	-1.254241	0.160796	0.370250	0.553114	0.928981	0.043439	1.684358	1.935583	-3.839204
M	-0.553802	-0.224494	-0.084316	-2.031849	-1.254241	-1.591276	-2.669279	-0.751741	-1.254241	-0.224494	-0.981223	-3.839204
N	-1.591276	-0.981223	-0.379772	-0.379772	-0.553802	0.160796	0.464577	-0.379772	0.043439	-0.553802	-1.591276	-3.839204
P	-2.669279	-0.224494	0.160796	1.379965	1.603740	0.370250	0.790153	0.269321	0.553114	-0.751741	-2.669279	-3.839204
Q	-1.254241	-0.084316	-0.981223	-0.751741	-0.553802	-0.224494	-0.981223	0.043439	0.043439	0.043439	0.043439	-3.839204
R	0.160796	-2.031849	-0.981223	-3.839204	-0.981223	-0.751741	-0.553802	-0.751741	-0.553802	-1.254241	0.790153	-3.839204
S	1.379965	-0.224494	-0.379772	0.790153	1.279737	0.861236	1.172023	0.861236	0.464577	-0.224494	0.928981	-3.839204
T	0.269321	0.715385	-2.669279	0.160796	-0.224494	0.269321	0.370250	0.269321	0.553114	1.330721	0.553114	-3.839204
V	0.370250	1.603740	-1.591276	-0.224494	0.464577	0.043439	0.553114	0.160796	0.160796	0.370250	-0.553802	-3.839204
W	-3.839204	-2.669279	-2.031849	-3.839204	-3.839204	-2.669279	-3.839204	-3.839204	-2.669279	-1.254241	-3.839204	-3.839204
Y	1.330721	0.993686	1.172023	-1.591276	-1.591276	-0.379772	-0.981223	-1.591276	-0.751741	0.861236	0.928981	4.216079
