A	1.485427	-1.602036	-0.123989	-0.321928	1.485427	0.800062	0.205319	1.656698	0.590609	0.982926	-0.321928	0.205319	-3.409391
C	-3.409391	-3.409391	-3.409391	-2.239466	-2.239466	-3.409391	-3.409391	-2.239466	-3.409391	-1.602036	-3.409391	-3.409391	-3.409391
D	-3.409391	-2.239466	-0.551410	1.760534	0.345497	0.473252	0.800062	-0.123989	0.590609	-1.161463	-1.602036	-3.409391	-3.409391
E	-1.602036	-2.239466	-3.409391	0.699134	0.894390	0.982926	0.345497	0.050041	0.699134	-0.551410	-2.239466	-0.123989	-3.409391
F	0.699134	2.152851	0.894390	-3.409391	-0.123989	-0.824428	-1.602036	-1.161463	-2.239466	-2.239466	0.345497	-0.824428	-1.161463
G	-0.123989	-2.239466	-1.161463	0.800062	0.473252	0.982926	0.894390	0.699134	1.066342	0.800062	-0.123989	0.345497	-2.239466
H	0.050041	-3.409391	-2.239466	-0.551410	-1.602036	-1.602036	-2.239466	-2.239466	-0.824428	-1.161463	0.050041	0.473252	-3.409391
I	0.050041	-0.551410	1.809778	-0.824428	-0.551410	-0.551410	1.485427	0.050041	-0.321928	0.473252	-0.551410	-1.161463	-3.409391
K	-0.551410	-3.409391	-1.602036	-0.321928	-1.602036	-0.551410	-0.551410	-2.239466	1.601836	0.473252	-1.602036	0.473252	-3.409391
L	-0.551410	1.145198	2.033553	-0.321928	0.345497	0.050041	1.709550	-1.161463	0.050041	1.066342	2.429813	1.948161	-3.409391
M	-1.161463	0.473252	0.590609	-1.602036	-2.239466	-0.824428	-2.239466	-1.161463	-1.602036	-0.824428	0.345497	-1.161463	-3.409391
N	-0.824428	-1.602036	-1.161463	0.590609	-0.551410	0.473252	-0.321928	-0.321928	-0.321928	-0.551410	-1.602036	-1.161463	-3.409391
P	-3.409391	-1.161463	-1.161463	1.709550	0.699134	0.590609	-0.824428	0.473252	-0.123989	0.345497	-1.602036	-2.239466	-3.409391
Q	-1.161463	-1.161463	-0.123989	-1.602036	-0.321928	0.590609	-0.824428	-0.123989	0.590609	-0.123989	-0.824428	0.800062	-3.409391
R	0.982926	-3.409391	-3.409391	-1.602036	-0.824428	-0.824428	-2.239466	-1.161463	-0.123989	0.205319	-3.409391	0.345497	-3.409391
S	1.485427	-0.824428	-0.551410	1.066342	0.345497	-0.123989	-0.824428	1.219966	0.699134	0.473252	-0.321928	0.345497	-3.409391
T	-0.321928	1.219966	-2.239466	-0.321928	0.050041	-0.123989	0.050041	0.699134	-1.602036	0.205319	1.544805	0.894390	-3.409391
V	0.982926	1.544805	-0.123989	-2.239466	1.219966	0.050041	1.066342	1.066342	-0.824428	0.050041	-0.551410	-1.161463	-3.409391
W	-2.239466	-1.161463	-2.239466	-3.409391	-2.239466	-1.602036	-2.239466	-1.602036	-3.409391	-2.239466	-1.161463	-3.409391	-3.409391
Y	0.473252	1.291049	1.219966	-1.602036	-2.239466	-0.321928	-1.602036	-1.602036	-1.161463	-0.123989	0.590609	0.050041	4.149030
