A	0.381090	-0.256340	-0.256340	-1.426265	-1.426265	1.158698	0.381090	0.381090	-0.256340	-1.426265	1.431716	-1.426265	-1.426265	-1.426265
C	-1.426265	-1.426265	-1.426265	-1.426265	-1.426265	-1.426265	-1.426265	-1.426265	-1.426265	-1.426265	-1.426265	-1.426265	-1.426265	-1.426265
D	-1.426265	-1.426265	-1.426265	-0.256340	1.158698	0.381090	0.381090	-0.256340	1.431716	0.821663	-0.256340	-1.426265	-1.426265	-1.426265
E	-0.256340	-0.256340	-0.256340	0.821663	-1.426265	-0.256340	0.821663	-0.256340	0.821663	0.821663	-0.256340	-1.426265	-0.256340	-1.426265
F	0.381090	1.661198	2.573735	-0.256340	-1.426265	-1.426265	0.381090	-0.256340	-1.426265	-1.426265	-1.426265	0.821663	-0.256340	-1.426265
G	0.381090	-1.426265	-0.256340	0.381090	1.431716	0.821663	1.158698	1.158698	2.033167	2.033167	1.859137	-0.256340	-0.256340	-1.426265
H	-0.256340	-1.426265	-1.426265	-0.256340	-0.256340	-0.256340	-1.426265	-1.426265	-0.256340	-0.256340	-0.256340	0.381090	0.821663	-1.426265
I	0.381090	-1.426265	0.381090	0.381090	-1.426265	-1.426265	-0.256340	-0.256340	-0.256340	-1.426265	0.381090	0.381090	-1.426265	-1.426265
K	0.381090	-1.426265	-1.426265	-0.256340	-1.426265	0.381090	-1.426265	-0.256340	-0.256340	0.381090	-0.256340	-1.426265	-1.426265	-1.426265
L	-0.256340	1.158698	1.158698	-1.426265	0.381090	0.381090	-1.426265	0.821663	-1.426265	-1.426265	-1.426265	1.431716	2.682260	-1.426265
M	0.381090	-1.426265	-1.426265	-1.426265	-1.426265	-0.256340	-1.426265	-1.426265	-1.426265	-0.256340	-1.426265	0.381090	-1.426265	-1.426265
N	-1.426265	-1.426265	-1.426265	-1.426265	-0.256340	-0.256340	-0.256340	-0.256340	-1.426265	-0.256340	-1.426265	-1.426265	-1.426265	-1.426265
P	-1.426265	-1.426265	-1.426265	2.033167	1.431716	0.821663	0.381090	-0.256340	-0.256340	-0.256340	1.158698	-1.426265	-1.426265	-1.426265
Q	-1.426265	-0.256340	-1.426265	-1.426265	0.821663	-0.256340	-0.256340	-0.256340	-0.256340	-1.426265	-1.426265	-0.256340	1.158698	-1.426265
R	-0.256340	-1.426265	-1.426265	-1.426265	-1.426265	-1.426265	-1.426265	-1.426265	0.381090	0.381090	-0.256340	-1.426265	0.381090	-1.426265
S	1.431716	-1.426265	-1.426265	1.859137	-1.426265	0.381090	0.381090	0.821663	-1.426265	-0.256340	-0.256340	-0.256340	0.381090	-1.426265
T	1.431716	-0.256340	-0.256340	-1.426265	-0.256340	0.381090	0.381090	-1.426265	0.821663	-0.256340	0.381090	0.821663	-1.426265	-1.426265
V	-0.256340	2.188445	-1.426265	-0.256340	-0.256340	0.381090	0.821663	1.431716	-1.426265	-1.426265	-0.256340	-1.426265	-1.426265	-1.426265
W	-1.426265	-1.426265	-1.426265	-1.426265	-1.426265	-1.426265	-1.426265	-0.256340	-1.426265	-0.256340	-1.426265	-0.256340	-1.426265	-1.426265
Y	-1.426265	1.158698	1.431716	-1.426265	1.158698	-1.426265	0.381090	-0.256340	-1.426265	0.381090	-1.426265	1.661198	-1.426265	3.692676
