A	0.122587	0.816778	1.209096	-0.244622	0.913640	-0.143693	0.122587	-4.353147
C	-4.353147	-4.353147	-3.183222	-4.353147	-4.353147	-4.353147	-4.353147	-4.353147
D	-2.545792	-2.105219	1.283478	-1.067745	-4.353147	-3.183222	-3.183222	-4.353147
E	-3.183222	-0.738437	-1.067745	-0.049366	-2.105219	-2.105219	0.816778	-4.353147
F	1.354212	1.547720	1.130669	-0.353147	0.347293	1.388320	-0.244622	-0.893715
G	-1.495166	-1.768184	1.170415	-0.598259	1.283478	-1.495166	-0.598259	-4.353147
H	0.276210	-1.495166	-0.598259	-0.353147	0.276210	1.089797	0.276210	-4.353147
I	0.913640	-0.353147	-0.143693	0.415037	0.712942	-0.738437	-0.738437	-4.353147
K	-0.470504	-3.183222	0.201442	0.816778	-1.495166	-2.105219	0.816778	-4.353147
L	0.765794	1.388320	0.122587	1.089797	-0.049366	2.535596	1.986703	-4.353147
M	-0.353147	-0.738437	-1.067745	-1.768184	-1.495166	-1.495166	-2.105219	-4.353147
N	-2.545792	-1.265684	-0.143693	-0.738437	-0.470504	-1.495166	-0.893715	-4.353147
P	-3.183222	-0.143693	-0.244622	1.319279	1.209096	-0.738437	-4.353147	-4.353147
Q	-1.495166	0.959736	-0.738437	0.201442	-0.470504	0.122587	0.276210	-4.353147
R	-1.067745	-2.545792	-2.545792	-0.470504	0.039171	-0.049366	0.601049	-4.353147
S	0.347293	1.047733	-0.049366	-0.244622	0.816778	-0.244622	0.415037	-4.353147
T	0.541671	0.541671	-0.598259	0.479743	0.201442	-1.495166	0.415037	-4.353147
V	1.283478	0.658080	-0.143693	1.209096	0.658080	-0.244622	-0.598259	-4.353147
W	-2.545792	-2.545792	-2.105219	-3.183222	-2.545792	-2.105219	-4.353147	-4.353147
Y	1.547720	-0.049366	-0.598259	-1.768184	-3.183222	0.415037	0.039171	4.215759
