A	0.907768	0.723990	1.072270	0.308183	-0.047591	0.659143	0.165492	0.308183	-9.150223
C	-4.255406	-6.062760	-3.550310	-5.267580	-3.749344	-3.219486	-4.138996	-3.408756	-9.150223
D	-1.640448	-4.382039	0.365969	1.346381	-0.639459	-1.517228	-0.984060	-1.378734	-9.150223
E	-0.571851	1.562734	-0.741894	1.172831	-0.206976	-0.801495	0.056791	0.597550	-9.150223
F	0.470455	0.924587	0.605916	-1.322087	-0.037784	0.310744	0.461263	-0.321293	1.571303
G	0.162660	-2.036481	-0.441139	0.716283	0.295309	0.179573	-1.732371	-0.333240	-9.150223
H	-0.415514	-4.449784	-0.659372	-0.571851	-0.337244	-0.128549	0.263933	-0.054167	-1.454995
I	0.165492	-0.008755	0.351116	-0.910625	0.813395	0.587024	-0.028042	-1.517228	-4.449784
K	0.645005	-4.031282	-0.107880	0.029064	0.231860	-0.196027	-0.548452	0.889039	-2.878760
L	0.171141	1.295568	1.088778	-0.146003	1.206229	0.675133	2.213227	1.352609	-0.747211
M	-1.003018	-0.720817	-0.600439	-2.723959	-1.267580	-1.660375	-1.526342	-1.670443	-1.935904
N	-0.415514	-1.690792	0.263933	-0.087503	-0.407072	-0.595634	-0.807038	-0.502765	-9.150223
P	-4.940770	-0.309445	-0.467229	1.331324	-0.011951	0.578548	-0.600439	-2.766519	-9.150223
Q	-0.449784	-0.135505	-0.605259	-0.104464	-0.185161	0.171141	0.104805	0.383106	-9.150223
R	0.402446	-2.902296	-1.446320	-0.757906	0.071968	-0.057466	-0.094263	0.640940	-2.474266
S	1.189627	-0.104464	0.733566	0.723990	0.258637	0.490925	-0.236586	0.863099	-9.150223
T	0.341129	0.632775	-0.050875	-0.221705	0.250656	0.570021	-0.067409	0.591244	-9.150223
V	0.578548	1.118319	0.059839	-0.634523	1.049449	0.916202	0.395224	0.095923	-3.477798
W	-2.832811	-2.878760	-2.076082	-3.707280	-3.052191	-2.902296	-2.231360	-5.041699	-3.161539
Y	0.580671	1.055570	0.247986	-1.298474	-0.863666	-0.595634	0.231860	0.003962	3.928428
