A	-1.772590	1.204690	0.410632	-0.053771	-0.357552	-0.474909	-0.742842	0.410632	-0.053771	-2.550197
C	-4.357552	-3.187627	-4.357552	-4.357552	-4.357552	-4.357552	-4.357552	-3.187627	-4.357552	-4.357552
D	3.380540	0.271805	-2.550197	1.449803	-0.148099	-1.072150	-1.772590	-2.109624	-4.357552	-4.357552
E	1.937069	-1.772590	-2.109624	0.271805	-0.148099	-0.357552	0.271805	-0.249028	0.653675	-4.357552
F	-2.109624	1.043327	0.812373	-0.742842	0.034765	-0.249028	1.204690	-0.742842	0.197037	-2.550197
G	-2.109624	-1.499571	-0.898120	1.204690	1.000000	0.761389	1.449803	-2.109624	1.314873	-3.187627
H	-0.898120	-3.187627	-2.109624	-1.772590	-1.499571	-0.474909	-0.742842	-0.474909	0.034765	-4.357552
I	-1.499571	0.118181	-0.148099	-0.898120	0.708537	0.410632	0.596644	1.314873	-2.109624	-4.357552
K	-4.357552	-4.357552	1.314873	0.596644	0.197037	0.537266	0.118181	-0.357552	-0.053771	-1.772590
L	-1.270089	0.475338	1.512813	0.342888	0.596644	0.596644	1.126264	0.410632	0.955331	-1.072150
M	-2.109624	-0.474909	-0.357552	-2.109624	-1.270089	-1.270089	-1.499571	-1.270089	-3.187627	-4.357552
N	-0.898120	-0.357552	-0.474909	0.708537	-0.898120	-0.357552	-0.053771	-1.270089	0.761389	-4.357552
P	-3.187627	-3.187627	-2.109624	0.596644	1.602450	0.861617	0.861617	-1.499571	0.537266	-4.357552
Q	-3.187627	-4.357552	0.812373	-0.357552	-0.602665	-0.357552	-0.898120	-0.474909	0.034765	-4.357552
R	-3.187627	-4.357552	0.761389	-0.053771	0.761389	0.761389	0.271805	1.000000	0.342888	4.177723
S	0.118181	0.034765	-0.148099	0.708537	-0.474909	0.653675	-1.270089	0.537266	0.197037	-4.357552
T	-0.602665	1.204690	-2.550197	-0.602665	-0.898120	0.342888	-1.270089	0.653675	-0.474909	-4.357552
V	-1.072150	1.449803	-0.474909	-0.898120	0.410632	0.410632	-0.357552	1.866450	-1.072150	-4.357552
W	-4.357552	-3.187627	-1.072150	-3.187627	-2.550197	-2.550197	-1.772590	-2.109624	-2.109624	-4.357552
Y	-2.109624	1.659256	1.000000	-1.072150	-0.742842	-0.742842	-0.602665	-0.898120	0.537266	-4.357552
