A	-1.989353	0.883186	0.142353	0.366128	0.366128	-0.065588	0.366128	0.324064	0.189971	0.324064	-5.076816
C	-3.906891	-5.076816	-5.076816	-5.076816	-5.076816	-5.076816	-5.076816	-3.906891	-5.076816	-5.076816	-5.076816
D	3.403975	-2.218835	-1.791413	1.147186	-1.321928	1.263034	0.093109	-1.462106	-1.462106	-2.491853	-5.076816
E	1.811928	-3.906891	-2.218835	1.072932	0.697971	1.217805	0.967579	0.142353	-0.122619	0.366128	-5.076816
F	-2.218835	0.967579	0.366128	-1.194173	-0.522227	-2.218835	-0.601082	0.407000	0.485427	-0.376376	-5.076816
G	-3.906891	-1.617384	-2.218835	0.793549	-0.308631	0.630544	0.664651	-0.065588	-1.076816	0.366128	-5.076816
H	-1.321928	-5.076816	-3.906891	-0.010726	-1.194173	-1.462106	-1.462106	-0.867362	-0.122619	0.559809	-5.076816
I	-1.321928	0.664651	0.939993	-1.791413	0.142353	-1.076816	0.446746	1.194647	0.762388	-1.194173	-5.076816
K	-5.076816	-5.076816	1.733756	-0.684498	0.762388	0.595610	0.793549	0.595610	-0.684498	0.523097	-0.684498
L	-1.791413	1.021216	1.871552	0.093109	0.697971	-0.010726	0.523097	1.749733	0.236067	1.581396	-3.906891
M	-1.076816	-0.308631	0.189971	-2.491853	-1.462106	-2.218835	-1.462106	-1.617384	-0.601082	-1.989353	-5.076816
N	0.664651	0.189971	-0.601082	0.189971	-1.321928	0.559809	-0.181998	-0.968291	-0.065588	0.559809	-5.076816
P	-5.076816	-2.491853	-3.906891	1.489238	0.939993	-0.181998	0.280736	-0.447459	-2.828888	-1.076816	-5.076816
Q	-2.491853	-5.076816	0.093109	-0.065588	-0.243926	-0.684498	-0.122619	-0.968291	0.093109	0.911869	-5.076816
R	-5.076816	-5.076816	1.217805	-0.181998	1.171112	0.280736	-0.684498	0.853922	1.021216	-0.773035	4.233229
S	-0.243926	-0.065588	-1.791413	0.664651	0.595610	0.883186	0.994647	-0.065588	0.142353	0.280736	-5.076816
T	-0.601082	0.762388	-1.462106	-0.447459	-0.968291	0.793549	0.142353	-0.376376	0.236067	-0.447459	-5.076816
V	-1.791413	2.036927	-0.243926	-1.617384	0.485427	-0.601082	-0.243926	-0.308631	1.285128	0.042125	-5.076816
W	-5.076816	-3.269461	-1.791413	-3.906891	-1.462106	-2.491853	-2.828888	-2.218835	-0.773035	-5.076816	-5.076816
Y	-3.906891	1.508147	-0.243926	-0.867362	-0.447459	-1.462106	-1.194173	-0.773035	0.142353	0.236067	-5.076816
