A	-3.000000	0.459432	-0.752072	-0.752072	0.285402	-0.142019	-0.752072	0.087463	0.285402	0.614710	0.614710	-3.000000
C	-3.000000	-3.000000	-3.000000	-3.000000	-3.000000	-3.000000	-1.830075	-3.000000	-3.000000	-3.000000	-3.000000	-3.000000
D	3.467606	-0.142019	-3.000000	2.312883	-1.830075	1.303781	0.754888	0.754888	-1.192645	-0.415037	-1.830075	-3.000000
E	1.700440	-3.000000	-1.192645	0.285402	-0.415037	0.285402	-0.142019	-0.752072	0.285402	-0.415037	0.754888	-3.000000
F	-3.000000	0.754888	0.614710	-1.830075	1.000000	-0.415037	-0.752072	-1.192645	0.882643	0.087463	0.459432	-3.000000
G	-1.192645	-1.830075	-1.830075	0.754888	-0.415037	0.614710	1.108524	0.882643	1.303781	-0.752072	0.882643	-3.000000
H	-1.830075	-3.000000	-1.830075	-1.830075	-3.000000	-1.192645	-0.415037	-1.192645	-0.752072	0.087463	-3.000000	-3.000000
I	-3.000000	0.754888	0.087463	-3.000000	0.459432	0.087463	0.087463	0.285402	0.459432	0.285402	-1.830075	-3.000000
K	-3.000000	-3.000000	0.882643	-0.752072	-0.752072	-1.830075	0.285402	0.754888	0.614710	-1.830075	-0.752072	-1.830075
L	-1.192645	0.614710	1.700440	0.285402	0.754888	0.614710	0.459432	0.459432	1.000000	0.087463	1.000000	-3.000000
M	-1.192645	-0.752072	0.459432	-3.000000	-1.830075	-3.000000	-1.830075	-1.830075	-1.830075	-1.192645	-1.192645	-3.000000
N	-0.142019	0.459432	-0.415037	0.459432	-1.830075	0.882643	0.285402	-0.142019	-0.752072	0.285402	0.754888	-3.000000
P	-3.000000	-3.000000	-0.752072	1.475733	1.108524	-0.752072	0.087463	0.882643	0.087463	-1.830075	-1.192645	-3.000000
Q	-1.192645	-3.000000	1.209453	-1.830075	-1.192645	0.459432	-0.415037	-1.192645	-0.752072	-0.415037	0.754888	-3.000000
R	-3.000000	-1.830075	0.754888	-1.830075	1.209453	-0.142019	-0.142019	0.459432	0.754888	1.475733	0.754888	4.126704
S	-0.752072	0.285402	-0.415037	0.882643	0.754888	1.475733	0.285402	0.882643	-0.142019	-0.142019	0.459432	-3.000000
T	-0.142019	0.754888	-1.830075	-0.142019	-0.752072	-0.415037	0.614710	-0.415037	-0.752072	0.285402	0.087463	-3.000000
V	-3.000000	2.066089	-0.415037	-0.142019	0.882643	-1.192645	0.614710	0.614710	-0.142019	1.392317	-0.752072	-3.000000
W	-3.000000	-3.000000	-3.000000	-3.000000	-1.192645	-1.192645	-3.000000	-1.192645	-3.000000	-0.752072	-3.000000	-3.000000
Y	-3.000000	1.209453	0.882643	-1.830075	0.087463	-1.192645	-0.415037	-3.000000	-1.192645	-0.415037	0.087463	-3.000000
