A	-2.108524	-0.301170	-0.938599	-0.938599	0.978938	0.139403	0.139403	-0.301170	0.476438	0.476438	0.476438	-2.108524	-2.108524
C	-2.108524	-2.108524	-2.108524	-2.108524	-2.108524	-2.108524	-2.108524	-2.108524	-2.108524	-2.108524	-2.108524	-2.108524	-2.108524
D	3.491388	-2.108524	-2.108524	1.891476	0.139403	0.978938	0.139403	0.139403	-0.301170	-0.938599	-0.301170	-2.108524	-2.108524
E	0.978938	-2.108524	-0.301170	1.350907	0.139403	1.646363	1.176878	-0.938599	0.978938	0.978938	-2.108524	-0.301170	-2.108524
F	-0.938599	-0.301170	0.476438	-0.938599	0.476438	0.139403	-0.301170	-0.938599	-2.108524	-2.108524	1.176878	0.476438	-2.108524
G	-0.938599	0.749457	-2.108524	0.139403	-2.108524	-0.938599	0.749457	1.176878	0.749457	1.176878	-0.938599	-0.301170	-2.108524
H	-2.108524	-2.108524	-0.938599	-0.938599	-2.108524	-2.108524	-0.938599	-2.108524	-0.301170	-2.108524	-0.938599	0.749457	-2.108524
I	-2.108524	0.139403	1.891476	-2.108524	1.176878	-0.301170	0.749457	0.476438	0.139403	0.139403	0.978938	-0.301170	-2.108524
K	-2.108524	-2.108524	1.176878	-0.938599	0.476438	0.139403	0.139403	0.139403	1.176878	0.139403	-0.938599	1.176878	-2.108524
L	-0.938599	1.891476	0.978938	-2.108524	-0.301170	0.139403	0.749457	0.978938	-0.938599	1.506185	0.476438	0.749457	-2.108524
M	-2.108524	0.139403	-0.301170	-2.108524	-0.938599	-2.108524	-2.108524	-2.108524	-2.108524	-2.108524	-0.301170	0.139403	-2.108524
N	0.476438	-2.108524	-0.938599	0.476438	-0.938599	-0.301170	0.476438	-0.301170	0.749457	-2.108524	-0.938599	-0.938599	-2.108524
P	-2.108524	-2.108524	-2.108524	0.749457	1.350907	-0.938599	-0.938599	-0.301170	-0.938599	-0.938599	-2.108524	-0.938599	-2.108524
Q	-2.108524	-2.108524	1.350907	-0.938599	-0.938599	-0.301170	0.139403	0.476438	0.139403	-0.938599	-0.938599	0.749457	-2.108524
R	-2.108524	-2.108524	0.476438	-0.301170	-0.938599	0.139403	-2.108524	0.476438	0.476438	0.978938	1.646363	-0.938599	3.962938
S	-2.108524	-0.938599	-0.938599	1.506185	0.476438	0.749457	0.476438	0.476438	0.476438	1.176878	0.476438	0.749457	-2.108524
T	-0.938599	0.978938	-2.108524	0.139403	-0.301170	0.476438	-0.301170	0.139403	-0.938599	-0.301170	0.139403	0.749457	-2.108524
V	-0.938599	1.646363	0.139403	-0.938599	0.139403	-0.301170	0.476438	0.476438	0.139403	-2.108524	-0.301170	-0.938599	-2.108524
W	-2.108524	-2.108524	-2.108524	-2.108524	-2.108524	-2.108524	-2.108524	-0.938599	-2.108524	-0.938599	-0.301170	-2.108524	-2.108524
Y	-2.108524	1.506185	-0.938599	-0.938599	0.139403	0.139403	-0.938599	-0.301170	-0.301170	-0.301170	-0.301170	0.476438	-2.108524
