A	-1.135160	1.686842	-1.135160	-1.772590	-1.135160	0.516917	0.812373	-2.942515
C	-2.942515	-2.942515	-2.942515	-2.942515	-2.942515	-2.942515	-2.942515	-2.942515
D	3.232411	-2.942515	-1.772590	-2.942515	-0.694587	-2.942515	-1.772590	-2.942515
E	1.533219	-2.942515	-1.772590	-0.694587	-1.772590	-1.772590	0.516917	-2.942515
F	-1.135160	-1.135160	1.361266	-1.135160	-0.694587	0.940129	0.144948	-2.942515
G	-2.942515	-1.135160	-0.694587	-2.942515	-0.357552	-2.942515	-0.357552	-2.942515
H	-0.694587	-1.772590	-0.694587	-0.694587	-0.694587	0.940129	-0.357552	-2.942515
I	-2.942515	-0.694587	0.516917	1.952303	1.166010	0.342888	-1.772590	-2.942515
K	-2.942515	-2.942515	-0.357552	0.812373	-1.772590	0.144948	0.144948	-2.942515
L	-1.772590	1.057485	1.266939	0.812373	-1.772590	0.144948	0.516917	-2.942515
M	-0.357552	-0.084534	-0.357552	-1.772590	-1.772590	-1.135160	-2.942515	-2.942515
N	0.144948	1.057485	1.266939	-1.135160	-1.135160	-1.135160	1.533219	-2.942515
P	-2.942515	-0.694587	-2.942515	-0.694587	3.374898	-0.694587	0.144948	-2.942515
Q	-2.942515	-2.942515	-0.694587	-1.135160	-1.772590	-1.135160	-0.357552	-2.942515
R	-2.942515	-2.942515	0.342888	1.166010	-1.772590	-0.357552	-1.135160	4.131627
S	-0.357552	0.516917	-0.694587	-0.084534	-2.942515	0.342888	1.266939	-2.942515
T	-1.135160	1.057485	-0.694587	0.672195	-0.357552	0.940129	0.144948	-2.942515
V	-1.135160	1.686842	-0.694587	1.612074	-0.357552	1.533219	-1.772590	-2.942515
W	-2.942515	-2.942515	0.812373	-2.942515	-2.942515	0.144948	-2.942515	-2.942515
Y	0.342888	0.672195	0.672195	-1.135160	-2.942515	-0.694587	0.672195	-2.942515
