A	-3.557295	1.390041	-0.136963	0.360867	-0.627949	-0.304908	0.545067	0.213223	-6.644758
C	-6.644758	-4.837403	-5.474833	-6.644758	-5.474833	-6.644758	-5.474833	-6.644758	-6.644758
D	3.235208	-3.185326	-2.644758	0.835023	-1.377971	-2.090169	-1.811868	-2.169024	-6.644758
E	1.998197	-6.644758	-1.525817	1.191293	-0.714020	-0.261053	-0.684756	0.751847	-6.644758
F	-2.644758	0.884673	0.640645	-1.160942	0.228687	0.979124	0.288933	-0.004513	-5.474833
G	-5.474833	-1.944318	-1.944318	0.429384	-0.445085	-0.714020	-2.252440	0.532662	-6.644758
H	-0.869971	-5.474833	-1.160942	-0.774393	-0.041131	-1.008133	0.318138	-0.041131	-3.185326
I	-1.243878	0.804391	0.374833	-0.656073	0.884673	1.450639	1.059146	-2.435304	-6.644758
K	-4.837403	-6.644758	1.041743	0.581655	0.708389	0.197593	-0.495010	0.213223	0.165814
L	-0.972332	0.997294	1.779409	0.532662	0.783603	1.333953	-0.041131	0.794034	-3.557295
M	-1.377971	-0.197674	-0.684756	-2.169024	-2.169024	-1.201814	-1.633530	-1.876573	-5.474833
N	0.652159	-0.041131	0.581655	0.013454	-0.805554	-1.082515	-0.469832	0.824884	-6.644758
P	-6.644758	-1.121196	-3.359355	0.520149	1.489669	0.415938	-1.425589	0.274106	-6.644758
Q	-1.749940	-5.474833	0.874879	-0.117281	-0.774393	-0.903291	-0.197674	0.741105	-6.644758
R	-4.396830	-5.474833	0.605541	0.288933	0.855088	-0.282814	-0.197674	-0.495010	4.201516
S	-0.117281	0.415938	-0.420756	0.455905	-0.304908	-0.239616	0.494794	0.520149	-6.644758
T	-0.869971	0.814674	-1.474833	-0.022706	-0.684756	0.048729	0.708389	0.429384	-6.644758
V	-0.805554	1.768870	-0.656073	-0.177152	0.741105	0.997294	1.698428	-0.097863	-4.837403
W	-4.396830	-2.644758	-0.937398	-2.762115	-1.008133	-1.811868	-0.656073	-3.185326	-6.644758
Y	-1.331875	1.222521	0.741105	-1.044845	-0.600363	-0.197674	0.116794	-0.041131	-3.557295
