A	-0.584963	-0.584963	-0.584963	-0.584963	-0.584963	0.584963	-0.584963	-0.584963	0.584963	-0.584963
C	-0.584963	-0.584963	-0.584963	-0.584963	-0.584963	-0.584963	-0.584963	-0.584963	-0.584963	-0.584963
D	-0.584963	-0.584963	-0.584963	1.222392	-0.584963	-0.584963	-0.584963	-0.584963	-0.584963	-0.584963
E	-0.584963	-0.584963	-0.584963	-0.584963	-0.584963	-0.584963	-0.584963	0.584963	-0.584963	-0.584963
F	-0.584963	-0.584963	1.222392	0.584963	-0.584963	-0.584963	-0.584963	-0.584963	-0.584963	1.662965
G	0.584963	-0.584963	-0.584963	1.222392	0.584963	0.584963	-0.584963	0.584963	0.584963	-0.584963
H	-0.584963	-0.584963	-0.584963	-0.584963	-0.584963	-0.584963	-0.584963	-0.584963	0.584963	-0.584963
I	-0.584963	-0.584963	1.222392	0.584963	-0.584963	-0.584963	-0.584963	-0.584963	-0.584963	-0.584963
K	1.222392	-0.584963	0.584963	-0.584963	-0.584963	0.584963	-0.584963	0.584963	0.584963	1.222392
L	-0.584963	-0.584963	-0.584963	0.584963	-0.584963	0.584963	0.584963	-0.584963	0.584963	-0.584963
M	-0.584963	-0.584963	-0.584963	-0.584963	-0.584963	-0.584963	-0.584963	-0.584963	-0.584963	-0.584963
N	-0.584963	-0.584963	0.584963	-0.584963	-0.584963	-0.584963	1.222392	0.584963	-0.584963	-0.584963
P	-0.584963	-0.584963	-0.584963	-0.584963	0.584963	0.584963	0.584963	-0.584963	-0.584963	-0.584963
Q	-0.584963	-0.584963	0.584963	-0.584963	0.584963	-0.584963	0.584963	0.584963	-0.584963	-0.584963
R	1.662965	2.000000	0.584963	-0.584963	-0.584963	-0.584963	0.584963	-0.584963	-0.584963	0.584963
S	1.222392	-0.584963	-0.584963	-0.584963	1.662965	1.222392	0.584963	0.584963	-0.584963	-0.584963
T	-0.584963	-0.584963	-0.584963	-0.584963	0.584963	-0.584963	-0.584963	-0.584963	1.222392	-0.584963
V	-0.584963	0.584963	-0.584963	-0.584963	0.584963	0.584963	0.584963	0.584963	-0.584963	-0.584963
W	-0.584963	-0.584963	-0.584963	-0.584963	-0.584963	-0.584963	-0.584963	0.584963	-0.584963	-0.584963
Y	-0.584963	1.662965	-0.584963	0.584963	-0.584963	-0.584963	-0.584963	-0.584963	0.584963	1.222392
