A	0.898532	-0.183503	0.273135	-0.738092	0.094798	0.094798	0.094798	-0.983205	-4.738092
C	-4.738092	-4.738092	-4.738092	-4.738092	-3.568167	-4.738092	-4.738092	-4.738092	-4.738092
D	-4.738092	-4.738092	-0.108736	1.902153	-0.983205	-2.153130	-3.568167	-1.880111	-4.738092
E	-1.880111	-4.738092	-3.568167	1.729513	-0.629568	-1.123382	0.216104	0.934333	-4.738092
F	-0.855449	-1.278661	1.436833	-2.490165	0.094798	0.969267	0.662787	-1.278661	3.008422
G	0.273135	-4.738092	-2.490165	0.704851	0.327997	-1.650629	-3.568167	-0.629568	-4.738092
H	-1.278661	-4.738092	-1.452690	-1.452690	0.094798	-1.123382	1.003375	0.273135	-4.738092
I	-0.434312	-2.490165	1.509835	-2.930737	1.132272	1.359940	0.380849	-2.930737	0.030092
K	2.195598	-3.568167	-1.123382	0.431833	1.003375	-2.153130	-0.983205	1.036695	0.662787
L	-2.930737	-1.278661	1.937865	-0.528639	0.745724	1.162775	0.785470	0.662787	2.570247
M	-3.568167	-3.568167	0.216104	-4.738092	-1.880111	-2.153130	-1.452690	-1.650629	-0.983205
N	-2.153130	-4.738092	0.216104	-0.528639	-0.528639	-0.855449	-0.108736	0.216104	-4.738092
P	-4.738092	-4.738092	-2.153130	1.485909	-0.528639	1.533371	-0.262359	-3.568167	-4.738092
Q	-0.738092	0.481076	-0.345775	-0.108736	-0.108736	-0.629568	0.327997	0.619460	-4.738092
R	1.972714	0.662787	-3.568167	-2.490165	-0.434312	-2.490165	-0.983205	0.273135	-0.183503
S	1.359940	-2.930737	-0.262359	0.898532	0.156726	0.216104	-0.037653	1.221910	-3.568167
T	-0.629568	-0.738092	-0.738092	0.030092	0.216104	0.481076	0.619460	1.623852	-4.738092
V	0.216104	-0.855449	-0.037653	-1.650629	1.101112	1.509835	1.533371	-0.037653	-1.123382
W	-4.738092	-2.490165	-2.930737	-4.738092	-2.490165	-4.738092	-2.153130	-4.738092	-3.568167
Y	-0.183503	3.727474	0.481076	-3.568167	-0.983205	-0.983205	-0.108736	-0.983205	0.030092
