A	1.114617	-0.377021	1.530515	-0.195310	0.145277	-0.329403	0.274175	0.850893	-2.508727
C	-5.596190	-5.596190	-5.596190	-5.596190	-4.426265	-3.348262	-3.348262	-4.426265	-5.596190
D	-3.788835	-5.596190	0.698431	2.445469	-0.701372	-0.763300	-0.966833	-2.738209	-5.596190
E	-2.310788	-5.596190	-3.788835	2.518854	0.363812	-0.153246	0.304677	1.292553	-5.596190
F	1.062022	-3.011227	0.743660	-3.348262	-0.329403	-1.041601	-0.828005	-0.584963	-1.292409
G	-0.238638	-3.788835	-2.508727	0.501842	0.651738	-1.713547	-4.426265	-0.477249	-5.596190
H	-1.120456	-4.426265	-0.763300	-1.292409	0.003723	-1.203872	1.277254	-0.112374	-5.596190
I	-0.033947	0.743660	1.181887	-3.788835	0.578736	1.665905	0.603483	-2.738209	0.211165
K	1.842602	-5.596190	-1.981480	-1.292409	0.850893	-0.530101	-1.292409	0.698431	-5.596190
L	-0.763300	3.586205	1.292553	-2.508727	1.097297	1.630222	0.243014	0.145277	3.699579
M	-2.136758	-0.530101	0.392495	-3.788835	-2.508727	-1.596190	-1.487665	-2.738209	-1.713547
N	-1.386736	-4.426265	-1.203872	-0.763300	-0.329403	0.003723	-0.195310	-0.828005	-5.596190
P	-5.596190	-3.788835	0.274175	0.931287	-1.713547	-0.195310	0.475273	-5.596190	-5.596190
Q	-1.981480	-0.283307	-0.895750	-1.292409	-0.112374	-0.477249	0.420619	0.830075	-5.596190
R	0.808952	-4.426265	-5.596190	-2.508727	0.334548	-1.713547	-1.041601	0.743660	-5.596190
S	1.261791	-3.011227	0.527932	0.475273	0.003723	0.178597	-0.530101	0.911605	-5.596190
T	0.178597	-0.895750	-0.966833	-1.203872	0.334548	0.274175	0.911605	1.181887	-5.596190
V	0.527932	1.504473	0.003723	-1.981480	0.651738	1.863242	1.581230	-0.763300	2.215988
W	-5.596190	-5.596190	-5.596190	-5.596190	-3.348262	-5.596190	-5.596190	-5.596190	-5.596190
Y	0.448204	-5.596190	0.578736	-3.348262	-0.426265	-2.310788	-0.377021	0.501842	-4.426265
