A	0.944329	-0.519420	0.641670	-0.316408	0.199197	-0.232799	-0.035693	0.623837	1.761503	-3.741813
C	-5.219860	-4.442252	-5.857290	-5.857290	-4.779287	-7.027215	-7.027215	-4.169234	-3.412505	-7.027215
D	-0.643511	-3.741813	0.521607	0.893138	-0.519420	-1.252428	-1.714332	-1.857290	-2.015988	-7.027215
E	-0.108352	-1.464972	-2.015988	0.979812	-0.153771	-1.319856	-0.709802	-0.021590	0.735997	-7.027215
F	0.358648	-1.464972	0.073447	-2.132397	-1.319856	-2.551481	-0.351258	-2.194325	-1.961126	1.522570
G	-1.857290	-3.027215	-1.669663	0.411577	0.760688	0.659286	0.863049	-1.319856	-1.156850	-7.027215
H	-0.265664	-3.412505	-0.687365	-1.126348	-0.580132	-0.351258	-0.265664	0.369390	-1.714332	-7.027215
I	-0.852289	-0.852289	-0.265664	-1.427302	-1.427302	-0.687365	0.060248	0.246581	-1.584271	-1.543399
K	0.046927	-5.857290	1.224268	1.327034	1.740969	1.508060	0.735997	-0.803213	-0.709802	-5.857290
L	0.784962	1.407413	0.578265	0.587495	0.046927	0.006208	1.074761	1.412616	-0.049935	3.888851
M	-0.580132	-1.584271	-0.480320	-2.326775	-2.918690	-3.939752	-1.584271	-1.503653	-3.027215	-0.078848
N	-0.903094	-4.442252	-0.333728	-0.316408	-0.559609	-0.519420	-0.665271	-0.265664	-2.472626	-7.027215
P	-4.442252	3.663001	-0.021590	1.638121	1.188318	0.885674	0.578265	-0.539375	-1.908274	-7.027215
Q	-0.299294	-1.961126	-0.982821	-0.035693	-0.559609	-0.282381	-0.249138	0.314860	0.019909	-5.857290
R	1.458614	-1.464972	1.890157	0.019909	1.182238	2.078694	1.007584	-0.108352	-1.156850	-7.027215
S	1.332535	-2.817762	0.587495	0.735997	0.492421	0.659286	0.358648	0.878172	2.327585	-7.027215
T	-0.078848	-4.169234	-1.584271	-0.755752	-0.184865	-0.035693	0.432217	1.176133	1.402192	-7.027215
V	0.033481	-0.369003	-1.285748	-1.427302	0.099490	-0.282381	0.511944	1.081310	0.735997	-0.405163
W	-2.634897	-5.219860	-3.144572	-3.939752	-2.817762	-4.442252	-3.412505	-3.144572	-5.857290	-5.219860
Y	0.401145	-1.503653	0.033481	-2.723434	-2.551481	-2.073019	-1.354790	-1.188011	-1.714332	-4.169234
