A	0.673255	-1.341293	0.288457	-0.539520	-0.149867	0.121679	0.437938	0.350120	0.437938	1.939101	-4.380822
C	-5.550747	-5.550747	-5.550747	-4.380822	-5.550747	-5.550747	-3.743392	-5.550747	-3.743392	-5.550747	-5.550747
D	-0.283960	-2.965784	0.049166	0.720716	-0.782562	0.085878	-1.550747	-0.717857	-1.936037	-2.965784	-5.550747
E	-0.380822	-1.795859	-1.158429	1.142740	-0.850307	0.409255	-0.380822	0.520716	-0.331578	0.085878	-5.550747
F	0.437938	-2.965784	-0.331578	-1.795859	-1.550747	-1.075013	-1.442222	-0.431806	-2.265345	-1.795859	0.875518
G	-2.265345	-4.380822	-1.442222	0.437938	0.085878	0.976730	0.256608	0.409255	-1.442222	-2.265345	-5.550747
H	-0.850307	-3.302819	-1.075013	-1.158429	-0.380822	-0.655929	-0.283960	-0.149867	1.210804	-2.265345	-5.550747
I	-0.539520	-1.075013	-0.921390	-1.075013	-1.158429	-1.246966	-1.075013	-0.107803	0.121679	-0.996158	-1.668104
K	0.156612	-4.380822	1.496377	0.599000	2.135754	1.275802	1.867106	0.599000	-0.850307	-0.850307	-5.550747
L	0.937093	1.337996	0.720716	0.957048	0.573375	0.350120	0.789103	1.015307	1.142740	-0.484658	4.030454
M	-0.539520	-1.442222	-0.107803	-1.668104	-2.965784	-1.936037	-2.692766	-1.246966	-1.795859	-3.302819	-0.380822
N	-1.158429	-5.550747	-0.380822	-0.717857	-0.107803	-0.782562	-1.075013	-0.431806	0.011496	-2.463284	-5.550747
P	-5.550747	3.815029	-1.341293	1.651377	0.976730	0.854395	0.049166	0.049166	-1.246966	-2.091315	-5.550747
Q	-0.539520	-2.463284	-0.921390	0.085878	-0.283960	-0.539520	-0.149867	-0.717857	0.854395	0.624179	-5.550747
R	1.468844	-3.743392	2.293174	-0.107803	1.160060	0.996148	1.601538	0.743874	0.085878	-1.341293	-5.550747
S	1.496377	-2.091315	0.409255	0.573375	0.437938	0.957048	0.350120	0.996148	1.089498	2.245293	-5.550747
T	0.156612	-3.743392	-1.795859	-0.193195	-0.193195	0.350120	-0.193195	-0.283960	0.957048	1.562995	-5.550747
V	0.085878	-0.996158	-0.782562	-0.380822	-0.331578	-0.850307	0.256608	0.493647	0.720716	0.996148	-1.442222
W	-2.965784	-3.743392	-3.743392	-3.302819	-5.550747	-3.302819	-4.380822	-2.463284	-3.743392	-5.550747	-5.550747
Y	0.288457	-2.091315	-0.237864	-3.302819	-1.668104	-3.302819	-2.091315	-1.550747	-1.341293	-1.668104	-4.380822
