A	0.204820	-0.634716	0.732067	0.204820	-0.297681	0.576789	-0.634716	-1.075288	0.204820	1.000000	2.128584	-2.882643
C	-2.882643	-2.882643	-2.882643	-2.882643	-2.882643	-2.882643	-2.882643	-2.882643	-2.882643	-2.882643	-2.882643	-2.882643
D	-0.297681	-1.075288	-1.712718	-0.024662	-0.634716	0.576789	-0.297681	-0.634716	-0.634716	-2.882643	-2.882643	-2.882643
E	1.326810	-2.882643	-0.297681	0.576789	-0.024662	-0.297681	0.872244	-0.634716	-0.297681	-1.712718	0.576789	-2.882643
F	-1.075288	-2.882643	-0.634716	-0.634716	-1.712718	-0.024662	-1.712718	-2.882643	-0.024662	-1.712718	-2.882643	0.732067
G	-2.882643	-1.712718	-1.712718	0.872244	0.204820	0.576789	1.117357	1.117357	0.204820	-2.882643	-2.882643	-2.882643
H	-1.075288	-1.075288	-1.712718	-1.075288	-0.024662	-0.634716	-2.882643	-0.634716	-0.297681	-0.024662	-1.075288	-2.882643
I	-1.712718	-2.882643	0.872244	-0.024662	-0.297681	-1.712718	0.204820	-1.712718	-0.024662	-0.634716	-1.075288	-1.712718
K	-0.634716	-1.712718	2.071553	0.204820	1.117357	1.326810	-0.297681	1.950247	0.402759	-1.075288	-2.882643	-2.882643
L	-0.024662	1.671946	-0.634716	1.000000	1.326810	0.402759	1.000000	-0.297681	0.872244	1.225881	-0.024662	3.959707
M	0.204820	-1.075288	-1.075288	-2.882643	-2.882643	-2.882643	-2.882643	-2.882643	-2.882643	-1.075288	-2.882643	-2.882643
N	-0.634716	-2.882643	-1.712718	-0.297681	-0.297681	-0.297681	-2.882643	-2.882643	-0.634716	-0.024662	-2.882643	-2.882643
P	-2.882643	3.584963	-1.712718	1.671946	1.746714	-0.297681	1.421138	0.402759	0.872244	-0.024662	-1.712718	-2.882643
Q	-0.634716	-1.075288	-1.712718	-1.075288	-0.297681	-1.075288	-0.297681	-0.297681	-0.634716	0.204820	-0.024662	-2.882643
R	0.204820	-2.882643	2.601173	-1.712718	0.204820	0.402759	0.576789	2.128584	0.872244	0.204820	-2.882643	-2.882643
S	2.518236	-2.882643	-2.882643	1.421138	-0.634716	0.204820	0.872244	1.117357	0.732067	1.117357	2.679599	-2.882643
T	0.402759	-1.712718	-1.075288	-1.075288	-0.297681	0.732067	-0.024662	-1.075288	1.000000	0.402759	1.117357	-2.882643
V	-0.297681	-2.882643	-2.882643	-0.634716	0.204820	0.872244	0.732067	-1.712718	-0.297681	1.326810	-0.634716	-1.712718
W	-2.882643	-2.882643	-2.882643	-1.712718	-2.882643	-2.882643	-2.882643	-1.712718	-1.712718	-2.882643	-2.882643	-2.882643
Y	-0.634716	-2.882643	-0.297681	-2.882643	-1.075288	-1.075288	-2.882643	-2.882643	-1.712718	0.732067	-1.075288	-2.882643
