A	1.000000	-1.247928	-1.247928	0.559427	-0.078003	-0.078003	-0.078003	-0.078003	-1.247928	-0.078003	-1.247928	1.610053	-1.247928
C	-1.247928	-1.247928	-1.247928	-1.247928	-1.247928	-1.247928	-1.247928	-1.247928	-1.247928	-1.247928	-1.247928	-1.247928	-1.247928
D	0.559427	-1.247928	0.559427	-0.078003	0.559427	-1.247928	-0.078003	0.559427	-0.078003	-1.247928	-1.247928	-1.247928	-1.247928
E	-0.078003	-1.247928	-1.247928	1.337035	-1.247928	-1.247928	-1.247928	1.337035	-1.247928	-1.247928	0.559427	1.000000	-1.247928
F	0.559427	-1.247928	-0.078003	-1.247928	-0.078003	-1.247928	-0.078003	-1.247928	-0.078003	-0.078003	-1.247928	-1.247928	-1.247928
G	-1.247928	-1.247928	-1.247928	0.559427	0.559427	0.559427	-0.078003	-1.247928	-1.247928	-0.078003	-1.247928	-1.247928	-1.247928
H	-0.078003	-1.247928	-1.247928	-1.247928	-1.247928	0.559427	1.000000	0.559427	0.559427	-0.078003	0.559427	-1.247928	-1.247928
I	-0.078003	0.559427	1.337035	-1.247928	-1.247928	1.000000	-0.078003	0.559427	-1.247928	1.337035	-0.078003	-1.247928	-1.247928
K	-1.247928	-1.247928	-1.247928	-0.078003	0.559427	-0.078003	0.559427	-0.078003	1.337035	0.559427	0.559427	-1.247928	-1.247928
L	-0.078003	1.337035	0.559427	-0.078003	-0.078003	1.610053	-0.078003	-0.078003	-1.247928	-1.247928	1.000000	-0.078003	3.520257
M	-1.247928	-1.247928	-1.247928	-1.247928	-1.247928	-0.078003	-1.247928	-1.247928	-1.247928	-1.247928	0.559427	-1.247928	-0.078003
N	1.000000	-1.247928	-1.247928	-1.247928	-0.078003	-0.078003	-0.078003	-1.247928	-1.247928	-1.247928	-1.247928	-1.247928	-1.247928
P	-1.247928	3.055853	-0.078003	1.337035	0.559427	0.559427	-1.247928	-0.078003	-1.247928	-1.247928	-0.078003	-1.247928	-1.247928
Q	-1.247928	-1.247928	-1.247928	-0.078003	-1.247928	-1.247928	1.000000	0.559427	-1.247928	-0.078003	-0.078003	-1.247928	-1.247928
R	-0.078003	-1.247928	2.506960	-0.078003	1.000000	-1.247928	0.559427	0.559427	2.506960	-1.247928	-1.247928	-0.078003	-1.247928
S	1.337035	-0.078003	-0.078003	1.000000	1.337035	1.000000	-0.078003	0.559427	0.559427	2.037475	1.337035	2.506960	-1.247928
T	-0.078003	-1.247928	-0.078003	-1.247928	-0.078003	-1.247928	1.000000	-0.078003	-1.247928	0.559427	0.559427	0.559427	-1.247928
V	-0.078003	-1.247928	-1.247928	-0.078003	0.559427	-0.078003	-1.247928	-0.078003	-0.078003	0.559427	0.559427	-1.247928	-1.247928
W	-1.247928	-1.247928	-1.247928	-0.078003	-1.247928	-1.247928	-1.247928	-1.247928	-0.078003	-1.247928	-1.247928	-1.247928	-1.247928
Y	-0.078003	-1.247928	-1.247928	-1.247928	-1.247928	-1.247928	-0.078003	-1.247928	-1.247928	-1.247928	-1.247928	-1.247928	-1.247928
