A	-0.321928	-0.321928	-0.321928	-0.321928	0.847997	-0.321928	-0.321928	-0.321928	-0.321928	0.847997	-0.321928	-0.321928	1.485427	-0.321928
C	-0.321928	-0.321928	-0.321928	-0.321928	-0.321928	-0.321928	-0.321928	-0.321928	-0.321928	-0.321928	-0.321928	-0.321928	-0.321928	-0.321928
D	-0.321928	-0.321928	-0.321928	0.847997	0.847997	-0.321928	-0.321928	-0.321928	-0.321928	-0.321928	-0.321928	-0.321928	-0.321928	-0.321928
E	-0.321928	0.847997	-0.321928	-0.321928	-0.321928	0.847997	0.847997	-0.321928	0.847997	-0.321928	-0.321928	-0.321928	0.847997	-0.321928
F	-0.321928	-0.321928	-0.321928	-0.321928	-0.321928	-0.321928	-0.321928	-0.321928	-0.321928	-0.321928	-0.321928	-0.321928	-0.321928	-0.321928
G	-0.321928	-0.321928	-0.321928	0.847997	-0.321928	0.847997	0.847997	-0.321928	-0.321928	-0.321928	-0.321928	-0.321928	-0.321928	-0.321928
H	-0.321928	-0.321928	-0.321928	-0.321928	-0.321928	-0.321928	-0.321928	-0.321928	-0.321928	-0.321928	-0.321928	-0.321928	-0.321928	-0.321928
I	-0.321928	-0.321928	-0.321928	-0.321928	-0.321928	-0.321928	-0.321928	-0.321928	0.847997	-0.321928	0.847997	0.847997	-0.321928	-0.321928
K	-0.321928	-0.321928	-0.321928	-0.321928	0.847997	0.847997	-0.321928	0.847997	-0.321928	0.847997	-0.321928	-0.321928	-0.321928	-0.321928
L	-0.321928	0.847997	-0.321928	0.847997	0.847997	-0.321928	0.847997	-0.321928	-0.321928	-0.321928	-0.321928	-0.321928	-0.321928	2.263034
M	0.847997	-0.321928	0.847997	-0.321928	-0.321928	-0.321928	-0.321928	-0.321928	-0.321928	-0.321928	-0.321928	-0.321928	-0.321928	-0.321928
N	-0.321928	-0.321928	-0.321928	-0.321928	-0.321928	-0.321928	0.847997	-0.321928	-0.321928	-0.321928	-0.321928	-0.321928	-0.321928	-0.321928
P	-0.321928	1.485427	-0.321928	0.847997	-0.321928	0.847997	-0.321928	-0.321928	1.485427	-0.321928	0.847997	0.847997	-0.321928	-0.321928
Q	0.847997	-0.321928	0.847997	-0.321928	-0.321928	-0.321928	-0.321928	-0.321928	-0.321928	-0.321928	-0.321928	-0.321928	-0.321928	-0.321928
R	0.847997	-0.321928	0.847997	-0.321928	-0.321928	-0.321928	-0.321928	1.485427	-0.321928	1.485427	-0.321928	-0.321928	-0.321928	-0.321928
S	0.847997	-0.321928	-0.321928	-0.321928	-0.321928	-0.321928	-0.321928	0.847997	-0.321928	-0.321928	0.847997	0.847997	0.847997	-0.321928
T	-0.321928	-0.321928	0.847997	-0.321928	-0.321928	-0.321928	-0.321928	-0.321928	-0.321928	-0.321928	-0.321928	-0.321928	-0.321928	-0.321928
V	-0.321928	-0.321928	-0.321928	-0.321928	-0.321928	-0.321928	-0.321928	-0.321928	-0.321928	-0.321928	-0.321928	-0.321928	-0.321928	-0.321928
W	-0.321928	-0.321928	-0.321928	-0.321928	-0.321928	-0.321928	-0.321928	-0.321928	-0.321928	-0.321928	-0.321928	-0.321928	-0.321928	-0.321928
Y	-0.321928	-0.321928	-0.321928	-0.321928	-0.321928	-0.321928	-0.321928	-0.321928	-0.321928	-0.321928	0.847997	0.847997	-0.321928	-0.321928
