A	-0.467448	1.451534	-0.119902	-0.565149	-0.691857	0.394255	1.230607	-2.201142
C	-6.508068	-6.781086	-6.080647	-5.483406	-7.558694	-4.597865	-3.241928	-5.611161
D	1.327438	-4.299960	-0.963037	-1.653522	-5.483406	-2.069133	-2.539500	-9.366049
E	1.082326	-1.498770	-2.046377	0.597570	-3.048636	0.332656	1.062835	-9.366049
F	0.364846	-0.952421	-0.276598	-1.373111	-2.447186	-0.732146	-2.163925	0.174563
G	-3.435312	-0.143858	-1.345069	-1.416222	-1.394505	-2.655243	-1.022863	-9.366049
H	0.531040	-3.166377	0.323949	-0.759644	1.048372	0.982126	-1.394505	-9.366049
I	-0.152945	0.259203	-0.320289	0.261485	-1.206178	-0.383055	-0.340909	0.270576
K	-1.168832	-1.594559	2.581497	1.817586	3.137590	0.544219	0.457318	-7.558694
L	1.163870	2.075987	1.120535	1.632541	-0.755024	0.400480	0.889275	3.888242
M	-0.397382	-0.441236	-0.691857	-2.127644	-3.558694	-2.115751	-1.453160	0.125303
N	-0.159035	-0.850349	-0.415493	-1.073727	-2.587972	0.152604	-1.769859	-9.366049
P	-2.305353	2.070142	-1.270652	-0.269993	-1.423534	0.231538	-2.023974	-7.118121
Q	-0.400986	-0.011249	-0.952421	0.152604	-1.653522	0.573898	0.288587	-8.196124
R	-0.700713	-0.565149	1.081034	0.816656	2.062965	0.549830	-0.090506	-9.366049
S	0.356332	-0.250355	-1.050899	-0.286564	-1.011800	0.459307	1.177225	-6.080647
T	0.189019	-1.416222	-1.310767	0.174563	-1.553872	0.531040	0.901030	-4.471231
V	0.037496	0.084647	-0.900483	0.601177	-0.505738	0.892223	1.477283	0.488819
W	-3.048636	-7.558694	-2.918966	-4.597865	-6.278586	-2.587972	-5.906617	-5.906617
Y	0.517740	-2.898443	-0.137832	-1.387338	-3.321655	-0.850349	-2.462167	-5.366049
