A	0.401836	0.765709	0.453492	0.030046	-0.611334	0.379561	0.407161	1.615469	-1.154002
C	-6.105959	-6.177042	-5.852202	-5.587230	-6.502618	-4.606726	-4.130442	-3.509482	-4.762004
D	0.443159	-4.259504	0.391125	0.587528	-2.054855	-1.802178	-1.569189	-2.050676	-10.806399
E	0.705231	-1.145066	-1.476602	1.508751	-0.850022	-0.594510	0.326744	1.132905	-8.558471
F	0.472486	-1.050259	-0.151539	-1.877880	-0.890519	-0.114001	-0.951530	-1.870497	1.239958
G	-1.584207	-1.277944	-1.655382	-0.083804	-0.483344	-0.207416	-2.042356	-1.260951	-10.806399
H	-0.025244	-1.633346	-0.107477	-1.405519	0.245830	-0.599079	0.368683	-0.957385	-5.282837
I	-0.286271	0.058368	0.117115	-0.653480	-0.529111	0.797923	0.207099	-1.805694	0.396490
K	0.175347	-4.044847	1.797691	1.011285	2.237227	0.432752	-0.130442	0.020150	-8.999044
L	0.702139	2.281189	1.060397	0.833959	0.185123	1.142060	1.376151	-0.187784	3.610828
M	-0.743341	-0.574877	-0.504617	-2.114655	-2.646527	-1.977469	-1.241773	-2.468777	-0.017069
N	-0.384071	-2.525628	-0.140397	-0.724915	-0.871971	-0.821268	-0.418650	-1.077628	-10.806399
P	-5.687458	2.206139	-0.884930	1.179888	0.011185	0.452020	0.042811	-2.441170	-6.923756
Q	-0.324851	-0.177497	-0.282592	0.302453	-0.263125	-0.157142	0.533591	0.455696	-7.520996
R	0.550878	0.283548	1.129227	-0.108562	2.056820	0.509742	0.161908	-0.434894	-8.999044
S	0.918435	-1.067040	-0.169547	0.521715	-0.360608	0.377237	0.417000	2.040267	-7.346967
T	0.229603	-1.611642	-1.413545	-0.313544	-0.751794	0.429017	0.468125	1.056045	-4.221436
V	0.296725	0.363996	-0.706722	-0.253489	-0.036561	1.176328	0.977418	0.526617	1.076244
W	-3.267240	-4.905532	-2.502618	-4.061565	-3.887535	-3.498060	-2.199993	-5.539612	-3.679694
Y	0.436478	-0.127138	-0.099903	-2.463213	-1.215812	-1.116401	-0.647158	-1.232278	-1.572180
