A	-1.341340 0.799782 1.172462 1.516419 0.845443 0.735234 1.193154 1.036538 2.103578
C	-9.884466 -6.240682 -4.864966 -2.335013 -6.720532 -5.971132 -10.006747 -6.570579 -5.044396
D	-1.936232 -1.277863 -1.354605 0.201531 0.453116 2.459001 0.248559 -0.567571 0.214993
E	-0.613754 0.479524 -0.623332 -0.533877 0.469392 -0.498590 0.825939 0.884781 0.821255
F	-0.030879 -1.398612 -0.783986 -0.100286 -1.679227 -3.757407 -1.859248 -1.654781 -3.935082
G	-2.980726 -1.610839 0.213478 -3.445991 -0.526577 -2.349357 -1.477944 -0.197157 1.630722
H	-2.475753 -0.004262 -1.151548 -3.804392 -0.717216 -4.749578 -1.184103 -0.311882 -1.423627
I	2.683764 0.773804 0.602884 1.736752 -0.188361 -0.262414 -0.029229 -0.799184 -1.115566
K	-1.670465 0.981953 -1.267420 -5.706439 0.909073 -4.578608 -1.372774 0.603299 -3.537511
L	1.759463 0.348455 -0.146375 1.355817 -0.502673 -0.977730 0.966001 0.734133 -1.097906
M	-1.440044 -3.052057 -1.803947 -0.357430 -3.521220 -4.033808 -2.445269 -2.916376 -2.509591
N	-1.000883 -0.668189 -0.414653 -2.445349 -0.391690 0.817078 1.017038 -0.653047 -1.425067
P	-2.750974 -6.491369 -0.275182 -5.960268 0.669196 -0.516834 1.288772 1.307125 -2.691493
Q	-0.762363 0.183904 -1.145312 -1.160485 0.222523 -3.751485 0.485746 0.020627 1.097880
R	-3.785099 1.040935 -0.663744 -9.530339 0.187720 -4.025336 -1.464393 0.668929 -2.569630
S	-1.261244 0.081702 1.416494 0.373019 1.142322 1.175876 0.278413 0.380807 1.922677
T	-1.542937 0.578825 1.860399 0.726242 0.768068 1.643902 -0.454470 -0.162554 -1.103761
V	1.916790 1.149194 0.475790 1.810098 0.446053 1.236242 0.679899 0.181980 -0.283956
W	-3.134353 -2.643642 -4.753231 -3.786500 -4.019877 -9.964115 -2.948125 -4.853635 -5.373291
Y	-0.073858 -0.163171 -0.045417 -2.885201 -1.812638 -5.389165 -1.888584 -1.143947 -3.626013
