A	-1.360164 1.080412 1.562260 0.856742 0.880405 1.820118 0.876957 0.868985 0.748384
C	-9.838946 -5.127387 -3.342231 -3.754402 -6.118128 -5.756028 -5.044300 -4.866363 -4.984434
D	-2.912275 -0.574326 -0.525825 2.709242 0.441075 0.878837 1.705624 0.075248 0.329746
E	-1.365886 0.975208 -0.274442 0.641128 1.354057 1.716253 2.151391 1.134024 0.824440
F	1.720559 -1.601046 -0.383714 -2.115998 -1.420372 -1.651686 -1.373940 -1.418751 0.365482
G	-5.655434 -1.179959 0.685513 -1.368961 -0.403939 -1.140298 -0.629563 -0.677393 -0.445794
H	-4.026892 0.176190 -1.735677 -8.164766 -0.876090 -3.357008 -1.028099 -0.787702 -3.141653
I	2.242023 0.499707 0.113484 0.516249 -0.341841 -0.626732 -0.361806 -0.633654 1.252295
K	-4.251896 0.515517 -1.629313 -10.032780 0.749690 -1.895878 -2.732485 0.531557 -2.891320
L	0.872186 -0.122218 -0.058043 0.536670 -0.511526 -0.839808 0.613926 0.663066 1.469813
M	-2.170667 -3.006812 -1.417710 -2.051172 -2.580402 -3.417813 -2.832938 -2.630628 -0.438292
N	-8.255418 -0.012927 -1.404703 -1.890744 -0.414637 -0.916671 0.345306 -0.580336 -2.449689
P	-0.316456 -9.887453 -0.282712 -9.706583 0.595830 0.607035 0.013864 1.323439 -3.700006
Q	-2.841659 0.124532 -0.762965 -0.563996 -0.234587 -1.611588 -0.114851 -0.060491 -0.038969
R	-4.966325 0.901910 -0.777893 -9.991810 -0.019179 -3.665789 -2.462682 0.721100 -0.552867
S	-4.541003 0.425840 1.483571 0.167566 0.629303 1.053737 -0.302127 0.173220 0.393669
T	-1.638142 0.523454 1.123070 0.761021 0.613652 0.971407 -1.098401 -0.313201 -1.251504
V	1.532137 0.874452 0.639660 1.264693 0.577429 1.238310 0.313306 0.299083 1.242889
W	-0.179116 -2.144903 -2.907970 -3.889798 -4.222910 -10.044104 -3.666576 -4.906611 -3.222813
Y	1.910226 -0.642257 -0.038009 -4.843269 -1.010315 -4.974757 -1.632173 -0.992437 -0.032651
