A	0.374569 1.594902 2.441106 2.941561 1.666448 2.596339 2.066682 1.776879 2.236921
C	-9.865730 -6.844766 -3.687220 -2.521578 -5.906936 -2.050479 -5.250660 -4.739715 -2.478510
D	2.315537 -0.939598 -0.740018 -2.601651 -1.087966 -4.472060 -0.919168 -0.779096 -1.288889
E	1.724869 0.552723 -0.682025 -3.867622 0.395699 -2.056899 1.076409 0.497374 -0.489334
F	-0.330839 -1.192553 -0.666769 -3.252572 -1.605912 -5.349156 -2.001328 -1.492866 -5.276809
G	-1.458989 0.988166 2.136572 2.940524 -0.278010 -0.800561 -0.039524 0.317973 1.244485
H	-3.041340 0.044808 -1.218115 -5.529009 -1.030053 -9.244949 -0.530518 -0.817379 -2.559447
I	0.134484 -1.263175 -1.948040 -1.471985 0.117541 0.770518 -1.084438 -0.465540 0.372310
K	-3.813552 0.358092 -1.601623 -9.440872 0.905087 -9.348016 -0.690954 0.014235 -2.797549
L	-0.671756 -0.923233 -1.479480 -3.742563 0.481656 -0.414168 0.012160 0.026429 -0.202230
M	-2.962848 -1.891878 -2.314173 -4.894614 -2.168642 -4.177809 -2.603784 -2.093152 -3.066490
N	-1.864723 -0.490793 -0.873455 -2.931740 -1.255708 -5.610669 -0.073715 -0.994178 -0.209268
P	1.372974 -2.399237 -0.551708 -4.897698 -1.415284 1.907760 -0.561051 1.442227 -1.038018
Q	-1.737148 -0.318826 -1.060710 -4.927164 -0.212855 -8.209384 0.768654 -0.563663 -1.313097
R	-3.183635 1.023014 -0.261455 -9.416596 0.550158 -8.936932 0.409014 0.541350 -2.523352
S	-0.461144 0.890042 1.120591 1.469240 0.308091 0.495200 0.919837 0.436057 1.915590
T	-1.006211 0.591993 -0.489597 -2.060457 0.469934 0.321302 -0.392398 0.026820 0.214806
V	0.571285 -0.443717 -1.538287 -1.317441 1.430906 1.947517 0.331072 0.292146 1.025128
W	-2.701832 -1.566656 -4.311400 -5.301449 -5.393404 -9.857189 -3.824168 -5.910771 -4.435376
Y	0.105053 -0.207591 -0.248883 -8.700888 -1.556843 -5.879327 -1.616552 -1.248300 -4.308270
