A	-6.395066 0.171455 1.090650 0.754693 0.514541 0.443248 1.234305 0.662229 -0.066406
C	-9.454266 -3.839551 -2.380263 -2.484162 -3.715827 -3.800600 -4.116521 -4.339999 -4.499718
D	-10.583146 -0.933920 -1.213819 -0.506681 0.487097 1.877917 -0.185779 -0.775071 2.936975
E	-10.562905 0.495564 -0.289570 0.367584 0.539235 -1.375369 0.199615 0.743124 2.533254
F	2.540637 -1.176133 -0.412186 0.522630 -1.333829 -10.394634 -0.796250 -1.209315 -4.031711
G	-7.407272 -1.651323 -0.457954 -3.566077 -0.057281 -1.822473 -0.584150 -0.540426 0.003950
H	-10.298148 -0.777156 -1.798978 -4.014546 -1.086152 -5.843468 -1.316729 -0.728976 -2.375045
I	1.752954 0.445347 0.900988 1.616122 -0.524566 -1.731034 -0.055612 -0.204466 -1.575280
K	-10.677215 0.991509 -0.013500 -6.897767 0.909639 -5.546825 -1.684633 0.874943 -2.948515
L	1.516217 0.809312 0.794633 1.949288 0.128560 -3.953082 1.361813 1.270995 -0.883609
M	-1.561579 -2.539870 -0.811999 0.376848 -2.476177 -6.840735 -1.142283 -1.868584 -4.648364
N	-10.527862 -0.380232 -0.166486 -1.279914 -0.223970 1.806341 1.038956 -0.612214 -1.265587
P	-8.236793 -6.896605 0.306496 -7.746606 1.148296 -0.899361 0.919424 0.875242 -2.670772
Q	-10.695985 0.273836 -0.201278 0.127385 0.046670 -3.709479 -0.022824 0.249715 -0.229220
R	-10.264404 1.246323 0.019599 -5.631745 0.130688 -6.244832 -1.670456 0.715303 -4.306962
S	-10.089495 0.140281 0.845306 -0.034211 0.711023 1.971332 0.655623 0.144260 -0.093768
T	-10.241092 0.191047 -0.091147 0.078233 0.536797 1.982211 -0.238991 -0.386947 -2.206882
V	0.097506 1.357845 0.723606 1.221766 0.385250 0.844921 0.545889 0.311364 -0.809393
W	-0.007936 -1.681798 -2.147343 -2.873135 -3.742493 -10.831174 -2.916692 -3.356910 -10.900896
Y	2.464245 -0.366805 -0.190678 -1.771983 -1.755717 -5.750068 -1.466608 -1.089452 -4.353379
