A	-4.785215 0.945873 1.313443 0.734921 0.528831 2.770512 0.809031 0.728499 -2.206935
C	-8.491146 -4.974920 -6.026466 -5.509806 -8.959465 -2.340540 -5.501221 -8.959479 -5.499092
D	-5.282840 -0.630162 -0.208891 -1.414737 -0.081886 -3.928349 -2.255928 -0.654386 3.188179
E	-2.249575 1.162713 0.134350 -0.055513 0.741837 -1.889129 0.607634 1.749148 3.296901
F	-3.035466 -0.358313 0.197858 -1.856580 -1.081076 -1.664553 -1.767496 -0.884248 -4.570180
G	-8.638948 -1.601842 0.337124 -1.160376 -1.267837 -0.207751 -1.866763 -0.984303 -8.869050
H	-4.207065 -3.524035 -3.260213 0.129053 -1.619607 -8.722383 -0.274138 -1.894987 -4.299482
I	-2.168719 0.522787 0.396311 0.818232 0.752954 0.215726 -0.214217 -0.358624 -5.499066
K	3.945988 0.329755 -2.288177 1.658024 0.344258 -8.754249 0.399252 0.763879 -5.232701
L	-2.892013 1.878796 0.991445 0.578672 1.764839 0.174989 1.788527 1.214958 -3.549249
M	-3.893323 -1.438096 -1.583005 -3.267585 -1.381002 -2.934581 -2.006582 -1.449872 -5.038419
N	-5.546111 -1.335342 -0.904418 -1.218793 -1.341259 -8.751187 0.062865 -1.004566 -4.077475
P	-5.497631 -2.366160 -0.058852 0.931651 0.596983 1.909520 -0.946655 -0.023208 -8.775599
Q	-8.511461 -0.351126 -0.353730 -0.590780 0.327303 -6.142218 1.910334 -0.083545 -2.891270
R	1.792489 0.593602 -3.638273 -1.120865 -0.671361 -7.340518 0.339302 0.442858 -8.507066
S	-8.519782 -0.690004 0.767155 1.251919 -0.057800 0.721394 -1.224081 0.312802 -3.119722
T	-8.773615 -0.098014 -0.268514 0.183363 0.125680 -0.300285 -2.024584 0.017363 -8.118156
V	-3.184920 0.604954 1.470750 0.483911 0.924635 1.425964 0.535293 0.409859 -2.748947
W	-8.383633 -1.324260 -1.515876 -3.590137 -8.958991 -5.174210 -2.484227 -2.442111 -8.760905
Y	-3.616628 -0.213323 0.224670 -2.447367 -2.023856 -3.619391 -1.624510 -1.687920 -3.468379
