A	1.154404	-3.164711	0.247103	0.353137	0.307439	0.385486	0.417125	0.657953	0.500717	-2.136877
C	-4.676610	-6.183570	-3.420270	-4.972066	-4.222044	-4.127717	-4.431498	-4.816788	-3.802141	-5.344035
D	-3.663313	-6.183570	-1.512634	0.844045	-0.007331	-0.329522	-0.684983	-1.045635	-1.589147	-7.261573
E	-2.256572	-4.431498	-3.030618	0.977363	0.357221	0.369402	0.132652	0.118287	0.137409	-5.846535
F	-1.558053	-4.039180	1.301518	-0.467157	-0.284293	-0.701877	0.084202	-0.603361	-0.417477	1.819393
G	1.339166	-2.907936	-1.439976	1.003652	0.987936	0.544350	0.769401	-0.736269	0.872854	-4.676610
H	-0.369451	-7.261573	-0.564219	-0.835308	-1.034893	-1.229374	-0.701877	-0.660008	-0.635458	-1.773286
I	-0.951717	-2.794873	0.621070	-0.902067	0.344935	0.455723	0.290456	0.470878	-1.904021	-1.738011
K	1.763567	-3.955764	-0.303503	0.627847	-0.191899	0.424928	0.142150	0.202406	1.042208	1.944085
L	-0.816788	-0.941650	1.707094	0.551496	1.326726	1.234282	1.191469	1.267207	1.092064	1.974973
M	-1.943658	-3.955764	-0.651778	-2.414689	-1.738011	-1.637082	-1.604949	-1.266591	-1.558053	0.413208
N	-1.773286	-4.676610	-0.139176	-0.284293	-0.303503	-0.660008	-0.168228	0.151585	-0.376215	-4.548855
P	-7.261573	-2.231825	-3.477301	0.294721	0.898299	0.590176	0.719519	-0.203882	-1.089423	-5.344035
Q	-0.627367	-0.941650	-1.291946	0.397432	-0.105068	0.089121	-0.252833	0.224927	0.184132	-3.261573
R	2.272838	4.099518	1.363730	-0.727594	-1.279213	-0.503720	-0.297071	-0.228150	1.096957	1.835582
S	0.805712	-2.183570	-0.362719	0.869999	0.424928	0.526330	0.013517	0.215961	0.709971	-3.802141
T	-0.972066	-2.160035	-0.780446	-0.309964	-0.438559	0.188722	0.003131	0.500717	0.474641	-2.724138
V	-0.835308	-1.573517	0.340817	-0.854069	0.590176	0.778565	0.593642	1.196036	-0.077248	-1.439976
W	-3.955764	-6.183570	-0.579749	-2.360035	-3.073946	-3.164711	-2.690031	-2.256572	-3.663313	-2.360035
Y	-1.317755	-3.164711	0.277586	-0.854069	-1.100581	-1.527616	-0.481671	-1.034893	-1.024230	0.945170
