A	1.331673	-2.601351	0.182544	0.122172	0.372230	0.533240	0.759602	0.787638	0.086504	0.565986	-2.112604
C	-5.307620	-7.555548	-3.940838	-5.307620	-5.307620	-5.748193	-4.468085	-5.307620	-4.270146	-3.940838	-6.385623
D	-4.697567	-4.970585	-1.511154	0.879080	-0.213473	0.472358	0.174073	-0.329136	-1.405801	-1.595546	-6.385623
E	-1.780761	-3.346094	-2.154668	0.809681	0.695935	0.950264	0.759602	0.610615	-0.341229	-0.281752	-4.096116
F	-1.380622	-5.307620	1.734471	-0.636685	-0.441806	-1.331546	-0.933496	-0.777471	0.012408	-0.578268	1.663621
G	1.157839	-3.800660	-1.431426	1.078356	0.572447	0.653906	0.858080	1.041574	-0.682104	0.653906	-4.970585
H	-0.636685	-4.270146	-0.468085	-1.538739	-0.651666	-1.883122	-1.008653	-1.284085	-1.129283	-0.897336	-1.654681
I	-1.331546	-4.468085	0.759602	-1.193604	0.040642	0.165551	-0.365723	0.451479	0.578879	-1.260927	-2.154668
K	1.479939	-3.940838	-0.378128	0.499735	0.086504	0.130953	0.519931	0.334717	0.256630	0.793180	2.373341
L	-1.008653	-2.154668	1.945792	0.526601	1.136196	0.884283	0.695935	1.069248	1.826536	1.170670	1.642283
M	-2.071732	-4.970585	-0.403263	-2.154668	-1.955635	-2.112604	-1.918923	-2.197996	-0.415996	-1.193604	-0.065700
N	-2.197996	-5.307620	-0.508424	-0.636685	0.012408	-0.713197	-0.191413	-0.258632	-0.428843	-0.202401	-4.970585
P	-7.555548	-4.468085	-2.926191	0.327095	0.879080	0.894632	0.506498	0.224172	-0.810714	-1.238135	-3.555548
Q	-0.441806	-0.897336	-1.238135	0.086504	0.148356	-0.026117	-0.106399	-0.247209	0.296201	0.492939	-3.672905
R	2.380722	4.158590	-0.897336	0.999041	-0.951921	-1.215698	-0.844741	-0.353424	0.068334	0.920186	1.985065
S	1.036909	-2.722658	0.040642	0.873859	0.423163	1.041574	1.003829	0.585282	-0.016389	0.899779	-3.800660
T	-0.951921	-2.336379	-1.405801	-0.317143	-0.106399	0.002873	0.031292	-0.075768	0.264631	0.678072	-3.447023
V	-0.810714	-1.748193	0.207665	-0.989494	0.539849	0.451479	0.423163	0.364805	1.003829	-0.085906	-1.814081
W	-3.800660	-6.385623	-0.329136	-3.000959	-2.601351	-4.096116	-4.697567	-2.926191	-1.566863	-3.800660	-3.672905
Y	-0.810714	-4.096116	0.659985	-1.129283	-1.215698	-1.685183	-1.624810	-1.215698	-0.933496	-0.713197	1.003829
