A	1.346541	-2.520342	0.369182	0.393928	0.182941	0.599398	0.511669	0.972333	0.661862	0.369182	0.620521	-2.346312
C	-5.805744	-5.805744	-3.998389	-5.805744	-4.635819	-5.805744	-3.998389	-5.805744	-5.805744	-3.998389	-3.557816	-5.805744
D	-5.805744	-5.805744	-1.805744	1.384081	0.556200	0.442184	-0.030957	0.182941	0.095123	-1.596291	-1.105304	-3.998389
E	-3.220781	-3.557816	-3.220781	0.797882	0.318377	1.036606	0.534106	0.556200	0.292288	-1.413426	-0.362800	-3.557816
F	-2.520342	-5.805744	2.099643	-0.169119	-0.739655	-0.910926	-0.972854	-1.330010	-0.448192	0.265718	-1.251155	2.061535
G	1.601524	-3.998389	-1.697219	1.468052	0.641339	0.741151	1.432661	1.558391	1.171536	0.033460	1.020805	-3.998389
H	-0.404864	-5.805744	-1.105304	-1.176387	-1.501963	-1.697219	-1.330010	-1.596291	-1.330010	-1.697219	-1.251155	-1.176387
I	-1.697219	-3.557816	0.852468	-2.050856	-0.133319	-0.133319	-0.794517	-0.739655	0.211064	0.870213	-1.697219	-2.520342
K	1.694102	-3.998389	-0.538957	-0.205831	-0.448192	0.393928	0.418258	0.511669	0.292288	-0.362800	0.834501	2.480814
L	-1.413426	-2.520342	1.871976	0.599398	1.142623	0.779219	0.599398	0.369182	1.241380	1.536331	1.127947	1.408575
M	-2.346312	-3.220781	-0.586575	-2.346312	-1.805744	-2.050856	-2.050856	-2.050856	-1.697219	-0.586575	-1.330010	-0.030957
N	-1.923101	-5.805744	-0.586575	-0.205831	-0.686803	-0.635819	-0.362800	-0.448192	-0.448192	-0.362800	-0.169119	-5.805744
P	-4.635819	-5.805744	-2.947763	0.318377	1.098138	0.369182	0.442184	0.599398	0.124993	-0.686803	-0.972854	-3.998389
Q	-1.105304	-2.050856	-2.718281	-0.243501	-0.243501	-0.538957	0.095123	-0.448192	-0.492861	-0.030957	0.465719	-2.520342
R	2.509406	4.184715	-1.105304	-0.739655	0.741151	-0.739655	-1.176387	-0.910926	-1.413426	-0.635819	0.797882	1.601524
S	0.682096	-3.220781	-0.910926	1.067700	0.418258	1.185778	1.142623	0.922177	0.418258	0.154258	0.922177	-3.557816
T	-1.805744	-2.520342	-1.501963	-0.492861	-0.133319	0.064621	-0.064277	0.064621	0.265718	1.082999	0.620521	-2.718281
V	-1.330010	-1.413426	0.534106	-1.105304	0.465719	0.465719	0.556200	0.369182	0.661862	1.098138	0.124993	-1.923101
W	-5.805744	-5.805744	-0.030957	-2.050856	-2.050856	-2.718281	-2.947763	-4.635819	-2.718281	-1.697219	-4.635819	-2.520342
Y	-1.105304	-4.635819	0.721733	-1.596291	-1.697219	-1.805744	-1.330010	-1.330010	-1.037560	-0.910926	-0.972854	0.682096
