A	1.402213	-2.597787	-0.790432	0.070592	-0.405141	0.363043	0.549055	0.549055	0.224215	0.814027	0.489676	0.224215	-3.235216
C	-4.405141	-4.405141	-4.405141	-3.235216	-4.405141	-4.405141	-4.405141	-4.405141	-4.405141	-4.405141	-4.405141	-4.405141	-4.405141
D	-4.405141	-3.235216	-1.820179	1.037802	-0.012824	0.427749	0.489676	0.764784	0.713800	0.427749	-0.790432	-1.547160	-4.405141
E	-3.235216	-4.405141	-2.157214	0.660948	0.549055	0.764784	0.070592	0.764784	1.267284	0.224215	-1.317679	-0.296617	-4.405141
F	-2.157214	-4.405141	2.339692	-0.790432	-0.650254	-2.157214	-0.522498	-1.119739	-1.547160	-0.195688	-0.650254	-0.945710	1.956802
G	1.583543	-4.405141	-3.235216	1.818860	0.814027	0.606086	0.907741	1.369646	1.302218	1.434062	-0.405141	1.078674	-4.405141
H	-0.945710	-4.405141	-0.650254	-1.547160	-1.547160	-0.945710	-1.119739	-0.945710	-1.119739	-1.547160	-0.296617	-0.522498	-1.547160
I	-2.597787	-2.597787	0.952411	-2.157214	-0.101361	-0.522498	0.149447	-0.405141	-1.317679	0.149447	0.995738	-0.790432	-2.597787
K	1.692891	-4.405141	-1.119739	-0.405141	-0.012824	0.295298	-0.790432	0.224215	0.713800	-0.012824	-0.405141	0.713800	2.557755
L	-0.945710	-3.235216	1.912271	0.427749	1.302218	0.295298	1.369646	-0.195688	-0.101361	0.952411	1.866322	0.907741	1.369646
M	-2.157214	-2.597787	-0.195688	-2.157214	-1.547160	-2.597787	-2.597787	-3.235216	-1.820179	-1.317679	-0.650254	-1.820179	-0.101361
N	-3.235216	-3.235216	-0.945710	-0.790432	-0.405141	-0.101361	0.224215	-0.405141	-0.195688	-0.945710	-0.405141	0.149447	-4.405141
P	-4.405141	-3.235216	-2.157214	0.427749	1.157101	0.660948	0.363043	0.549055	0.764784	-0.405141	-0.522498	-1.547160	-4.405141
Q	-1.547160	-4.405141	-2.597787	0.149447	-0.405141	-0.650254	-0.195688	-0.405141	-0.405141	-0.195688	-0.101361	0.764784	-2.597787
R	2.543226	4.191980	-1.547160	-0.522498	-1.547160	0.427749	-0.945710	-1.119739	-1.547160	-1.547160	-1.317679	0.764784	1.402213
S	0.549055	-3.235216	-1.119739	1.336326	0.952411	1.037802	0.606086	1.157101	0.660948	1.078674	0.427749	0.952411	-4.405141
T	-1.119739	-2.597787	-1.820179	-0.101361	-0.522498	0.427749	0.149447	0.427749	0.295298	-0.195688	0.713800	0.660948	-4.405141
V	-1.119739	-4.405141	-0.405141	-0.650254	0.660948	0.549055	0.606086	0.224215	0.363043	0.606086	0.995738	-0.012824	-1.547160
W	-3.235216	-4.405141	0.489676	-4.405141	-1.317679	-3.235216	-3.235216	-2.597787	-2.597787	-4.405141	-4.405141	-4.405141	-2.157214
Y	-1.119739	-3.235216	0.907741	-1.547160	-0.790432	-0.790432	-1.119739	-1.820179	-1.820179	-1.820179	-0.945710	-0.945710	1.231483
