A	1.341789	-2.658211	-2.658211	0.429251	0.429251	0.199770	0.429251	0.956498	0.429251	0.627191	0.801220	-0.850857	0.429251	-1.488286
C	-2.658211	-2.658211	-2.658211	-2.658211	-2.658211	-1.488286	-2.658211	-2.658211	-2.658211	-2.658211	-2.658211	-2.658211	-2.658211	-2.658211
D	-2.658211	-2.658211	-1.488286	1.645569	-0.073249	0.801220	0.627191	0.429251	0.429251	0.956498	1.341789	-0.073249	-0.850857	-2.658211
E	-2.658211	-2.658211	-2.658211	0.199770	0.429251	-0.410284	-0.850857	0.429251	0.801220	-0.073249	0.199770	-0.850857	-0.410284	-2.658211
F	-1.488286	-2.658211	2.784732	-0.850857	-1.488286	-0.850857	-0.850857	0.199770	-0.073249	-1.488286	-1.488286	-0.410284	-0.410284	2.174679
G	1.450313	-2.658211	-1.488286	1.551242	1.551242	1.096676	0.627191	1.551242	1.971145	1.734106	1.341789	-0.073249	1.341789	-2.658211
H	-0.410284	-2.658211	-1.488286	-2.658211	-1.488286	-0.410284	-1.488286	-2.658211	-1.488286	-1.488286	-2.658211	-1.488286	-0.073249	-0.850857
I	-2.658211	-2.658211	0.199770	-0.850857	1.224432	-0.410284	-0.073249	-0.410284	-0.850857	-2.658211	-0.073249	1.450313	-2.658211	-2.658211
K	0.801220	-2.658211	-1.488286	0.627191	-2.658211	-0.410284	-0.410284	0.429251	-0.073249	-0.073249	0.429251	-0.410284	0.199770	1.817522
L	-0.850857	-1.488286	1.450313	0.199770	-0.073249	-0.073249	1.096676	-0.410284	0.627191	-0.073249	0.801220	0.956498	1.645569	1.971145
M	-2.658211	-2.658211	-0.410284	-0.850857	-0.410284	-2.658211	-0.850857	-2.658211	-0.850857	-2.658211	-1.488286	0.429251	-2.658211	-1.488286
N	-2.658211	-2.658211	-0.850857	-0.073249	-1.488286	-0.850857	-0.073249	0.429251	0.429251	-0.850857	-0.410284	-0.410284	-0.410284	-2.658211
P	-2.658211	-2.658211	-2.658211	-0.073249	0.801220	0.956498	-0.410284	-0.410284	-0.073249	-0.073249	0.627191	-0.410284	-1.488286	-2.658211
Q	-0.850857	-2.658211	-1.488286	-0.410284	0.429251	0.429251	-0.410284	-0.073249	-0.073249	0.627191	-0.410284	0.429251	-0.073249	-2.658211
R	2.699341	4.069709	-2.658211	-1.488286	-0.073249	-0.850857	-1.488286	-2.658211	-1.488286	-1.488286	-0.410284	-0.410284	-0.073249	1.450313
S	0.627191	-2.658211	-1.488286	1.096676	0.199770	1.645569	0.801220	1.224432	-1.488286	1.551242	-0.850857	-0.410284	0.429251	-2.658211
T	-0.410284	-2.658211	-1.488286	-1.488286	-0.850857	-0.850857	0.199770	-0.073249	-0.410284	0.627191	0.199770	0.956498	0.429251	-2.658211
V	-2.658211	-2.658211	-0.850857	-1.488286	0.627191	0.627191	1.645569	-0.410284	0.429251	-0.073249	-0.410284	0.429251	0.429251	-2.658211
W	-2.658211	-2.658211	0.956498	-0.410284	-0.850857	-2.658211	-2.658211	-2.658211	-1.488286	-2.658211	-1.488286	-0.850857	-1.488286	-2.658211
Y	-0.850857	-2.658211	1.096676	-2.658211	-2.658211	-2.658211	-0.850857	-0.850857	-2.658211	-2.658211	-1.488286	-0.410284	-0.073249	1.096676
