A	-0.061839	-4.989946	0.406183	-0.320668	0.682479	-0.320668	1.005036	-3.301890
C	-6.159871	-6.159871	-3.072408	-4.989946	-6.159871	-6.159871	-4.352516	-6.159871
D	-3.574909	-6.159871	-1.605282	-0.802319	-4.352516	-3.574909	-3.072408	-6.159871
E	-1.326981	-6.159871	-2.874469	0.327969	-1.605282	-1.265054	0.516086	-4.989946
F	-0.597629	-2.874469	1.811672	-0.676056	-0.716928	0.387023	-1.205675	0.550935
G	0.064130	-6.159871	-1.148644	-0.320668	1.491180	-2.277228	-0.010124	-4.352516
H	0.327969	-6.159871	-0.320668	-1.093782	0.516086	-1.040930	-1.205675	-1.950418
I	-0.289507	-6.159871	0.713573	0.387023	0.584963	0.634545	-0.758992	-1.950418
K	0.443755	-6.159871	-0.802319	1.017548	-0.229134	0.223833	0.425091	0.773819
L	-0.010124	-3.911944	1.578221	1.369559	0.157541	1.902175	1.005036	3.585803
M	0.111592	-6.159871	-0.597629	-2.545161	-3.301890	-1.265054	-1.684138	-0.352516
N	0.650700	-6.159871	-0.418404	-1.148644	-1.265054	-0.758992	-1.265054	-6.159871
P	-6.159871	-6.159871	-1.856091	1.102224	1.825971	-0.010124	-2.051347	-6.159871
Q	0.111592	-4.989946	-1.326981	0.480374	-0.893085	0.157541	0.425091	-3.911944
R	1.552656	4.275538	-4.989946	-0.320668	-0.597629	0.773819	0.287212	0.803025
S	1.171046	-6.159871	-0.716928	0.387023	0.443755	0.287212	1.215168	-3.301890
T	0.223833	-6.159871	-0.559958	0.015054	-0.035750	0.287212	1.257981	-3.072408
V	-0.199869	-6.159871	0.533616	0.682479	0.845753	1.182203	0.953871	-0.559958
W	-2.874469	-4.989946	-0.229134	-2.159871	-2.700440	-2.700440	-3.911944	-3.911944
Y	0.387023	-2.700440	1.278921	-1.265054	-2.874469	-0.893085	-1.530515	-0.989946
