A	0.955251	-6.512563	0.466184	0.359697	0.076248	0.452925	0.176449	0.788171	-1.715816
C	-6.183256	-9.797965	-3.194339	-5.405648	-4.531179	-4.397086	-3.673844	-3.648218	-4.440413
D	-0.804319	-9.797965	-0.631175	0.665814	-0.922216	-1.454780	-2.220537	-2.059873	-7.990611
E	-1.046421	-3.958762	-2.671261	0.888973	-0.090606	-0.027302	-0.060718	0.290160	-7.990611
F	-1.033923	-4.023178	1.326317	-0.545891	0.043206	-0.046003	0.236146	-1.071747	1.485991
G	1.079319	-8.628040	-1.427278	0.750134	0.532111	-0.174998	-2.034753	0.300067	-6.512563
H	-0.482250	-3.809281	0.005358	-1.168609	-0.537046	-0.814972	-0.069195	-0.336998	-1.200844
I	-0.624913	-6.043078	0.435055	-0.786738	0.583037	0.833212	0.448478	-1.523005	-0.378532
K	1.407217	-3.330360	0.181817	0.600511	0.474956	0.136463	-0.145569	0.738039	1.231149
L	-0.314150	-0.891826	1.632356	0.833212	1.438198	1.294461	1.696890	0.879093	2.687235
M	-1.735919	-3.330360	-0.738621	-1.922984	-1.494185	-1.358135	-1.205508	-1.783945	0.029377
N	-0.554791	-9.797965	0.253244	-0.368036	-0.603209	-0.650125	-0.542937	0.123504	-7.550038
P	-6.338534	-9.797965	-3.231911	1.112490	0.194265	0.254942	0.078168	-1.482816	-4.965075
Q	-0.054393	0.540492	-0.776291	0.178241	-0.012922	0.243009	-0.025238	0.563978	-5.097526
R	1.835030	4.089160	-1.763166	-0.569748	-0.067071	0.163846	-0.156817	0.632226	1.555181
S	0.918211	-5.322232	0.051049	0.649118	0.097231	0.236146	0.082001	1.147661	-5.243377
T	-0.410487	-4.397086	-0.002737	-0.545891	-0.125540	0.185384	0.404771	0.797525	-4.485082
V	-0.496469	-3.231911	0.248135	-0.507947	0.820649	1.017618	1.105916	0.176449	0.203091
W	-3.526502	-6.710503	-0.742005	-2.348817	-2.034753	-2.987394	-1.558367	-4.125540	-2.671261
Y	-0.721818	-1.438216	0.714775	-1.297124	-0.804319	-1.025651	-0.316671	-1.088882	0.518033
