A	-3.316085 0.413215 1.465901 0.671574 0.676336 2.575748 0.740334 0.803597 1.416851
C	-10.083478 -5.727409 -2.973872 -4.224965 -5.241112 -3.696703 -6.152401 -5.114315 -2.402207
D	-9.330084 -1.247162 -0.748718 0.834661 0.032812 0.630208 -0.441650 -0.923775 -1.366600
E	-2.383556 0.746511 -0.448068 0.909199 0.181863 -0.742593 0.993719 0.255363 -1.028493
F	2.318566 -1.512283 -0.299837 -0.160082 -2.267219 -1.908648 -1.899082 -2.000139 -0.965198
G	-4.754359 -1.642180 -0.665606 -3.274370 -0.749882 1.307860 -1.088384 -0.107651 -0.003134
H	-4.158100 0.056367 -0.608787 -2.024068 -0.446765 -3.827527 0.461187 -0.339871 -3.431956
I	1.888313 0.319031 0.054523 0.438059 -0.802879 -2.203223 -0.033608 -0.901516 1.488988
K	-9.237104 0.991358 -0.094212 -5.057106 1.508611 -2.223482 0.006311 0.959677 -3.742570
L	1.066110 0.262255 0.002324 2.196456 -0.935354 -2.966057 0.417056 0.690564 2.144790
M	-2.335246 -3.388343 -1.135935 -0.380991 -2.484306 -4.944385 -2.504441 -2.352687 -1.430454
N	-5.023204 -0.378659 -1.103482 -2.692541 -0.283127 -0.206013 0.748719 -0.582352 -2.500982
P	-2.614561 -9.945869 -0.273294 -9.109422 0.685276 0.684023 0.258948 1.597574 -4.159177
Q	-4.562523 0.314112 0.094352 -0.498354 0.420908 -3.293990 1.058413 -0.081510 -1.451331
R	-2.208908 1.443129 0.222775 -9.891495 0.730526 -4.674895 0.236462 0.932382 -1.000069
S	-5.390678 0.351653 1.376057 0.414599 0.691836 1.822665 0.033534 0.418661 -0.035556
T	-3.813666 0.581546 0.575599 0.910023 0.850414 0.457909 -0.687776 -0.251061 -0.749383
V	1.036806 0.804886 0.197722 0.748566 0.332388 -0.264863 0.599826 -0.013066 1.992072
W	0.129404 -1.770584 -1.823401 -1.009664 -3.794201 -6.974140 -2.628143 -4.349327 -5.172367
Y	2.303138 -0.387959 0.273876 -1.127898 -1.378907 -4.454266 -0.941609 -1.052500 -1.687177
