A	-0.175850	-3.930737	0.461580	-1.682810	0.278716	0.278716	0.278716	0.278716	-1.072756	-3.930737
C	-3.930737	-3.930737	-3.930737	-2.760812	-2.760812	-2.123382	-2.123382	-2.760812	-2.760812	-3.930737
D	-1.072756	-3.930737	-2.123382	1.970129	0.373043	-0.471306	-0.645335	-2.123382	-1.072756	-3.930737
E	0.373043	-1.682810	-1.072756	1.336049	0.177787	0.278716	-0.175850	0.902153	0.373043	-3.930737
F	-2.123382	2.340726	0.837447	-1.682810	-0.645335	-1.072756	0.623852	-0.471306	-0.048094	3.982152
G	-1.682810	-3.930737	-1.682810	0.069263	0.902153	1.188204	1.080490	-1.345775	-0.843274	-3.930737
H	-1.345775	-2.760812	-1.682810	-1.682810	-1.682810	-0.316027	-1.345775	-0.175850	-0.316027	-3.930737
I	1.239188	-2.123382	1.810730	-2.760812	0.373043	0.964080	0.698619	0.069263	-2.760812	-1.345775
K	1.741688	-3.930737	-2.123382	0.461580	-0.471306	-0.175850	0.461580	-0.645335	1.188204	-3.930737
L	-0.645335	-3.930737	2.452967	-1.345775	0.278716	0.698619	0.902153	1.776622	0.623852	1.135352
M	-3.930737	-1.682810	-0.471306	-2.760812	-1.682810	-2.760812	-0.316027	-0.843274	-1.345775	-2.123382
N	-1.072756	-3.930737	-1.345775	0.278716	0.461580	-0.645335	-0.048094	0.373043	-0.316027	-3.930737
P	-0.843274	-3.930737	0.373043	0.902153	0.278716	0.373043	0.069263	-0.048094	-2.760812	-3.930737
Q	-1.682810	-3.930737	-1.682810	0.373043	-0.471306	-0.471306	-0.843274	0.177787	-0.175850	-3.930737
R	0.698619	-3.930737	-3.930737	-0.175850	-0.048094	-3.930737	-0.316027	-2.760812	0.278716	-3.930737
S	0.177787	-2.760812	-0.645335	0.623852	0.177787	0.837447	0.373043	0.069263	0.544996	-3.930737
T	0.544996	-3.930737	-1.682810	0.698619	0.177787	0.069263	0.069263	1.023459	1.908466	-3.930737
V	1.705887	-1.072756	0.177787	-0.843274	1.512206	1.080490	-0.048094	0.544996	0.278716	-2.760812
W	-3.930737	-2.123382	-3.930737	-3.930737	-3.930737	-2.760812	-3.930737	-2.760812	-3.930737	-3.930737
Y	0.069263	3.627683	0.373043	-1.682810	-1.345775	-0.645335	-0.843274	-0.645335	0.461580	-1.682810
