A	-0.901820	-3.149747	-1.979822	-0.564785	1.059706	1.154034	0.732896	0.732896	0.309684	-0.564785	-3.149747
C	-3.149747	-3.149747	-3.149747	-3.149747	-1.979822	-3.149747	-1.979822	-1.979822	-1.979822	-3.149747	-3.149747
D	-1.979822	-3.149747	-1.979822	1.745071	0.605140	0.732896	0.958777	-0.291766	-1.979822	-3.149747	-3.149747
E	0.958777	-1.979822	-0.901820	1.242570	0.464963	1.242570	0.732896	-0.564785	-0.901820	-0.291766	-3.149747
F	-1.342392	2.412495	1.059706	-1.342392	-3.149747	-0.901820	-1.979822	0.850253	0.135655	-0.564785	3.783944
G	-0.564785	-3.149747	-3.149747	0.605140	0.464963	1.059706	0.958777	0.135655	-1.342392	-0.564785	-3.149747
H	-1.342392	-3.149747	-0.901820	-0.291766	-0.291766	-1.342392	-1.342392	-1.979822	-0.062284	0.135655	-3.149747
I	0.958777	-3.149747	1.479610	-3.149747	0.309684	-0.291766	0.309684	0.605140	0.309684	-1.979822	-0.901820
K	1.969194	-1.979822	-0.901820	-1.342392	0.850253	-0.291766	0.605140	-0.291766	-0.564785	1.242570	-3.149747
L	-1.979822	-3.149747	2.625040	-1.342392	-1.979822	0.850253	0.732896	1.404842	1.969194	1.479610	1.745071
M	-1.979822	-1.979822	0.135655	-3.149747	-1.342392	-3.149747	-1.342392	-0.564785	-0.062284	-0.901820	-1.979822
N	-0.901820	-3.149747	-1.342392	0.135655	0.464963	0.309684	0.135655	0.605140	-0.291766	0.135655	-3.149747
P	-0.564785	-3.149747	0.464963	1.916342	0.850253	0.464963	-0.901820	-0.062284	-0.901820	-3.149747	-3.149747
Q	-3.149747	-3.149747	-1.979822	-0.901820	-0.291766	-0.062284	0.309684	-0.291766	0.309684	0.464963	-3.149747
R	0.605140	-3.149747	-3.149747	-1.342392	-0.564785	-1.342392	-3.149747	-1.979822	-1.342392	-0.291766	-3.149747
S	0.135655	-3.149747	-0.564785	0.605140	0.135655	-0.564785	0.732896	0.958777	-1.979822	-0.062284	-3.149747
T	1.059706	-1.979822	-1.342392	0.464963	0.135655	0.309684	0.464963	-0.901820	1.242570	1.618437	-3.149747
V	1.479610	-3.149747	0.732896	-0.564785	0.464963	-0.062284	-0.291766	0.605140	0.958777	0.464963	-1.979822
W	-3.149747	-1.979822	-3.149747	-3.149747	-3.149747	-3.149747	-3.149747	-3.149747	-3.149747	-3.149747	-1.979822
Y	-1.342392	3.578173	-0.901820	-1.979822	-1.342392	-3.149747	-3.149747	-3.149747	-0.291766	-0.062284	-3.149747
