A	0.855610	-0.222392	-0.222392	-0.222392	0.415037	1.465664	1.695145	-0.222392	0.855610	-1.392317	-1.392317	-1.392317
C	-1.392317	-1.392317	-1.392317	-1.392317	-1.392317	-1.392317	-1.392317	-1.392317	-1.392317	-1.392317	-1.392317	-1.392317
D	-1.392317	-1.392317	-1.392317	2.607683	-0.222392	0.415037	-0.222392	-1.392317	-1.392317	-1.392317	0.415037	-1.392317
E	-0.222392	-1.392317	0.855610	-1.392317	0.415037	0.855610	0.415037	0.415037	0.415037	0.415037	-1.392317	-1.392317
F	-0.222392	1.893085	0.415037	-1.392317	0.855610	-0.222392	-0.222392	-1.392317	0.415037	-0.222392	-0.222392	3.618910
G	-1.392317	-1.392317	0.415037	-1.392317	-1.392317	0.415037	-0.222392	1.465664	-0.222392	-0.222392	-1.392317	-1.392317
H	-1.392317	-1.392317	-1.392317	-1.392317	-1.392317	-1.392317	-0.222392	-1.392317	-0.222392	-1.392317	0.855610	-1.392317
I	0.855610	-1.392317	1.465664	-1.392317	-1.392317	-0.222392	0.415037	0.855610	0.855610	0.415037	-1.392317	-1.392317
K	0.855610	-1.392317	-1.392317	-1.392317	-0.222392	0.415037	-0.222392	0.415037	0.415037	0.415037	-0.222392	-1.392317
L	-1.392317	-1.392317	1.893085	-0.222392	-0.222392	-1.392317	-1.392317	0.855610	-0.222392	1.192645	-0.222392	-0.222392
M	-1.392317	-1.392317	-0.222392	-1.392317	0.415037	-1.392317	-1.392317	-0.222392	-1.392317	-0.222392	-1.392317	-1.392317
N	0.415037	-1.392317	-1.392317	-0.222392	-0.222392	0.415037	0.415037	0.855610	0.415037	-1.392317	-0.222392	-1.392317
P	-1.392317	-1.392317	-1.392317	1.465664	0.415037	-1.392317	0.855610	-1.392317	0.855610	-1.392317	-1.392317	-1.392317
Q	-1.392317	-1.392317	-1.392317	-1.392317	-1.392317	-0.222392	-1.392317	-0.222392	-0.222392	1.192645	-1.392317	-1.392317
R	1.192645	-1.392317	-1.392317	-1.392317	-0.222392	0.415037	-1.392317	-1.392317	-0.222392	0.415037	-0.222392	-1.392317
S	-1.392317	-1.392317	-0.222392	-0.222392	1.192645	-0.222392	0.415037	-1.392317	-1.392317	-0.222392	1.695145	-1.392317
T	1.192645	-1.392317	-1.392317	1.192645	0.855610	0.415037	0.415037	0.855610	0.415037	0.415037	1.465664	-1.392317
V	1.192645	-1.392317	1.192645	-1.392317	-1.392317	0.415037	0.415037	-0.222392	0.415037	1.192645	1.192645	-1.392317
W	-1.392317	-1.392317	-1.392317	-1.392317	-1.392317	-1.392317	-1.392317	-1.392317	-1.392317	-1.392317	-1.392317	-1.392317
Y	-0.222392	3.162271	-1.392317	-0.222392	0.855610	-1.392317	-1.392317	-0.222392	-1.392317	-1.392317	-0.222392	-1.392317
