A	-1.491853	-1.491853	-1.491853	-1.491853	0.756074	-0.321928	-1.491853	-1.491853
C	-0.321928	-1.491853	-1.491853	-1.491853	-1.491853	-1.491853	-1.491853	-1.491853
D	-1.491853	-1.491853	2.122857	-1.491853	-1.491853	-0.321928	-1.491853	-1.491853
E	-1.491853	-1.491853	-1.491853	-0.321928	-1.491853	-1.491853	-0.321928	-1.491853
F	-1.491853	1.595610	-1.491853	-1.491853	-1.491853	2.717600	0.315502	2.390790
G	-1.491853	-1.491853	2.717600	-0.321928	-0.321928	-0.321928	-0.321928	-1.491853
H	-0.321928	-1.491853	0.315502	0.315502	-1.491853	-0.321928	1.366128	-1.491853
I	1.093109	-0.321928	-0.321928	0.315502	0.315502	-0.321928	-1.491853	1.366128
K	1.093109	-1.491853	-0.321928	0.315502	-1.491853	-1.491853	0.756074	-1.491853
L	-1.491853	-1.491853	-1.491853	-1.491853	-1.491853	-1.491853	0.315502	2.508147
M	-0.321928	-1.491853	-1.491853	-0.321928	-1.491853	-0.321928	-0.321928	-1.491853
N	-1.491853	-1.491853	-1.491853	-1.491853	-1.491853	-1.491853	-0.321928	-1.491853
P	-1.491853	-1.491853	-0.321928	2.263034	1.366128	-1.491853	-1.491853	-1.491853
Q	-1.491853	-1.491853	-1.491853	-0.321928	-0.321928	0.315502	0.315502	-1.491853
R	0.315502	-1.491853	-1.491853	-1.491853	-1.491853	-1.491853	-0.321928	-1.491853
S	-1.491853	-0.321928	-1.491853	-0.321928	0.756074	-1.491853	0.315502	-1.491853
T	0.315502	-1.491853	-1.491853	1.093109	1.093109	-0.321928	1.967579	-1.491853
V	2.263034	-0.321928	-1.491853	1.093109	2.263034	0.756074	-1.491853	-0.321928
W	-1.491853	-1.491853	-1.491853	-1.491853	-1.491853	-0.321928	-1.491853	-1.491853
Y	1.093109	3.208587	-0.321928	-1.491853	-1.491853	0.315502	-1.491853	-1.491853
