A	0.402785	-2.166878	-0.044394	0.132967	0.402785	0.290892	0.477708	-0.295733	-6.470659
C	-3.885696	-6.470659	-6.470659	-4.663304	-3.885696	-3.011227	-2.855949	-2.855949	-6.470659
D	-1.157776	-6.470659	1.134821	1.732689	-0.569792	-1.516463	-1.702475	-1.702475	-6.470659
E	0.339913	-0.986843	-1.113107	1.153223	-0.270987	-1.069779	0.307418	0.743660	-6.470659
F	-1.637769	1.969172	-0.763300	-2.078341	-0.453851	1.125531	0.506621	-0.600294	3.378355
G	-1.702475	-4.222731	-0.510657	0.506621	-0.065517	-0.695872	-2.362134	-0.834034	-6.470659
H	-1.203872	-3.383196	-1.637769	-0.399197	-0.346538	-0.372627	0.477708	0.290892	-6.470659
I	0.915204	-2.855949	1.682893	-1.069779	1.058772	1.029187	-0.453851	-1.575841	1.106770
K	1.309060	-6.470659	-1.069779	0.240148	0.616804	-0.539922	-1.459432	1.058772	-6.470659
L	-0.372627	-1.113107	1.900029	-0.270987	0.681626	1.233245	1.198226	1.224569	2.677182
M	-2.715771	-2.588016	-0.631455	-3.185257	-1.994925	-1.637769	-1.841302	-1.516463	-0.947097
N	-0.065517	-6.470659	-0.399197	0.017181	-0.246657	-0.631455	0.169586	-0.086955	-6.470659
P	-0.834034	-6.470659	0.017181	1.198226	-1.404570	0.257262	0.463032	-4.663304	-6.470659
Q	-0.834034	-2.470659	-0.346538	-0.426265	-0.372627	-0.320912	0.187553	0.205298	-6.470659
R	0.371691	-3.011227	-3.885696	-0.569792	-0.600294	-0.986843	-0.569792	0.418084	-6.470659
S	0.719166	-5.300734	-0.130809	0.630003	0.205298	-0.023576	0.240148	0.694248	-6.470659
T	0.791436	-2.855949	-0.044394	0.076236	0.448204	0.668892	0.576465	1.198226	-6.470659
V	1.631317	-1.770219	0.904381	-1.113107	1.714216	1.275855	0.755753	0.402785	-2.261206
W	-6.470659	-4.663304	-5.300734	-4.222731	-3.011227	-3.885696	-3.885696	-5.300734	-4.663304
Y	-0.539922	3.763859	-1.841302	-1.113107	-0.763300	-0.631455	0.590037	-0.346538	-2.855949
