A	0.631475 1.602181 2.193557 2.784885 1.537853 2.554451 2.024937 1.601097 1.996873
C	-5.956206 -7.543584 -2.573936 -5.172180 -4.776284 -2.231590 -4.104653 -7.323536 -2.211177
D	-0.570533 -1.126751 -0.890038 -0.401501 -0.392614 -1.700798 -0.294746 -0.758985 -0.233220
E	-0.059537 0.237458 -0.737408 -1.830301 0.469057 -1.647341 0.881744 0.157504 -0.861233
F	1.023284 -1.544149 -0.728374 -3.524676 -2.743447 -2.538904 -1.635979 -1.649050 -2.960157
G	-2.580660 0.658505 1.899423 2.726369 -0.195596 -0.194235 0.107091 0.390630 1.142387
H	-3.177924 0.216332 -1.221805 -5.199740 -1.080771 -5.476627 -0.569394 -1.511181 -2.565696
I	1.544327 -0.438921 -1.340338 -0.933066 -0.158855 0.336037 -0.684642 -0.646866 0.328041
K	-5.239487 0.564072 -1.300555 -9.626777 1.080494 -5.015521 -0.695601 0.278627 -3.355890
L	0.591032 -0.633788 -1.139821 -1.561511 0.146043 -0.544915 0.282181 0.456148 -0.122564
M	-1.917319 -2.234615 -2.368494 -4.304725 -2.223899 -4.154858 -2.373176 -2.711481 -2.342121
N	-5.484188 -0.107399 -1.034692 -3.036680 -1.213952 -3.772687 -0.092968 -1.218162 -0.011283
P	1.494528 -3.616780 0.079222 -5.193360 -0.634953 1.656423 -0.247320 1.534839 -1.193714
Q	-2.275060 0.009562 -0.903646 -3.494600 0.330490 -4.407021 0.534416 -0.436002 -1.442826
R	-3.089105 0.811752 -0.380803 -10.437661 0.305964 -9.723905 0.008891 0.610218 -3.210314
S	-1.808468 0.877798 1.264224 1.549590 0.497758 0.896383 0.718137 0.597892 1.682699
T	-1.424138 0.561423 0.148879 -0.618057 0.608599 0.572203 -0.495398 -0.113161 0.724867
V	1.655910 0.184978 -0.720151 -0.853991 1.171335 1.826689 0.574598 0.583881 1.301248
W	-0.845422 -2.137521 -3.388470 -5.547527 -4.621694 -10.634125 -3.717568 -3.930741 -4.790811
Y	1.168206 -0.481110 -0.240149 -8.106013 -1.789940 -6.309581 -1.562133 -1.730823 -2.746548
