A	0.762352 1.679244 2.223089 2.716139 1.559903 2.666466 1.962386 1.561654 1.840806
C	-10.000822 -9.931146 -3.859976 -4.142015 -5.735618 -3.818103 -5.739444 -9.841512 -3.450375
D	-2.149274 -1.440115 -1.008676 -0.148024 -0.204007 -2.227408 -0.115004 -1.012589 -0.347997
E	-0.752568 0.116905 -0.636813 -2.683556 0.375379 -1.696639 0.942295 0.403628 -1.439449
F	1.170258 -1.457855 -0.476418 -2.926166 -2.451788 -2.128863 -1.486279 -1.092229 -1.831789
G	-3.860060 0.516223 1.878584 2.617153 -0.324596 -0.588509 0.192338 0.029955 0.837693
H	-5.216883 0.407126 -1.356244 -5.565629 -1.256597 -5.655415 -0.342020 -1.156711 -3.100887
I	1.881461 -0.105259 -1.120075 -0.897861 -0.136556 0.020149 -0.516136 -0.652743 0.741834
K	-8.201175 0.795872 -1.037414 -7.176927 1.188224 -3.709759 -0.679545 0.481289 -3.816899
L	0.716266 -0.630707 -0.852021 -1.520968 0.074196 -0.709816 0.205200 0.650211 0.085620
M	-2.031881 -1.885670 -2.050443 -4.720661 -2.260650 -6.174687 -3.112095 -2.208841 -1.970673
N	-9.255911 -0.221933 -1.120188 -2.757934 -1.293840 -3.583926 0.117176 -0.996542 0.053214
P	1.167962 -4.464479 -0.136794 -5.158007 -0.585362 1.642055 -0.875190 1.300651 -1.673610
Q	-2.893498 -0.153049 -1.068750 -3.109565 0.334868 -5.414551 0.651858 -0.609689 -0.982449
R	-4.447211 0.897840 -0.343231 -9.837288 0.261610 -9.336278 0.262176 0.779927 -2.825196
S	-2.671031 0.815664 1.042364 1.551915 0.437279 1.144347 0.586391 0.519004 1.584135
T	-1.421392 0.449774 0.238882 0.117392 0.683210 0.571634 -0.646108 0.034737 0.634787
V	1.910264 0.128296 -0.402680 -0.421380 1.136533 1.793621 0.558438 0.306358 1.652353
W	-0.919735 -2.813747 -3.190947 -4.723045 -4.833281 -9.973344 -4.636065 -4.064116 -5.813963
Y	1.211274 -0.702712 -0.229941 -9.066140 -1.785408 -4.832607 -1.713024 -1.390169 -2.201855
