A	-2.858507 0.988349 1.811315 1.693195 0.378689 2.601007 0.797871 0.604271 1.188528
C	-6.833474 -6.813260 -3.184469 -1.479102 -6.807838 -6.772445 -6.673026 -6.841251 -2.390903
D	-6.711598 -1.973106 -6.813263 -0.468060 -0.718835 -0.093008 1.003012 -1.046516 -2.548246
E	-6.488309 0.028145 -1.289658 -0.362314 0.365596 -0.990429 0.054854 0.774374 -1.997452
F	1.870684 -1.398977 -1.479287 0.037070 -1.869923 -1.657764 -0.082246 -3.449936 -1.144361
G	-3.221809 -0.844847 -0.821146 -6.197433 -2.266052 -0.608153 -1.564862 0.529435 -1.607907
H	-6.770440 0.845131 -0.549299 -3.221443 -0.311599 -6.722679 1.390547 -0.612262 -2.835558
I	2.196701 -0.868500 0.037098 0.432023 -0.481219 -0.733018 -0.038409 -0.663877 1.022687
K	-1.265400 1.604005 -1.216223 -2.926258 1.873128 -6.465852 -0.498749 1.197865 1.021281
L	0.597523 -1.097579 0.511371 -1.676116 -0.923255 -0.930402 1.171450 0.712342 1.553587
M	-1.446502 -3.324715 -1.092826 -1.116573 -2.349431 -6.204310 -1.876879 -1.860693 -1.899620
N	-6.655828 -0.908507 -1.281877 -2.165894 -1.738274 -0.408102 0.446288 -0.323350 -3.248618
P	-0.562704 -6.790225 0.272534 -4.119782 -1.486562 0.295340 -1.323335 1.172603 -0.955362
Q	-6.740559 0.398464 -1.029995 -0.584086 0.516792 -1.991266 -0.188980 -1.267691 -0.456967
R	-2.344532 1.077024 -0.972495 -6.495922 0.871083 -2.782419 -0.238623 0.984102 0.774587
S	-2.395376 0.618021 0.984346 1.356595 0.695338 1.950640 -0.821860 0.001707 0.341874
T	-2.162441 0.324864 1.551501 1.921467 1.329032 0.604660 -0.294332 0.203968 -1.754704
V	1.300534 0.913396 0.670008 1.205768 1.026772 1.223274 0.788076 0.005782 2.028548
W	0.088915 -2.779884 -2.080930 -0.680276 -6.848575 -6.849084 -6.850681 -6.850638 -6.850418
Y	2.119542 0.083740 0.720828 0.341426 -1.687948 -2.046766 -1.015223 -0.653024 -2.246163
