A	-4.637020 1.064786 1.416602 1.218161 0.823606 3.250528 2.004962 0.835282 0.885615
C	-8.839856 -5.157708 -4.326737 -8.845817 -5.312208 -2.837194 -2.867525 -8.745516 -2.623855
D	-8.528706 -3.398406 -1.109707 0.043311 -0.811341 -4.912039 -1.374763 -0.664576 -2.693188
E	-8.370204 0.593321 -0.698656 1.996331 0.108630 -3.437166 1.136874 1.043345 -2.186945
F	1.619958 0.178509 0.325739 -2.996334 -1.105088 0.362027 -0.804053 -2.002484 -2.452797
G	-8.732866 -1.322145 0.788684 -2.259143 -1.383575 0.127575 -1.249953 -0.371546 -1.179587
H	-3.015456 -0.988579 -1.665706 -8.672885 -1.566340 -8.420103 -1.550161 -0.274693 -2.959765
I	-0.034533 0.654062 0.058851 1.286207 0.619227 -0.318488 -0.422718 -0.464194 1.384647
K	2.400844 0.177550 -1.824995 -7.959400 0.430731 -8.751647 -0.668657 0.918930 -1.350832
L	0.212116 1.213702 0.671058 0.285722 1.419140 -1.851147 1.752432 0.662778 2.586174
M	-1.794908 -2.214173 -1.294611 -1.295461 -1.053548 -3.789489 -2.553555 -1.651197 -0.619736
N	-8.293585 -0.935454 -1.359631 -1.487298 -0.126918 -3.444372 0.654480 -0.070103 -1.512785
P	-7.048509 -8.782965 -0.064169 0.027177 0.603129 1.284242 -2.775766 0.337738 -3.631638
Q	-4.657329 -0.130574 -0.488249 -0.839147 -0.018782 -8.404707 0.746585 0.255544 -2.772606
R	2.599332 0.836839 -1.305803 -8.753738 -0.273476 -8.425836 -1.411502 0.798716 -2.568170
S	-5.083591 -0.367773 0.957931 0.921371 0.101701 0.429608 0.188216 0.570451 -0.107278
T	-5.485868 0.215942 -0.392171 0.986239 0.733271 -0.829372 -0.630443 -0.483501 -0.493073
V	-0.955900 1.348187 1.017851 1.233495 0.492948 0.936175 0.193958 0.572067 2.267260
W	-2.437246 -2.336146 -0.446050 -4.936649 -4.106500 -3.481743 -4.709068 -3.825194 -8.739461
Y	1.128161 0.132785 0.726228 -4.347645 -0.182547 -2.075836 -1.868237 -2.010239 -8.387290
