A	0.103093	2.768674	1.127756	-0.947533	0.859822	1.000000	-0.169925	0.103093	-0.506960	-2.754888
C	-2.754888	-2.754888	-1.584963	-2.754888	-2.754888	-1.584963	-2.754888	-2.754888	-2.754888	-2.754888
D	2.013297	-2.754888	-0.506960	1.637430	1.127756	-1.584963	-0.169925	-0.506960	-2.754888	-2.754888
E	-2.754888	0.332575	-1.584963	1.127756	0.103093	-0.169925	-0.506960	-2.754888	0.332575	-2.754888
F	0.704544	-2.754888	-0.947533	-0.947533	-0.506960	-0.947533	-0.506960	-2.754888	-1.584963	-0.506960
G	-2.754888	-1.584963	-0.947533	-0.169925	0.103093	1.245112	1.000000	-1.584963	-1.584963	-2.754888
H	-0.506960	-2.754888	-0.169925	-0.947533	-1.584963	0.103093	1.000000	1.245112	-0.169925	-2.754888
I	0.103093	-2.754888	-0.947533	-1.584963	-0.506960	1.000000	1.000000	-0.169925	-1.584963	2.511899
K	-2.754888	-2.754888	1.127756	0.103093	0.103093	-0.169925	-0.506960	-0.169925	-0.506960	-2.754888
L	1.548893	0.332575	0.530515	0.103093	0.332575	-0.506960	0.332575	0.530515	-0.506960	1.874469
M	0.332575	-0.947533	-0.506960	-2.754888	-1.584963	-2.754888	-2.754888	-2.754888	-1.584963	-2.754888
N	-1.584963	-2.754888	0.103093	-1.584963	0.332575	-1.584963	0.332575	0.103093	-0.506960	-2.754888
P	-2.754888	2.881737	1.548893	1.799701	1.245112	0.859822	1.127756	0.530515	-2.754888	-2.754888
Q	-2.754888	-2.754888	0.103093	0.530515	-0.506960	-0.947533	-0.506960	0.704544	0.103093	-2.754888
R	-2.754888	-2.754888	-0.506960	-0.506960	0.704544	-0.506960	-0.506960	1.720846	-0.169925	-2.754888
S	-0.947533	-2.754888	0.704544	0.530515	-0.169925	1.245112	-0.506960	-0.947533	1.637430	-2.754888
T	-2.754888	-1.584963	-1.584963	0.103093	-0.169925	0.704544	-1.584963	0.530515	2.013297	-2.754888
V	1.000000	-1.584963	-0.947533	-1.584963	-0.169925	-0.169925	1.245112	0.859822	1.637430	2.917538
W	-2.754888	-2.754888	-2.754888	-1.584963	-2.754888	-2.754888	-2.754888	-2.754888	-2.754888	-2.754888
Y	1.637430	-2.754888	0.332575	-1.584963	-0.947533	-1.584963	-2.754888	-1.584963	-0.169925	-2.754888
