A	-2.149747	1.605140	0.435215	1.135655	1.135655	0.098180	-0.342392	0.435215	-0.342392	0.435215	-2.149747
C	-2.149747	-2.149747	-2.149747	-2.149747	-2.149747	-2.149747	-2.149747	-2.149747	-2.149747	-2.149747	-2.149747
D	1.135655	-2.149747	0.708234	0.708234	0.708234	1.850253	0.708234	0.098180	-2.149747	-2.149747	-2.149747
E	-0.979822	0.098180	-2.149747	0.937716	0.708234	0.708234	-0.342392	-0.979822	-0.979822	-0.979822	-2.149747
F	0.708234	-2.149747	0.435215	-2.149747	-2.149747	-2.149747	-0.979822	-2.149747	-2.149747	-0.979822	-2.149747
G	-2.149747	-2.149747	-2.149747	-0.979822	-0.342392	0.435215	1.464963	1.135655	-2.149747	-2.149747	-2.149747
H	-0.979822	-2.149747	-0.342392	-2.149747	-2.149747	-2.149747	-0.979822	0.098180	1.135655	0.435215	-2.149747
I	1.135655	-0.979822	-0.979822	-2.149747	0.708234	-0.342392	-0.979822	0.708234	0.708234	-0.979822	2.745071
K	-0.979822	-2.149747	0.937716	-2.149747	-0.979822	0.435215	-0.979822	0.435215	0.098180	1.309684	-2.149747
L	1.605140	1.732896	1.732896	-0.342392	0.708234	-0.342392	-0.342392	1.135655	-0.342392	-0.342392	1.732896
M	0.435215	-0.979822	0.708234	-2.149747	-2.149747	-2.149747	-2.149747	-2.149747	-2.149747	-2.149747	-2.149747
N	-2.149747	-2.149747	0.098180	-2.149747	-2.149747	-0.342392	0.098180	0.098180	-0.979822	-2.149747	-2.149747
P	-2.149747	2.916342	-0.342392	2.861480	-0.979822	0.708234	1.464963	-0.342392	-0.979822	-2.149747	-2.149747
Q	-2.149747	-0.979822	-0.342392	-0.979822	-2.149747	0.098180	0.435215	0.435215	-0.342392	-0.979822	-2.149747
R	-2.149747	-2.149747	-2.149747	-2.149747	-0.979822	-0.979822	0.098180	-0.979822	2.154034	-0.979822	-2.149747
S	-2.149747	-2.149747	0.435215	0.708234	1.135655	1.135655	1.464963	-0.979822	0.098180	0.708234	-2.149747
T	-2.149747	-2.149747	-2.149747	-0.979822	1.605140	0.098180	0.098180	0.435215	0.098180	2.325986	-2.149747
V	1.309684	-0.342392	-0.979822	-0.979822	0.708234	-0.342392	-2.149747	0.098180	0.937716	1.309684	2.618437
W	-2.149747	-2.149747	-2.149747	-2.149747	-2.149747	-2.149747	-2.149747	-2.149747	-2.149747	-2.149747	-2.149747
Y	1.732896	-2.149747	0.708234	-0.979822	-0.979822	-2.149747	-2.149747	0.098180	0.435215	-0.342392	-2.149747
