A	-2.355481	3.304410	1.064851	-0.273018	1.746881	-0.223775	0.156969	-2.857981
C	-4.273018	-5.442943	-5.442943	-3.635589	-5.442943	-3.635589	-4.273018	-5.442943
D	2.484834	-5.442943	-3.195016	-2.157541	-2.584963	-2.857981	-2.857981	-5.442943
E	-0.488747	-5.442943	-2.584963	0.601451	-2.157541	-0.610053	1.084534	-5.442943
F	-0.223775	-5.442943	-1.233490	-1.334419	-2.584963	-1.334419	-1.139163	-4.273018
G	-5.442943	0.457923	-0.376854	-0.431716	0.706804	-2.584963	-1.139163	-5.442943
H	-0.967210	-5.442943	0.331844	-1.050626	-1.983512	2.016488	-0.376854	-5.442943
I	0.681178	-4.273018	-0.813587	0.364411	1.853973	-1.233490	-1.334419	3.052912
K	-5.442943	-5.442943	1.383605	0.545741	-2.355481	0.156969	1.505424	-5.442943
L	1.644519	-4.273018	0.573865	1.721963	-0.431716	-1.442943	0.940761	1.267863
M	-0.548126	-3.195016	-0.273018	-1.560300	-2.857981	-1.688056	-0.674759	-1.050626
N	-0.888355	-5.442943	-0.742504	-1.050626	-1.828234	0.427421	-1.560300	-5.442943
P	-4.273018	2.883486	2.408806	-0.176157	-0.548126	0.457923	-4.273018	-5.442943
Q	-0.813587	-4.273018	-1.050626	-0.223775	-1.334419	0.601451	0.487794	-5.442943
R	-4.273018	-5.442943	-1.983512	-0.130061	-4.273018	0.573865	0.396260	-5.442943
S	-1.688056	-0.813587	-0.548126	0.298523	0.396260	0.396260	0.119299	-5.442943
T	0.396260	-2.157541	-1.828234	0.628519	0.851677	0.487794	1.233014	-5.442943
V	1.084534	-3.635589	-0.548126	1.399407	2.295149	1.160683	1.179108	3.052912
W	-5.442943	-5.442943	-2.857981	-5.442943	-5.442943	-1.442943	-5.442943	-5.442943
Y	0.706804	-5.442943	0.298523	-0.376854	-5.442943	-1.334419	-1.828234	-5.442943
