A	-0.088544	3.227855	1.240200	0.300641	0.523320	0.606833	0.239153	0.845592	-2.979753
C	-6.019282	-5.381852	-7.189207	-6.019282	-6.019282	-4.604244	-4.604244	-4.331226	-7.189207
D	1.326493	-7.189207	-0.585580	1.153979	-0.941279	-1.589294	-1.922420	-3.306564	-7.189207
E	-1.552582	-1.516781	-1.970038	1.611693	-0.128511	-0.478400	0.012917	1.125943	-7.189207
F	1.192336	-7.189207	-0.585580	-2.019282	-0.623153	-0.567155	-1.922420	-1.665645	-1.117744
G	-4.941279	-0.394791	-2.235011	0.280435	-0.062502	0.037205	-4.331226	-1.922420	-7.189207
H	-0.784065	-7.189207	-0.461286	-1.318842	0.300641	-0.941279	1.365382	-0.226311	-7.189207
I	0.708639	-0.917744	0.152868	-0.805503	0.614924	1.355758	-0.315763	-1.970038	2.433760
K	-1.414420	-7.189207	1.176022	-0.211927	0.130465	-0.604244	0.723683	0.701057	-7.189207
L	1.286527	0.760620	0.775134	0.218061	0.174928	0.654714	0.388222	-0.362658	2.469897
M	-0.427656	-1.381852	0.130465	-1.876324	-2.123118	-1.922420	-1.350003	-1.705391	-0.827263
N	-0.362658	-6.019282	0.012917	-0.827263	-0.169616	-0.894586	-0.062502	-0.513250	-7.189207
P	-7.189207	2.077580	0.723683	1.828993	0.461845	0.866076	0.872839	-3.434319	-7.189207
Q	-1.258469	-2.796889	-0.211927	-0.427656	-0.240840	-0.585580	0.228646	0.531892	-7.189207
R	-3.306564	-7.189207	-0.989534	-1.626964	-0.049655	-1.350003	1.114574	-0.075465	-7.189207
S	0.531892	-0.101744	0.872839	0.598696	0.340224	0.565681	0.107709	1.537011	-7.189207
T	0.461845	-1.144813	0.196656	-0.088544	0.359615	0.443788	-0.036922	1.764989	-4.941279
V	1.120270	0.107709	-0.427656	-0.088544	1.549730	1.790218	0.866076	0.614924	2.947784
W	-4.941279	-7.189207	-3.574497	-5.381852	-5.381852	-6.019282	-3.729775	-5.381852	-6.019282
Y	0.824814	-7.189207	0.130465	-2.885426	-0.495720	-1.414420	-1.381852	-1.229205	-3.903805
