A	-6.949577 0.282630 1.117801 0.677302 0.354912 -0.076968 0.974243 0.657045 -0.038400
C	-11.133466 -4.645639 -3.114303 -3.779153 -4.982015 -11.213652 -5.022116 -4.922685 -5.224803
D	-10.971178 -1.117756 -1.452680 2.096599 -0.041895 -1.474548 -0.770589 -1.427176 2.363451
E	-10.741181 0.741706 -0.232620 0.633561 0.195511 -1.344282 1.016197 0.482328 2.254056
F	2.551162 -1.099643 -0.566455 -1.464696 -1.446581 -5.266444 -0.946505 -1.204180 -1.100193
G	-8.237655 -1.777106 -0.909315 -2.543492 0.167913 -2.251017 -0.010370 0.082719 0.156785
H	-6.678031 -0.448359 -1.581890 -2.744147 -0.929600 -0.746078 -0.860185 -0.857866 -1.668070
I	1.763751 0.702225 1.112367 0.462046 -0.411771 -2.090877 0.160675 -0.026343 0.026843
K	-10.473027 0.979550 0.215114 -0.172122 1.569783 2.792964 -0.450025 1.013584 -3.297044
L	1.493688 0.818461 1.106469 0.843218 -0.065234 -3.726944 1.328055 1.268662 0.056020
M	-1.538413 -2.253175 -0.781266 -0.928896 -2.399960 -11.118788 -1.849253 -2.044729 -2.285601
N	-10.753023 -0.689064 -0.992351 0.461091 -0.352768 -0.067346 0.797333 -0.917624 -1.389723
P	-10.961687 -10.882265 0.495542 -8.477928 0.952914 -1.497063 0.654804 0.778641 -2.088028
Q	-6.758313 -0.017870 -0.357674 -0.197494 -0.147793 -0.933149 -0.227175 0.158208 -0.062577
R	-9.466233 0.977923 -0.043869 -2.221152 0.692658 2.265809 -0.828844 0.736629 -2.685164
S	-10.982296 0.142037 0.317867 0.835316 0.504191 0.359492 0.155172 0.209758 0.052435
T	-10.271687 0.458002 -0.125044 0.046670 0.250321 0.671217 -0.496936 -0.285189 -1.969520
V	0.324490 1.450422 1.023426 0.857393 0.508571 -0.552334 0.607995 0.418039 0.382061
W	-0.380702 -2.740251 -3.036292 -5.249562 -4.034295 -11.197435 -3.305863 -3.772604 -6.593785
Y	2.466256 -0.714259 -0.124610 -3.170051 -1.462595 -5.323429 -0.948297 -0.970113 -1.039868
