A	1.050176	-2.491853	1.233040	0.093109	0.338222	0.047880	0.093109	0.375311	0.136964	-6.246741
C	-6.246741	-6.246741	-4.439386	-5.076816	-6.246741	-6.246741	-3.998813	-5.076816	-3.661778	-6.246741
D	-6.246741	-6.246741	0.943084	1.253105	1.532979	0.955383	-0.175278	1.499774	-1.546301	-6.246741
E	-2.787309	-1.854423	0.200343	1.681037	2.045581	1.302081	0.716155	1.913131	0.744781	-6.246741
F	-1.692152	-6.246741	0.943084	-1.180651	-1.478556	-1.076816	0.300154	-2.037287	-0.845861	2.449358
G	0.158401	-6.246741	-2.787309	0.393504	0.979672	0.853922	0.611240	-1.692152	-0.505274	-6.246741
H	-0.022739	-5.076816	-0.646828	-1.478556	-1.771007	-1.235513	-0.505274	-0.258056	-0.175278	-6.246741
I	-1.351923	-0.723179	1.413255	-1.771007	0.093109	0.411471	0.115203	-0.175278	-1.771007	1.212691
K	1.724803	-5.076816	-2.491853	0.800383	-0.505274	0.657141	0.280736	-2.491853	1.128299	-6.246741
L	-1.478556	2.427452	1.202408	-0.022739	0.280736	0.813955	0.979672	0.241099	0.730539	2.966364
M	-4.439386	-0.439386	-0.022739	-2.491853	-3.388760	-1.942960	-0.845861	-2.246741	-1.942960	-1.076816
N	-4.439386	-6.246741	-1.027572	0.136964	-0.345874	-1.027572	0.356886	-0.439386	-0.684498	-6.246741
P	-6.246741	-5.076816	-1.351923	0.967579	0.280736	-0.229932	-0.316003	-1.617384	-6.246741	-6.246741
Q	-1.292544	3.477773	-0.229932	0.642003	-0.505274	-0.022739	-0.229932	1.128299	0.813955	-6.246741
R	3.068975	-6.246741	-3.998813	-0.845861	-2.138216	-1.351923	-0.439386	-2.138216	0.716155	-6.246741
S	0.070672	-4.439386	-0.505274	0.657141	0.446746	0.179524	-0.286739	0.070672	0.943084	-6.246741
T	-2.961338	-2.246741	-1.942960	-1.351923	-1.027572	0.356886	0.024722	0.070672	1.149864	-6.246741
V	-1.235513	0.241099	0.611240	-1.413851	-0.148709	0.579808	0.758884	1.061598	0.047880	-1.478556
W	-3.159278	-6.246741	-1.351923	-2.787309	-2.787309	-3.661778	-2.491853	-2.246741	-3.661778	1.681037
Y	-0.574315	-3.998813	0.024722	-1.546301	-2.632031	-2.246741	-0.574315	-1.478556	-0.047068	-2.364098
