A	0.849133	-2.891624	0.791186	0.984570	0.699652	0.422691	0.667804	0.984570	-0.020610	0.422691	-5.139551
C	-5.139551	-5.139551	-3.969626	-5.139551	-3.969626	-5.139551	-3.969626	-3.969626	-5.139551	-5.139551	-5.139551
D	-5.139551	-5.139551	0.127235	1.348289	1.307532	0.984570	0.761315	-0.306661	1.328054	-3.332196	-5.139551
E	-5.139551	-2.281570	-0.244734	1.638526	1.921145	0.984570	1.010196	0.218001	2.098853	0.261328	-5.139551
F	-3.332196	-5.139551	1.808816	-0.747234	-1.031027	-1.384664	-0.835771	-0.439112	-0.835771	-0.747234	2.572976
G	0.127235	-5.139551	-2.052089	0.261328	0.127235	1.035374	0.532874	0.820451	-1.680120	-0.835771	-5.139551
H	-0.510195	-5.139551	-0.128324	-1.139551	-0.835771	-0.747234	-0.510195	-2.052089	-0.439112	0.127235	-5.139551
I	-1.854149	-0.835771	1.200299	-1.031027	-0.747234	-0.371367	0.635236	0.849133	-1.139551	-1.256908	0.791186
K	1.866073	-5.139551	-2.281570	0.173332	-0.835771	0.344264	0.567808	0.127235	-2.281570	1.265590	-5.139551
L	-2.052089	2.572976	1.222392	0.261328	0.667804	-0.510195	0.303392	1.010196	1.464075	1.328054	3.014001
M	-3.969626	-1.139551	-1.031027	-2.554589	-2.281570	-2.281570	-2.052089	-2.052089	-1.139551	-1.384664	-1.031027
N	-5.139551	-5.139551	-1.139551	-0.185355	-0.128324	-0.510195	-0.835771	-0.185355	-0.020610	-1.680120	-5.139551
P	-5.139551	-5.139551	-1.680120	1.010196	0.344264	1.060121	-0.439112	-0.185355	-3.969626	-3.969626	-5.139551
Q	-1.854149	3.366260	-0.128324	0.384011	-0.510195	-0.073462	-0.306661	-0.073462	0.984570	0.635236	-5.139551
R	3.241992	-5.139551	-2.554589	-1.524842	-1.256908	-1.384664	-0.835771	-0.128324	-2.052089	0.532874	-5.139551
S	-0.020610	-2.281570	0.030374	0.303392	0.601916	1.108376	0.730813	0.667804	-0.073462	1.108376	-5.139551
T	-2.052089	-0.930098	-2.281570	-0.584963	-0.244734	0.303392	0.218001	0.173332	-0.439112	1.155069	-5.139551
V	-1.854149	0.344264	0.218001	-1.384664	-0.371367	-0.510195	0.601916	0.344264	0.303392	0.079617	-1.256908
W	-3.969626	-5.139551	-0.584963	-3.969626	-2.052089	-5.139551	-3.332196	-3.969626	-2.891624	-2.891624	1.518660
Y	-0.663818	-3.332196	0.460361	-2.281570	-1.854149	-1.139551	-1.680120	-1.256908	-1.384664	-1.256908	-3.332196
