A	0.487550	-2.599913	0.685489	-0.351985	1.154975	0.685489	0.487550	-0.014950	-0.014950	1.014797	0.859519	-2.599913
C	-2.599913	-2.599913	-2.599913	-2.599913	-2.599913	-2.599913	-2.599913	-2.599913	-2.599913	-2.599913	-1.429988	-2.599913
D	-2.599913	-2.599913	0.258068	2.232977	0.487550	0.685489	0.258068	1.014797	-0.792558	0.258068	-1.429988	-2.599913
E	-2.599913	-1.429988	-0.792558	1.609541	2.570012	1.508612	1.508612	1.400087	-0.351985	1.154975	0.685489	-2.599913
F	-2.599913	-2.599913	2.029444	-0.351985	-2.599913	-1.429988	-0.351985	0.258068	-0.014950	-0.351985	-0.351985	2.029444
G	0.487550	-2.599913	-2.599913	0.685489	0.487550	-0.014950	0.487550	0.685489	0.859519	-2.599913	-1.429988	-2.599913
H	-0.014950	-2.599913	0.258068	-0.351985	-2.599913	-0.351985	-0.351985	-1.429988	-1.429988	0.258068	-1.429988	-2.599913
I	-1.429988	-0.792558	1.282730	-1.429988	-1.429988	0.258068	-1.429988	0.487550	-0.351985	-0.014950	-0.792558	0.685489
K	1.400087	-2.599913	-1.429988	0.859519	-2.599913	0.487550	-0.014950	0.487550	-0.792558	-1.429988	0.258068	-2.599913
L	-2.599913	2.029444	0.487550	-0.014950	0.258068	0.258068	-0.351985	1.014797	1.014797	0.258068	1.875821	3.072512
M	-1.429988	-0.792558	0.258068	-2.599913	-2.599913	-2.599913	-1.429988	-1.429988	-1.429988	-2.599913	-1.429988	-0.351985
N	-2.599913	-2.599913	-2.599913	-1.429988	-0.792558	0.487550	0.487550	-1.429988	-0.351985	0.487550	-1.429988	-2.599913
P	-2.599913	-2.599913	-1.429988	0.258068	-0.014950	-0.792558	1.014797	-0.014950	0.258068	-0.014950	-2.599913	-2.599913
Q	-2.599913	3.575013	-1.429988	-0.351985	-0.792558	0.487550	0.258068	-0.792558	1.154975	1.400087	-0.014950	-2.599913
R	3.270452	-2.599913	-2.599913	-1.429988	-1.429988	-0.351985	-0.351985	-0.792558	-1.429988	-2.599913	-0.014950	-2.599913
S	-0.351985	-2.599913	-1.429988	-0.792558	-0.792558	0.487550	-0.792558	0.258068	0.258068	-0.792558	1.014797	-2.599913
T	-2.599913	-2.599913	-1.429988	-0.351985	0.487550	-0.792558	-0.792558	0.258068	0.258068	-0.014950	1.400087	-2.599913
V	-1.429988	-2.599913	0.859519	-1.429988	0.258068	-0.792558	-0.014950	-0.792558	1.400087	0.258068	-0.014950	-2.599913
W	-2.599913	-2.599913	-1.429988	-2.599913	-1.429988	-1.429988	-0.792558	-2.599913	-2.599913	-0.351985	-2.599913	1.400087
Y	-1.429988	-2.599913	0.685489	-2.599913	-0.792558	-0.792558	-0.351985	-2.599913	-0.351985	-0.351985	-2.599913	-2.599913
