A	1.594878	-4.179909	0.212408	0.449448	1.039259	-0.425022	0.029544	-4.179909
C	-4.179909	-4.179909	-4.179909	-4.179909	-4.179909	-4.179909	-4.179909	-4.179909
D	-4.179909	-4.179909	-1.931982	-2.372554	-0.894507	-3.009984	-4.179909	-4.179909
E	-2.372554	-3.009984	-2.372554	0.588275	-1.931982	-0.425022	0.831318	-4.179909
F	-1.594947	-4.179909	1.132974	-1.321928	-0.179909	-0.720477	-1.594947	-1.931982
G	-0.425022	-4.179909	-1.321928	-2.372554	-0.565199	-3.009984	-2.372554	-4.179909
H	1.132974	-3.009984	0.212408	-1.931982	-1.594947	1.086877	0.831318	-4.179909
I	0.029544	-4.179909	1.527450	-0.297266	1.382333	-0.425022	-1.931982	3.248451
K	0.029544	-4.179909	-0.071385	1.561558	-1.931982	-0.297266	1.969838	-4.179909
L	-0.297266	-2.372554	1.220970	1.627446	2.019763	1.456716	0.652981	1.969838
M	-0.071385	-1.931982	0.123872	-1.931982	-0.720477	-1.594947	-1.594947	-1.594947
N	-3.009984	-4.179909	-2.372554	-3.009984	-3.009984	-0.565199	-1.092446	-4.179909
P	-4.179909	-4.179909	-4.179909	0.714909	-0.565199	0.714909	-4.179909	-4.179909
Q	0.374680	4.207031	-0.720477	0.714909	-0.565199	0.774287	0.520531	-4.179909
R	0.449448	-4.179909	-1.321928	0.374680	-3.009984	0.774287	1.177643	-4.179909
S	1.132974	-4.179909	-0.179909	-0.071385	0.029544	0.295824	0.295824	-4.179909
T	0.212408	-4.179909	-0.894507	-0.425022	0.212408	0.652981	0.774287	-4.179909
V	0.990016	-4.179909	0.520531	1.086877	1.808776	-0.297266	0.123872	2.182035
W	-2.372554	-4.179909	-1.092446	-4.179909	-3.009984	-0.179909	-4.179909	-0.565199
Y	0.295824	-4.179909	1.456716	-1.594947	-1.931982	-0.720477	-1.321928	-4.179909
