A	1.010700	-0.526939	1.100765	0.469883	-0.028646	0.185052	-0.176411	0.237381	-4.051295
C	-8.355076	-8.355076	-6.107148	-8.355076	-6.107148	-5.770113	-5.267613	-3.800487	-8.355076
D	-3.522186	-5.497095	1.392698	1.192783	0.255949	0.366878	0.074331	-1.993132	-8.355076
E	-0.958471	-1.035404	-0.534897	1.551439	0.786393	1.085274	1.371568	0.649145	-8.355076
F	-0.542898	-4.246551	0.779992	-1.451194	0.021050	-0.201524	-0.334096	-1.081280	1.733050
G	0.189889	-3.654636	-1.267613	0.520674	0.314695	-0.327170	-2.997524	-0.526939	-8.355076
H	0.358311	-0.845301	-0.449689	-1.294380	-0.668575	-0.768236	0.421357	0.021050	-6.547721
I	-0.550945	0.323524	0.711013	-0.905927	0.704269	0.983104	-0.017454	-1.576999	2.019149
K	1.617545	-6.547721	-0.758886	0.750833	0.425464	0.058552	-1.512725	1.292832	-5.497095
L	-1.013001	2.526994	0.489630	-0.157859	1.170934	0.562296	1.633609	0.988665	2.785275
M	-2.060455	-0.362137	-0.731194	-2.997524	-1.993132	-1.610242	-1.024159	-1.451194	-0.659847
N	-2.366391	-6.107148	-0.293030	-0.220649	-1.081280	-0.926716	-0.600188	-0.722081	-8.355076
P	-8.355076	-2.912132	-2.230954	1.105892	-0.583586	0.366878	-0.109523	-4.145622	-8.355076
Q	-0.299793	2.830884	-0.334096	0.079552	-0.559036	0.074331	0.627918	0.512975	-8.355076
R	2.245069	-2.954196	-2.015226	-0.559036	-0.695080	-0.542898	-1.215524	0.731060	-8.355076
S	0.509110	-1.349451	0.905844	0.638570	0.130754	0.042599	-0.034275	1.103331	-8.355076
T	-0.503327	-0.845301	-0.369234	-0.519025	0.323524	0.209074	-0.057013	0.946420	-7.185151
V	-0.176411	0.734375	0.199513	-0.659847	1.074854	1.043134	0.802271	0.130754	0.899953
W	-3.522186	-8.355076	-1.421385	-3.236135	-1.867236	-4.355076	-1.808181	-4.895644	1.214305
Y	-0.097688	-1.770113	0.246695	-2.257044	-0.835439	-0.980036	-0.457230	-0.600188	-0.355076
