A	1.360381	0.641981	1.186351	0.047415	0.266425	0.073457	0.505174	1.061797	0.456528	-4.805320
C	-5.245892	-5.883322	-4.468285	-4.805320	-4.468285	-4.805320	-5.883322	-4.468285	-3.767845	-7.053247
D	1.093958	-4.468285	-1.008853	1.731388	0.060495	-0.669543	-1.311780	-2.577514	-2.944723	-7.053247
E	2.180972	-3.593816	-1.740364	1.210022	0.161072	-0.325327	-0.829245	-1.064562	0.354021	-7.053247
F	-0.878321	-7.053247	1.412319	-1.093245	-0.047623	-0.805320	0.277670	-0.713397	-0.359760	-1.245892
G	-0.119556	-3.965784	-1.610304	1.143970	1.607640	1.035541	0.974659	-0.413002	0.676374	-7.053247
H	-0.669543	-5.245892	-1.610304	-1.093245	-0.545452	-0.781784	-0.853575	-0.565407	-0.758626	-5.245892
I	-2.749466	0.073457	1.625353	-1.311780	-0.395036	0.385545	0.466389	0.684845	-2.660930	-4.805320
K	-1.122510	-7.053247	-1.182882	-0.359760	0.073457	0.332615	-0.275170	-0.468285	0.742792	3.083744
L	-2.352807	-1.529685	0.007449	-1.214043	-0.047623	0.395902	0.981552	1.042150	0.889267	-0.929126
M	-2.352807	-5.245892	-0.275170	-2.749466	-2.660930	-1.695695	-1.491005	-1.064562	-2.423891	-2.749466
N	-1.695695	-3.593816	-0.468285	-0.104880	-0.377290	-0.449621	-0.275170	-0.468285	-0.006123	-7.053247
P	-7.053247	-1.883322	-0.104880	1.355083	1.548524	1.227524	0.995240	-0.545452	0.232155	-7.053247
Q	-1.491005	-3.438537	-0.713397	-0.258831	-0.805320	-0.377290	-0.431195	-0.342441	0.798502	-7.053247
R	-0.413002	-5.883322	-2.220357	-1.214043	-1.245892	-0.626982	-0.853575	-0.506353	0.650656	3.207966
S	2.052661	0.852140	0.354021	0.918296	0.693267	1.087583	0.693267	1.204141	0.844598	-7.053247
T	0.086304	2.884862	-0.377290	-0.325327	-0.134384	0.766932	0.650656	1.074747	0.310888	-5.883322
V	-0.929126	2.824804	0.782803	-1.064562	0.243669	0.406184	0.552232	1.370919	-0.210897	-5.883322
W	-5.245892	-7.053247	-2.577514	-3.593816	-2.577514	-3.170604	-2.423891	-3.298360	-3.593816	-3.170604
Y	-1.122510	-5.883322	0.844598	-1.380822	-1.380822	-1.569431	-1.416623	-1.652368	-0.242675	-0.179803
