A	1.163614	0.518131	1.220309	0.039922	1.043069	0.272181	0.605860	0.688558	0.562662	0.400391	-5.799282
C	-5.799282	-5.799282	-4.629357	-4.629357	-5.799282	-4.629357	-5.799282	-4.629357	-2.941301	-3.551354	-5.799282
D	1.314461	-4.629357	-1.916639	1.996758	-0.441730	0.840963	-0.199369	-1.323548	-2.044394	-2.941301	-5.799282
E	2.128496	-4.629357	-3.214319	1.027267	-0.315466	0.708513	0.217527	-0.966392	-1.690757	0.189403	-5.799282
F	-0.788054	-4.629357	1.439123	-1.799282	-0.845085	-1.690757	-0.788054	-0.162657	-0.580113	-0.162657	-3.991927
G	-1.169925	-4.629357	-2.711819	0.995134	0.766772	1.177998	0.978796	1.058699	0.350465	0.605860	-5.799282
H	-0.629357	-4.629357	-2.339850	-1.495501	-1.169925	-1.916639	-0.680341	-1.098842	-0.356338	-1.031097	-4.629357
I	-2.044394	0.189403	2.157820	-2.044394	-0.629357	-0.680341	-0.126856	0.945552	0.584423	-2.711819	-4.629357
K	-1.690757	-5.799282	-0.788054	-1.098842	-0.275720	0.101585	0.217527	-0.733192	-0.580113	0.747613	2.935428
L	-2.711819	-1.690757	-0.091922	-0.733192	-0.091922	0.400391	0.245112	1.274860	0.840963	1.058699	-2.513879
M	-1.799282	-5.799282	-0.024495	-3.214319	-2.513879	-2.184572	-1.916639	-1.495501	-0.680341	-2.184572	-3.991927
N	-1.244693	-4.629357	-1.589828	-0.275720	-0.845085	-0.680341	-0.162657	-0.733192	-0.441730	0.131456	-5.799282
P	-5.799282	-3.214319	-0.733192	1.415037	1.618571	0.298750	0.626983	0.008073	-1.323548	-0.024495	-5.799282
Q	-1.169925	-3.551354	-0.275720	-0.441730	-0.629357	-0.356338	-0.356338	-0.057815	-0.057815	0.518131	-5.799282
R	-1.098842	-5.799282	-1.916639	-1.031097	-1.323548	-0.398402	-0.126856	-1.031097	0.071083	0.272181	3.473348
S	2.228624	0.945552	-0.315466	1.119582	1.427131	1.531635	1.340270	1.043069	1.378138	0.962270	-5.799282
T	0.472181	2.896817	-1.406964	-0.024495	0.472181	0.708513	0.448646	0.298750	0.962270	0.626983	-5.799282
V	-1.031097	2.843673	0.747613	-0.788054	0.894205	-0.057815	0.495339	0.766772	1.234141	-0.024495	-5.799282
W	-4.629357	-5.799282	-3.991927	-3.214319	-2.044394	-2.941301	-4.629357	-3.991927	-2.941301	-4.629357	-4.629357
Y	-1.916639	-4.629357	1.192240	-1.799282	-2.044394	-2.044394	-2.044394	-0.788054	-1.495501	0.071083	-0.680341
