A	0.847230	0.596422	1.462566	-0.092649	0.768374	0.768374	0.596422	0.921997	0.921997	0.921997	0.292641	-3.707359
C	-3.707359	-3.707359	-3.707359	-3.707359	-3.707359	-2.537434	-3.707359	-3.707359	-3.707359	-3.707359	-3.707359	-3.707359
D	1.303868	-3.707359	-1.459432	1.511809	-1.122397	0.596422	0.401165	-0.421957	-2.537434	-3.707359	-3.707359	-3.707359
E	2.564104	-3.707359	-3.707359	1.125531	-0.092649	0.401165	0.292641	-0.421957	-0.619896	-1.459432	0.047528	-3.707359
F	-0.619896	-3.707359	1.776457	-2.537434	-0.849378	-1.459432	-3.707359	-0.421957	-0.247928	-1.459432	0.175284	-3.707359
G	-3.707359	-3.707359	-3.707359	1.605524	1.246837	0.684958	1.816203	1.559427	1.462566	1.125531	0.993081	-3.707359
H	-0.421957	-3.707359	-0.849378	-3.707359	-2.537434	-1.122397	-1.122397	-1.122397	-1.459432	-0.619896	-0.247928	-3.707359
I	-1.900004	-0.247928	1.776457	-3.707359	-0.092649	0.047528	0.502094	-1.900004	0.175284	-0.247928	-1.459432	-3.707359
K	-2.537434	-3.707359	-0.247928	-1.459432	-2.537434	0.047528	-0.092649	0.292641	0.047528	-0.849378	0.401165	2.654585
L	-2.537434	-1.900004	-1.459432	-1.122397	-0.849378	0.175284	-0.247928	-0.849378	0.175284	0.921997	1.303868	-3.707359
M	-0.849378	-3.707359	0.175284	-1.900004	-2.537434	-1.900004	-2.537434	-2.537434	-1.459432	-0.849378	-1.459432	-3.707359
N	-1.459432	-3.707359	-2.537434	-0.092649	-0.247928	-0.421957	-2.537434	-1.122397	-1.122397	-0.849378	-0.247928	-3.707359
P	-3.707359	-3.707359	0.047528	1.735584	1.693520	-0.849378	0.768374	0.684958	1.187459	0.175284	-0.247928	-3.707359
Q	-0.421957	-3.707359	-3.707359	-0.247928	-0.421957	-0.247928	0.175284	-0.092649	-0.849378	-1.122397	0.684958	-3.707359
R	-2.537434	-3.707359	-1.900004	-3.707359	-0.849378	-0.092649	-0.092649	-0.619896	-1.122397	-0.849378	-1.122397	3.589557
S	1.854883	0.292641	-1.900004	1.303868	1.411582	1.559427	1.125531	1.559427	1.303868	1.816203	0.921997	-3.707359
T	0.292641	2.820118	-1.900004	-0.092649	0.047528	0.921997	-0.421957	0.768374	0.502094	0.596422	0.768374	-3.707359
V	-1.459432	3.003447	0.921997	-0.849378	0.993081	0.047528	0.047528	0.292641	0.596422	1.125531	-0.849378	-3.707359
W	-3.707359	-3.707359	-1.900004	-2.537434	-1.900004	-1.900004	-2.537434	-2.537434	-1.900004	-1.459432	-2.537434	-3.707359
Y	-1.122397	-3.707359	1.411582	-2.537434	-0.849378	-2.537434	-1.459432	-1.122397	-2.537434	-1.900004	0.047528	-1.459432
