A	-0.280108	-0.280108	0.497500	-0.917538	-0.280108	0.770518	0.160465	0.497500	0.770518	1.795180	1.527247	0.160465	-2.087463
C	-2.087463	-2.087463	-2.087463	-2.087463	-2.087463	-2.087463	-2.087463	-2.087463	-2.087463	-2.087463	-2.087463	-2.087463	-2.087463
D	1.667425	-2.087463	-0.917538	1.795180	-0.917538	-0.917538	1.000000	0.770518	1.000000	-0.917538	-0.917538	-0.917538	-2.087463
E	3.082462	-2.087463	-2.087463	1.795180	-2.087463	-0.917538	0.160465	0.160465	0.497500	-0.917538	-2.087463	0.497500	-2.087463
F	-2.087463	-2.087463	1.197939	-0.280108	-0.917538	-2.087463	0.160465	-0.280108	-0.917538	-0.917538	-0.917538	-0.280108	-2.087463
G	-2.087463	-2.087463	-0.917538	0.770518	1.527247	1.371969	1.000000	2.121991	1.667425	1.000000	1.000000	1.197939	-2.087463
H	-0.917538	-2.087463	-2.087463	-2.087463	-0.917538	-0.280108	-0.917538	-0.280108	-0.917538	-2.087463	-0.917538	-0.280108	-2.087463
I	-2.087463	-0.917538	2.216318	-0.917538	0.497500	0.497500	-2.087463	-0.917538	-0.280108	-0.280108	-0.917538	-2.087463	-2.087463
K	-2.087463	-2.087463	-0.917538	-0.917538	-2.087463	-0.280108	-0.917538	-0.280108	-0.280108	0.497500	-2.087463	0.770518	1.912537
L	-2.087463	-2.087463	-2.087463	-2.087463	1.371969	0.497500	0.497500	0.770518	-0.917538	0.770518	-0.917538	0.160465	-2.087463
M	-0.917538	-2.087463	-0.917538	-2.087463	-0.917538	-0.280108	-2.087463	-2.087463	-2.087463	-0.280108	-0.917538	-2.087463	-2.087463
N	-0.917538	-2.087463	-0.917538	-0.917538	-0.280108	-2.087463	-0.280108	-0.917538	-2.087463	-0.917538	-2.087463	-0.917538	-2.087463
P	-2.087463	-2.087463	-2.087463	1.527247	1.197939	-0.917538	-0.280108	-0.280108	0.770518	-0.280108	-0.280108	-0.280108	-2.087463
Q	-2.087463	-2.087463	-0.917538	-0.917538	0.160465	0.497500	-0.280108	-0.280108	-0.280108	-0.280108	-0.280108	1.000000	-2.087463
R	-2.087463	-0.917538	-0.917538	-2.087463	-2.087463	-2.087463	0.770518	-0.280108	0.497500	-0.280108	-0.280108	0.497500	3.549162
S	0.770518	0.497500	-2.087463	1.000000	-0.280108	1.371969	0.497500	-0.280108	0.770518	0.160465	1.795180	-0.280108	-2.087463
T	-0.280108	2.745427	-0.917538	-0.280108	0.497500	1.197939	1.000000	0.160465	-0.917538	1.197939	1.371969	0.160465	-2.087463
V	-2.087463	2.745427	1.371969	-2.087463	1.197939	0.160465	0.160465	-0.280108	0.160465	-0.917538	1.000000	-0.917538	-2.087463
W	-2.087463	-2.087463	-2.087463	-2.087463	-2.087463	-2.087463	-2.087463	-2.087463	-2.087463	-2.087463	-2.087463	-2.087463	-2.087463
Y	-0.280108	-2.087463	1.667425	-0.917538	-2.087463	-2.087463	-0.917538	-2.087463	-2.087463	-0.917538	-2.087463	1.000000	-0.917538
