A	-2.209453	0.648528	-0.402098	0.038474	0.038474	0.375509	0.878009	-2.209453
C	-2.209453	-2.209453	-2.209453	-2.209453	-2.209453	-2.209453	-2.209453	-2.209453
D	0.648528	-2.209453	0.038474	0.648528	-2.209453	-2.209453	-2.209453	-2.209453
E	3.191426	-2.209453	-2.209453	-1.039528	-2.209453	-2.209453	0.038474	-2.209453
F	-0.402098	-2.209453	2.801774	-0.402098	-0.402098	0.375509	-1.039528	-2.209453
G	-2.209453	-2.209453	-1.039528	-0.402098	2.490986	0.038474	0.375509	-2.209453
H	-0.402098	-2.209453	-2.209453	-2.209453	0.375509	1.249978	0.648528	-2.209453
I	-2.209453	0.375509	-0.402098	-0.402098	0.878009	1.249978	-2.209453	-2.209453
K	-2.209453	-2.209453	-0.402098	0.375509	-0.402098	-1.039528	0.038474	1.673190
L	-2.209453	-2.209453	-1.039528	0.038474	-2.209453	1.249978	0.038474	-2.209453
M	-2.209453	-2.209453	-0.402098	-2.209453	-2.209453	-1.039528	-1.039528	-1.039528
N	-2.209453	-2.209453	0.038474	-1.039528	-0.402098	-1.039528	-0.402098	-2.209453
P	-2.209453	-2.209453	-1.039528	1.249978	1.075949	-2.209453	0.648528	-2.209453
Q	-2.209453	-2.209453	-2.209453	0.375509	-2.209453	-1.039528	1.075949	-2.209453
R	-2.209453	-2.209453	-2.209453	1.075949	-2.209453	-0.402098	-2.209453	3.352789
S	1.249978	0.648528	0.375509	0.648528	0.648528	1.405256	1.075949	-2.209453
T	0.878009	2.801774	-1.039528	0.038474	-0.402098	-0.402098	0.038474	-2.209453
V	-1.039528	2.419903	1.673190	1.249978	0.648528	0.878009	0.375509	-2.209453
W	-2.209453	-2.209453	-2.209453	-2.209453	-2.209453	-2.209453	-2.209453	-2.209453
Y	-1.039528	-2.209453	-2.209453	-2.209453	-2.209453	-2.209453	0.375509	1.405256
