A	1.304923	1.514140	1.458709	0.335017	0.421165	0.647867	0.711015	0.804979	-5.208731
C	-7.793694	-6.715691	-5.678216	-6.715691	-6.105638	-4.571301	-4.571301	-4.409030	-8.963619
D	0.992758	-7.793694	-0.329715	1.186129	-0.549991	-2.839497	-2.788693	-2.623769	-8.963619
E	1.786460	-2.169203	-1.824067	1.328128	-0.138660	-2.000723	-0.742031	0.804979	-8.963619
F	-0.560607	-6.378656	0.933471	-1.088637	-0.366497	0.294358	0.008643	-0.544712	-0.784954
G	0.078725	-3.363706	-0.935713	0.920170	0.636294	0.875585	-0.438098	0.252521	-8.963619
H	-0.404242	-8.963619	-1.119698	-1.504187	-0.637189	-0.956591	-0.307194	-0.784954	-2.646206
I	-1.713320	0.581829	1.290229	-1.473771	0.288455	0.976328	0.763025	-2.044755	-4.754165
K	-0.375841	-8.963619	-0.688658	0.165020	0.426550	-0.784954	-0.150639	0.813226	2.826832
L	-1.358139	-0.285018	0.255550	-0.428343	0.068427	0.835663	1.284309	0.730739	0.380122
M	-2.074875	-3.326994	-0.539452	-3.222152	-2.788693	-1.330623	-1.065773	-2.015251	-2.105638
N	-1.050729	-3.793694	-0.307194	-0.343399	-0.443000	-1.303623	-0.915132	-0.053726	-8.963619
P	-7.156264	-0.724020	-1.251092	1.396954	1.454761	0.099102	-0.555289	-0.114996	-8.963619
Q	-1.065773	-1.836914	-0.443000	-0.084035	-0.614890	-0.748086	-0.158681	0.715422	-6.105638
R	-0.298283	-3.222152	-1.678216	-0.829192	-0.061244	-0.881470	0.165020	0.082141	3.111861
S	1.789598	1.366458	0.873615	0.989123	0.724194	1.144252	0.841722	1.131119	-8.963619
T	0.377344	2.467357	-0.195434	-0.009422	0.005048	1.096064	0.765152	0.659348	-8.963619
V	-0.549991	2.374282	0.881479	-0.760271	0.893196	1.122849	1.060136	-0.233148	-2.892156
W	-4.263179	-8.963619	-3.440057	-3.326994	-2.359992	-3.003617	-2.496013	-4.659838	-2.235698
Y	-0.688658	-5.876156	0.481914	-1.737206	-0.921959	-1.217104	-0.908336	-0.544712	0.626968
