A	-3.402492 0.269306 0.976537 0.949362 0.611716 2.180282 0.466937 0.442227 0.294345
C	-11.865296 -5.048773 -2.491374 -3.943381 -4.110826 -4.287425 -6.125283 -3.422013 -3.073177
D	-7.850951 -1.412839 -1.330226 -1.071803 -0.319431 -0.606790 -1.888926 -0.707732 0.170407
E	-2.936563 0.468102 -0.160350 -0.971029 -0.040254 -0.837671 0.673191 0.326125 -0.349655
F	2.576919 -0.680091 -0.047649 -0.579642 -1.794047 -2.033038 -0.485131 -1.372804 -0.254148
G	-9.284517 -1.151304 -0.483291 -2.822789 -0.144007 1.198192 -0.477289 -0.194787 -1.448997
H	-4.780695 -0.048460 -0.508083 -1.306623 -0.231061 -3.759583 0.176621 -0.650934 -3.627363
I	1.505830 0.443496 0.339951 0.667076 -0.291189 -2.532309 0.376510 -0.305175 2.026042
K	-7.033901 1.020399 0.481152 -3.661894 1.474410 -3.663736 0.475346 1.022446 -3.234707
L	1.465160 0.732266 0.747147 0.440187 -0.171463 -4.165827 1.048111 0.830375 2.258851
M	-1.401665 -2.264970 -1.144623 -1.648137 -2.465986 -5.007081 -1.846096 -2.102515 -1.285784
N	-7.181109 -0.396346 -0.896807 -0.810556 -0.411080 0.391915 0.662740 -0.476001 -2.808142
P	-5.511780 -8.165893 0.465082 -5.045100 0.470092 0.375156 -0.567921 1.234734 -3.453867
Q	-6.327713 0.384205 0.171607 -2.361717 0.163004 -2.000323 0.417592 -0.161395 -2.004115
R	-9.860272 1.124738 0.183523 -8.023078 0.829125 -5.438551 0.170115 1.004005 -2.652393
S	-5.938004 0.385681 0.673254 1.826705 0.657918 2.487651 0.050757 0.495495 -1.180822
T	-4.545457 0.316440 -0.228652 2.353668 0.653247 0.832931 -0.221812 -0.170881 -1.181725
V	0.428623 0.958515 0.317804 1.482952 0.379967 -0.258798 0.756475 0.224524 2.046100
W	0.168955 -1.916851 -1.820199 -4.059437 -4.330123 -6.260227 -1.929831 -3.851446 -4.878007
Y	2.380447 -0.519094 0.294434 -2.754538 -1.340368 -2.965599 -0.791193 -1.231630 -1.338287
