A	-0.088767 0.806062 1.498690 1.481619 0.616262 -1.775071 0.691037 0.157634 0.388205
C	-9.039029 -4.603602 -4.600477 -3.062568 -4.035780 -9.029970 -9.035949 -8.997915 -4.650399
D	-0.679624 -0.280899 0.575597 -1.822330 -0.292645 4.072749 0.270704 -0.013926 1.613032
E	0.150175 0.689637 0.025947 -5.279474 1.112153 -1.294887 1.168578 1.032383 0.534187
F	0.893935 -1.185500 -0.289690 -0.712934 -0.900804 -8.362634 0.504716 0.088896 -0.327157
G	-1.520662 -0.074119 2.183753 -1.490748 -0.357459 -5.221655 -0.998062 -0.721611 0.046868
H	0.165620 0.388522 -0.365054 -4.330181 -1.213203 -8.874633 0.215669 -1.295418 -2.474728
I	1.301623 -0.448560 -1.636688 1.557601 0.069400 -0.861815 -0.086253 0.339550 1.485262
K	-4.528863 0.754012 -1.697846 -8.585088 0.857594 -8.861045 -1.580483 -0.014156 -8.939041
L	1.667556 -0.027519 -1.225882 0.663591 0.356867 -1.192302 0.081026 1.041439 1.683436
M	-1.003137 -2.366889 -2.158520 -1.838925 -1.831009 -5.246984 -2.222943 -1.775327 -0.680327
N	1.039616 0.155558 -0.873746 -1.757199 -0.973384 -1.895599 0.273141 -0.452286 -1.452349
P	-3.687097 -8.912256 0.039085 -4.471484 -0.262247 -4.391271 1.126788 1.056722 -3.759051
Q	-0.045571 0.248333 0.065677 -4.531657 0.475571 -4.586066 -0.066642 -0.608756 -0.276887
R	-6.079035 0.815672 -2.036325 -8.923532 -0.092269 -8.917562 -0.583796 -0.141570 -4.287571
S	-0.381213 0.806590 0.994526 0.921022 0.881629 -2.162674 0.036786 0.067931 -0.241762
T	-1.072422 1.030280 -0.229592 1.244911 0.545360 -3.536259 -0.658246 0.020738 -0.956661
V	0.784871 0.216603 -1.065437 2.547075 0.847700 -0.417247 0.495695 0.648824 1.201019
W	-2.600669 -2.657917 -3.853743 -3.820176 -2.810519 -8.983929 -1.094754 -2.619405 -5.480216
Y	0.644436 -1.709293 -0.074894 -1.362907 -1.547991 -8.930681 -0.418169 -0.004743 -1.004566
