A	-0.165693 0.468335 1.007167 1.977720 0.744354 0.621288 1.021494 1.603957 1.786019
C	-3.514428 -4.413862 -4.668314 0.133111 -7.422373 -4.487977 -4.162981 -8.025941 -3.033692
D	-0.616061 -0.815352 -1.787368 -1.484639 0.519325 2.797768 1.300897 -1.744758 0.135115
E	-0.131370 0.557021 -1.635065 -1.581873 0.727980 -0.092063 1.078842 1.249615 0.540095
F	-0.859227 -0.592188 -0.050885 -0.878852 -1.539385 -7.172334 -2.181752 -1.136467 -3.595114
G	-1.113711 -1.741184 -0.046289 -2.380113 -1.760920 -3.214007 -1.811493 -0.369628 1.145886
H	-1.063783 0.396258 -2.989890 -4.511477 -0.496969 -7.509651 -0.471085 0.279726 -1.980705
I	1.416905 0.446464 -1.243940 1.627850 0.573437 0.409101 0.353276 -2.331343 -0.370184
K	-1.425711 0.674392 -3.126689 -7.856203 0.903924 -6.363373 -2.467088 0.368359 -2.595100
L	1.107139 -0.921674 -1.284609 0.914199 0.144310 0.764681 0.339039 -0.449348 -0.048487
M	-1.202499 -7.180673 -2.483451 -2.248615 -2.993259 -2.908304 -2.866807 -3.024100 -2.045312
N	0.471250 -0.308963 -2.210883 -4.053048 -1.008264 -1.810592 -0.858185 -0.058037 -0.369814
P	-0.411100 -7.913654 -1.560277 -7.956451 -1.073770 0.710451 1.384260 1.088060 -1.635486
Q	0.487048 -0.148593 -1.152683 -1.958421 0.619144 -4.544211 -0.271998 0.217546 0.418976
R	-6.017282 1.072847 -1.991530 -5.126712 -0.751140 -7.478144 -0.008131 0.520264 -1.738245
S	0.962944 0.538653 2.061016 0.597319 0.807938 -0.187379 0.155938 0.165365 2.149324
T	0.300232 1.013627 2.759573 1.074053 1.020385 0.107669 -0.368916 0.237498 -0.139112
V	1.512257 0.894263 -1.241830 2.098170 1.047720 1.722160 0.917598 0.162254 -0.063599
W	-2.946805 -1.491892 -3.223948 -4.502083 -3.604465 -7.917430 -3.029997 -7.947285 -3.421469
Y	-0.702412 0.327963 0.508374 -6.718419 -1.939560 -7.961175 -1.448272 -1.374643 -4.245101
