A	-4.351510 0.497372 1.227815 0.733743 0.525147 -1.263674 0.939825 0.528445 1.826640
C	-10.703568 -4.703171 -3.431732 -2.477274 -3.828941 -5.482394 -5.505514 -5.108122 -2.962861
D	-10.172539 -1.096703 -1.665029 0.242538 -0.150106 -2.021523 -1.321683 -1.577586 -1.511345
E	-10.317091 0.748581 0.191957 0.284599 0.211703 -1.938000 0.526039 0.254925 -0.214816
F	-0.145838 -0.767231 -0.427751 -0.721953 -1.751669 -10.473129 -0.813621 -1.801259 -1.901419
G	-7.304194 -2.534058 -0.485826 -3.462000 0.107669 -2.619889 0.432369 0.058006 1.827217
H	-10.496182 -0.604104 -1.505558 -2.101053 -0.716273 -1.019480 -0.264890 -0.021470 -1.153588
I	3.022030 0.546834 1.065889 1.337563 -0.817181 -3.976845 0.187973 0.016163 -1.434099
K	-8.556736 1.235176 0.180548 -0.809251 1.668936 3.022726 0.583721 1.079607 -1.074456
L	2.525863 0.621554 0.841986 2.317842 -0.307501 -4.932749 1.623090 1.283602 -1.160995
M	-0.396646 -2.330609 -1.234587 0.494964 -1.657928 -9.841483 -1.532249 -1.968978 -1.878534
N	-6.530884 -0.573231 -0.590966 -0.698366 0.193567 -1.253808 -0.140059 -0.939731 -0.969198
P	-6.105803 -10.179492 0.139163 -6.299916 0.521742 -3.095121 -0.271513 0.503408 -1.986205
Q	-6.949555 0.192022 -0.330382 -0.863856 0.122646 -2.639319 -0.015669 0.250549 1.593870
R	-10.449789 1.301201 0.165736 -2.794241 0.807756 3.016083 0.751123 0.975238 -0.118451
S	-9.631740 -0.304455 0.581887 -0.733248 0.516893 -1.008079 -0.283959 0.076556 1.601544
T	-4.423662 0.271569 -0.571446 -0.338378 0.266972 -0.501451 -1.150702 -0.269237 -0.913727
V	2.038022 1.304172 0.768402 1.252827 -0.187011 -2.463955 0.220119 0.346590 -0.585423
W	-4.699905 -3.829593 -2.614474 -3.350486 -2.816891 -10.704660 -3.147588 -4.536409 -10.425979
Y	-2.590352 -0.747696 0.182626 -2.868146 -0.991559 -10.246834 -1.160389 -0.788131 -1.527899
