A	-1.359620	1.624379	1.225342	0.385807	-0.054766	0.722842	0.321101	-0.692196	1.260276	-4.447083
C	-4.447083	-3.277158	-4.447083	-4.447083	-4.447083	-4.447083	-2.639728	-3.277158	-4.447083	-4.447083
D	-1.589102	-4.447083	-0.237630	0.953796	0.819703	0.507113	0.182273	0.671858	-2.199156	-4.447083
E	-0.237630	-4.447083	0.447735	1.453784	1.423281	-0.054766	0.321101	1.115159	1.115159	-4.447083
F	1.752589	-4.447083	1.483654	-1.862121	-0.987652	-1.862121	-0.987652	-2.199156	-1.161681	2.347333
G	-3.277158	-4.447083	-4.447083	0.028650	1.294384	0.819703	0.865800	-0.564440	0.028650	-4.447083
H	1.702664	-4.447083	-0.692196	-0.143302	-0.832373	-0.447083	-0.832373	-0.237630	-1.359620	-2.639728
I	-0.447083	-3.277158	1.036733	-1.161681	0.385807	-0.143302	0.564144	0.619006	-1.161681	-3.277158
K	-4.447083	-4.447083	-3.277158	-0.143302	-0.987652	0.385807	0.722842	-1.862121	-0.237630	-4.447083
L	1.152830	-3.277158	0.385807	0.107506	0.385807	0.619006	0.722842	0.107506	0.107506	0.253356
M	1.294384	-4.447083	-0.832373	-3.277158	-4.447083	-0.987652	-2.199156	-2.639728	-0.987652	0.865800
N	-0.447083	-4.447083	0.028650	-0.832373	-0.692196	-0.564440	0.385807	-0.338559	-1.589102	-4.447083
P	-4.447083	3.955929	-1.589102	1.800844	0.671858	0.995860	0.722842	0.321101	-1.589102	-4.447083
Q	-0.987652	-4.447083	-1.359620	-0.237630	-0.237630	-0.143302	-0.143302	0.507113	-0.143302	-4.447083
R	-2.639728	-4.447083	-1.862121	-0.987652	-1.862121	-0.237630	-0.338559	-0.832373	-0.987652	-4.447083
S	-0.237630	-2.199156	-0.564440	1.294384	0.722842	0.107506	0.619006	0.107506	1.392121	-4.447083
T	-0.564440	-4.447083	-1.359620	-0.447083	-0.237630	0.253356	-0.832373	0.953796	1.569725	-4.447083
V	-0.692196	-2.199156	1.115159	-3.277158	0.447735	0.819703	-0.054766	1.677038	1.327704	-4.447083
W	-4.447083	-4.447083	0.253356	-3.277158	-3.277158	-4.447083	-4.447083	-4.447083	-4.447083	-4.447083
Y	1.360272	-3.277158	0.564144	-1.161681	-0.832373	-1.359620	-0.832373	-1.161681	-2.199156	3.458304
