A	-1.486782	1.532077	1.219487	-0.449307	0.373815	0.657608	1.435215	0.474744	-0.120000	1.033475	-3.734710
C	-3.734710	-3.734710	-3.734710	-2.564785	-3.734710	-2.564785	-2.564785	-3.734710	-2.564785	-1.927355	-3.734710
D	-0.876729	-3.734710	-0.449307	0.741024	1.219487	0.569071	0.569071	0.147933	1.033475	-1.149747	-3.734710
E	-0.275278	-3.734710	0.569071	1.276518	1.484459	0.474744	0.657608	0.147933	0.741024	1.098180	-3.734710
F	1.708234	-3.734710	1.708234	-0.647247	-2.564785	-2.564785	-2.564785	-1.927355	-0.647247	-2.564785	2.253975
G	-2.564785	-3.734710	-2.564785	0.894647	0.020178	1.033475	0.741024	1.098180	-1.927355	-1.149747	-3.734710
H	0.965730	-2.564785	-0.647247	-1.486782	-1.149747	-1.149747	-1.486782	-0.876729	0.741024	-1.149747	-2.564785
I	0.020178	-3.734710	0.657608	-0.275278	0.373815	0.373815	0.265290	0.474744	0.569071	0.657608	-3.734710
K	-2.564785	-3.734710	-1.486782	0.020178	-0.647247	-0.876729	0.020178	1.098180	-0.876729	0.020178	-3.734710
L	1.435215	-3.734710	1.331380	0.265290	0.147933	0.265290	0.657608	0.147933	0.020178	0.265290	0.819879
M	1.098180	-3.734710	-1.486782	-1.927355	-2.564785	-3.734710	-2.564785	-1.927355	-2.564785	-1.486782	0.657608
N	0.265290	-3.734710	-1.486782	-0.275278	-0.449307	-0.647247	-0.449307	0.569071	-0.275278	-1.486782	-3.734710
P	-3.734710	3.960519	-2.564785	1.532077	1.160108	0.965730	0.020178	-0.120000	-0.647247	-0.876729	-3.734710
Q	-1.149747	-3.734710	-1.486782	-0.647247	-0.120000	-1.486782	0.147933	-0.876729	0.147933	-0.275278	-3.734710
R	-0.647247	-3.734710	-1.486782	-0.647247	-1.927355	-0.275278	-0.275278	-0.449307	-0.647247	0.020178	-3.734710
S	-0.275278	-3.734710	-1.149747	0.819879	1.033475	0.657608	0.569071	0.373815	0.373815	0.819879	-3.734710
T	0.020178	-3.734710	-1.927355	-0.120000	-0.449307	1.276518	0.474744	0.265290	-0.647247	0.894647	-3.734710
V	-0.275278	-2.564785	1.276518	-0.647247	0.373815	0.373815	0.020178	1.033475	1.749106	1.276518	-3.734710
W	-3.734710	-3.734710	0.147933	-3.734710	-2.564785	-2.564785	-3.734710	-3.734710	-2.564785	-3.734710	-3.734710
Y	0.741024	-3.734710	0.020178	-1.149747	-1.927355	-1.486782	-1.927355	-2.564785	-0.449307	0.020178	3.404842
