A	-0.954196	-0.954196	0.215729	0.215729	-0.954196	-0.954196	-0.954196	-0.954196	-0.954196	0.215729	-0.954196	-0.954196	-0.954196
C	-0.954196	-0.954196	-0.954196	-0.954196	0.853159	-0.954196	-0.954196	-0.954196	-0.954196	-0.954196	-0.954196	-0.954196	-0.954196
D	-0.954196	-0.954196	-0.954196	1.293731	-0.954196	-0.954196	0.853159	1.293731	1.293731	0.853159	-0.954196	-0.954196	-0.954196
E	-0.954196	-0.954196	-0.954196	1.293731	1.293731	1.293731	0.215729	0.853159	1.630766	0.853159	0.215729	-0.954196	-0.954196
F	0.853159	-0.954196	1.903785	-0.954196	0.215729	-0.954196	-0.954196	-0.954196	-0.954196	-0.954196	-0.954196	-0.954196	2.133267
G	-0.954196	-0.954196	-0.954196	0.853159	0.853159	0.853159	-0.954196	0.853159	-0.954196	0.215729	0.215729	-0.954196	-0.954196
H	0.853159	-0.954196	-0.954196	-0.954196	-0.954196	0.215729	0.215729	-0.954196	0.215729	0.215729	0.215729	0.215729	-0.954196
I	-0.954196	-0.954196	0.853159	-0.954196	0.215729	0.853159	-0.954196	-0.954196	0.215729	1.630766	0.215729	-0.954196	-0.954196
K	-0.954196	-0.954196	-0.954196	-0.954196	0.215729	-0.954196	1.903785	-0.954196	0.853159	-0.954196	-0.954196	0.853159	-0.954196
L	1.630766	-0.954196	-0.954196	0.853159	-0.954196	-0.954196	-0.954196	0.215729	0.215729	-0.954196	0.853159	0.853159	-0.954196
M	0.853159	-0.954196	-0.954196	-0.954196	-0.954196	-0.954196	-0.954196	-0.954196	-0.954196	-0.954196	-0.954196	-0.954196	-0.954196
N	-0.954196	-0.954196	-0.954196	0.215729	-0.954196	0.215729	-0.954196	0.853159	-0.954196	0.215729	-0.954196	0.215729	-0.954196
P	-0.954196	3.349584	-0.954196	0.215729	-0.954196	0.215729	-0.954196	0.853159	0.215729	0.215729	-0.954196	-0.954196	-0.954196
Q	-0.954196	-0.954196	-0.954196	0.215729	0.215729	-0.954196	0.853159	-0.954196	0.215729	-0.954196	0.215729	0.853159	-0.954196
R	-0.954196	-0.954196	0.215729	-0.954196	-0.954196	-0.954196	0.215729	-0.954196	-0.954196	-0.954196	-0.954196	0.215729	-0.954196
S	-0.954196	-0.954196	-0.954196	0.215729	0.853159	0.853159	-0.954196	-0.954196	-0.954196	0.215729	1.293731	0.215729	-0.954196
T	0.215729	-0.954196	-0.954196	-0.954196	0.215729	1.293731	0.853159	0.853159	-0.954196	-0.954196	-0.954196	0.853159	-0.954196
V	0.215729	-0.954196	0.215729	-0.954196	0.215729	-0.954196	0.215729	0.215729	0.215729	0.215729	1.903785	0.853159	-0.954196
W	-0.954196	-0.954196	0.853159	-0.954196	-0.954196	-0.954196	-0.954196	-0.954196	-0.954196	-0.954196	-0.954196	-0.954196	-0.954196
Y	1.293731	-0.954196	1.293731	-0.954196	-0.954196	-0.954196	-0.954196	-0.954196	-0.954196	-0.954196	-0.954196	0.215729	2.660514
