A	-2.442943	1.860837	1.016488	-0.635589	1.665581	0.142019	0.842459	-2.442943
C	-2.442943	-2.442943	-2.442943	-2.442943	-2.442943	-2.442943	-1.273018	-2.442943
D	0.842459	-2.442943	0.842459	-0.635589	-1.273018	-0.635589	-2.442943	-2.442943
E	-0.195016	-2.442943	-2.442943	1.557057	-2.442943	0.142019	1.665581	-2.442943
F	1.860837	-1.273018	-0.195016	-1.273018	-1.273018	0.644519	-1.273018	1.766510
G	-2.442943	-2.442943	1.665581	-0.195016	-0.195016	-2.442943	-1.273018	-2.442943
H	0.842459	-2.442943	0.142019	-0.635589	-0.195016	1.016488	-0.195016	-2.442943
I	0.415037	-2.442943	-0.195016	0.415037	0.842459	-0.635589	0.142019	-2.442943
K	-2.442943	-2.442943	-1.273018	0.415037	-1.273018	-0.635589	-0.195016	-2.442943
L	1.665581	-1.273018	1.016488	1.171766	-0.195016	0.842459	-0.195016	1.439700
M	0.644519	-2.442943	-1.273018	-2.442943	-2.442943	-2.442943	-2.442943	1.557057
N	-2.442943	-2.442943	-0.635589	-1.273018	-1.273018	-2.442943	-2.442943	-2.442943
P	-1.273018	3.573865	-2.442943	1.171766	0.415037	0.415037	-0.195016	-2.442943
Q	-2.442943	-2.442943	-1.273018	-0.195016	-1.273018	0.415037	-0.635589	-2.442943
R	-2.442943	-2.442943	-0.635589	-0.635589	-2.442943	-1.273018	-2.442943	-2.442943
S	-0.635589	-2.442943	-0.195016	-2.442943	2.111645	0.842459	0.415037	-2.442943
T	-1.273018	-2.442943	0.644519	0.142019	0.415037	0.142019	0.842459	-2.442943
V	-0.195016	-0.635589	0.644519	1.311944	1.016488	0.842459	2.032790	-2.442943
W	-2.442943	-2.442943	-1.273018	-2.442943	-2.442943	-0.635589	-2.442943	-2.442943
Y	1.016488	-1.273018	-0.635589	-1.273018	-1.273018	0.415037	-1.273018	3.000000
