A	-0.525868	2.218797	1.332280	0.439955	0.213027	0.709562	0.168994	1.264151	-4.164907
C	-5.579944	-6.749869	-6.749869	-6.749869	-5.579944	-4.501942	-4.501942	-3.290438	-5.579944
D	-0.478406	-6.749869	0.688922	1.250131	0.667983	-0.073912	-0.525868	-1.483083	-6.749869
E	-0.366165	-6.749869	-0.344728	1.390960	0.255755	-0.202975	0.988223	1.185296	-6.749869
F	0.962658	-1.113245	0.988223	-1.113245	-0.501942	-0.127818	-1.187627	-1.683780	2.326278
G	-2.749869	-2.540416	-1.579944	0.614265	0.168994	-0.323605	-2.749869	-0.574944	-6.749869
H	1.441190	-6.749869	-0.183815	-0.432457	-0.432457	-0.387926	0.255755	-0.879505	-1.855052
I	-0.127818	-2.749869	0.709562	-0.879505	0.864840	1.140395	0.657398	-0.410019	-4.164907
K	-2.120513	-6.749869	-2.749869	-0.039063	-0.302786	-0.600122	-0.879505	0.535533	-5.579944
L	1.250131	-1.916979	0.709562	-0.127818	0.827559	0.512225	1.070310	0.011682	1.653143
M	0.855610	-4.501942	-1.113245	-2.540416	-1.795673	-2.049430	-1.855052	-2.195281	1.117409
N	0.255755	-5.579944	0.092481	-0.478406	-0.344728	-1.149957	-0.625748	-1.266054	-6.749869
P	-5.579944	3.661906	-2.749869	1.365174	0.500429	0.350793	0.769767	-1.436986	-6.749869
Q	-0.478406	-3.135160	-0.819132	-0.323605	-0.761185	0.213027	0.092481	0.060702	-5.579944
R	-1.306926	-4.501942	-1.483083	-0.455249	-1.483083	-0.600122	-0.819132	-0.761185	-6.749869
S	0.198498	-2.867226	0.500429	0.614265	0.138874	0.283554	-0.091658	1.214471	-6.749869
T	0.971230	-3.464467	0.060702	-0.344728	0.310827	0.581047	0.592205	1.062308	-4.164907
V	-0.222392	-0.146243	1.163020	-0.242075	1.453479	1.471718	1.513400	1.465664	-3.662407
W	-4.501942	-6.749869	-1.630928	-3.662407	-3.464467	-6.749869	-3.135160	-6.749869	-2.749869
Y	0.376835	-2.120513	-0.262029	-2.120513	-1.149957	-1.149957	-1.077444	-1.683780	3.149110
