A	-0.550197	3.349807	0.500429	-1.187627	-0.550197	-1.187627	-0.109624	0.227410	1.946229	-2.357552
C	-2.357552	-2.357552	-2.357552	-2.357552	-2.357552	-2.357552	-2.357552	-2.357552	-2.357552	-2.357552
D	-2.357552	-2.357552	0.500429	1.397335	-1.187627	0.227410	-1.187627	-2.357552	-1.187627	-2.357552
E	-2.357552	-2.357552	-1.187627	0.500429	-1.187627	-0.550197	-2.357552	-2.357552	1.101880	-2.357552
F	3.000000	-2.357552	0.227410	-1.187627	-0.109624	-0.550197	0.729911	-0.550197	-0.550197	2.955331
G	-1.187627	-2.357552	-2.357552	1.525091	2.034765	0.729911	1.397335	-2.357552	-1.187627	-2.357552
H	-1.187627	-2.357552	-2.357552	-0.109624	0.729911	0.227410	-0.550197	0.500429	-0.109624	-0.550197
I	-1.187627	-0.550197	0.729911	-1.187627	-1.187627	-0.550197	-1.187627	-0.109624	-2.357552	-2.357552
K	-2.357552	-2.357552	-0.550197	-2.357552	-2.357552	-0.109624	0.729911	-2.357552	-2.357552	-2.357552
L	0.500429	0.500429	0.729911	-2.357552	-0.109624	0.227410	1.257158	0.927850	-0.109624	1.525091
M	-0.550197	-0.550197	0.500429	-1.187627	-2.357552	-2.357552	-2.357552	-0.550197	-2.357552	-0.550197
N	-2.357552	-2.357552	0.500429	0.227410	0.227410	-0.550197	-0.550197	-1.187627	-0.550197	-2.357552
P	-2.357552	-2.357552	0.500429	2.537266	1.525091	1.397335	0.927850	0.227410	0.227410	-2.357552
Q	-2.357552	-0.550197	-2.357552	-2.357552	-0.109624	0.227410	-0.550197	0.227410	-2.357552	-2.357552
R	-1.187627	-2.357552	-0.109624	-2.357552	-1.187627	-0.550197	0.729911	1.257158	-2.357552	-2.357552
S	-2.357552	-0.109624	-0.109624	-0.550197	-0.550197	1.101880	-0.550197	1.101880	1.750972	-2.357552
T	-2.357552	0.227410	-2.357552	0.227410	0.500429	0.500429	-0.109624	1.397335	0.500429	-2.357552
V	0.500429	0.927850	0.500429	-2.357552	-0.550197	0.500429	0.500429	0.500429	1.101880	-2.357552
W	-2.357552	-2.357552	-2.357552	-2.357552	-0.550197	-1.187627	-2.357552	-2.357552	-2.357552	-2.357552
Y	2.034765	-2.357552	1.525091	-2.357552	-0.109624	-1.187627	-1.187627	-0.550197	-1.187627	2.342888
