A	-0.062284	3.397147	1.154034	-0.901820	-1.342392	0.732896	1.242570	-3.149747
C	-3.149747	-3.149747	-3.149747	-3.149747	-3.149747	-3.149747	-3.149747	-3.149747
D	-3.149747	-3.149747	-3.149747	-0.901820	-3.149747	-1.342392	-1.342392	-3.149747
E	-3.149747	-3.149747	-1.342392	0.850253	-3.149747	-0.564785	2.810255	-3.149747
F	2.894647	-1.979822	1.479610	-1.342392	0.850253	-3.149747	-1.979822	1.479610
G	-3.149747	-1.979822	0.464963	-0.291766	-0.564785	-1.979822	-3.149747	-3.149747
H	-0.062284	-3.149747	-0.062284	0.135655	1.242570	0.135655	-0.901820	-1.979822
I	0.135655	-0.291766	-0.291766	0.850253	0.464963	-0.062284	-0.901820	-0.564785
K	-1.979822	-3.149747	0.309684	-0.901820	-1.979822	-0.564785	0.135655	-3.149747
L	1.242570	-1.979822	0.309684	1.404842	2.948285	1.059706	-0.901820	3.397147
M	-1.979822	-1.979822	-0.291766	-1.979822	-0.901820	-0.901820	-1.979822	1.242570
N	-3.149747	-3.149747	-0.901820	-0.062284	-1.979822	-0.901820	-3.149747	-3.149747
P	-3.149747	-3.149747	-0.901820	0.464963	-0.291766	2.163136	-1.979822	-3.149747
Q	-3.149747	-3.149747	0.850253	-0.901820	-0.564785	0.464963	-0.901820	-3.149747
R	-3.149747	-3.149747	-1.979822	-0.291766	0.464963	1.154034	-0.901820	-3.149747
S	-1.342392	1.683143	-0.901820	-0.291766	-1.342392	0.135655	0.605140	-3.149747
T	-0.564785	0.464963	0.309684	-0.564785	-1.342392	-0.291766	0.309684	-3.149747
V	-0.901820	0.850253	-0.564785	1.683143	-1.979822	-0.901820	1.154034	-3.149747
W	-3.149747	-3.149747	-0.291766	-1.979822	-1.979822	-3.149747	-3.149747	-3.149747
Y	2.020178	-3.149747	0.605140	-0.291766	-3.149747	-1.979822	-1.979822	0.850253
