A	-0.164875	3.454456	0.566636	-0.258590	0.122155	0.158866	0.006058	1.541832	-3.229831
C	-3.670403	-2.892796	-4.307833	-5.477758	-5.477758	-4.307833	-3.670403	-4.307833	-5.477758
D	-5.477758	-5.477758	-2.390295	1.455932	-1.268305	-1.863048	-2.619777	-1.268305	-5.477758
E	-4.307833	-4.307833	-2.018327	0.905946	-1.722871	-1.369234	-0.164875	1.908104	-5.477758
F	2.755861	-1.722871	0.948506	-0.709574	1.364592	1.441105	-0.923169	-0.923169	2.420087
G	-2.018327	-1.595115	-3.229831	0.593704	0.229601	0.948506	-2.619777	-1.863048	-5.477758
H	-1.085441	-5.477758	0.045804	-1.085441	0.620274	-0.582941	-0.120206	-1.173978	-0.777319
I	-0.034815	0.697167	1.144294	-0.523562	-0.582941	0.084484	0.158866	-0.411669	-1.369234
K	-1.085441	-5.477758	-0.582941	-1.085441	-0.164875	-0.466531	-0.307833	-1.477758	-4.307833
L	1.180453	0.229601	0.646363	0.361446	-0.210972	1.569366	1.918847	-0.923169	2.656668
M	-0.923169	-2.892796	0.122155	-2.619777	-2.018327	-1.268305	-1.002025	-2.619777	0.593704
N	-1.722871	-3.229831	0.593704	-0.358817	-0.307833	-1.477758	-0.523562	-1.863048	-5.477758
P	-5.477758	-5.477758	-1.085441	2.099671	1.348790	0.158866	0.392606	-0.358817	-5.477758
Q	-2.390295	-1.477758	-0.709574	-1.002025	-1.173978	-1.002025	0.006058	-0.523562	-5.477758
R	-2.390295	-5.477758	0.671989	-1.863048	0.671989	0.006058	0.948506	-2.619777	-5.477758
S	0.452979	1.088296	-0.411669	0.329597	0.229601	0.482244	0.482244	1.485138	-4.307833
T	-1.477758	-0.307833	-1.002025	-0.466531	-0.777319	0.646363	0.721914	1.107204	-4.307833
V	0.646363	0.770169	0.593704	-0.258590	1.010082	0.084484	0.770169	1.250162	-0.120206
W	-3.670403	-4.307833	-2.192356	-2.390295	-1.722871	-3.229831	-3.670403	-4.307833	-3.670403
Y	1.661793	-5.477758	1.180453	-1.085441	-0.411669	-0.777319	-1.863048	-0.923169	2.146123
