A	1.887401	-5.290019	1.504397	0.451448	0.781444	0.859728	0.193797	0.669983	1.784123	3.348417
C	-5.290019	-5.290019	-5.290019	-5.290019	-5.290019	-5.290019	-5.290019	-5.290019	-4.120094	-3.482664
D	-5.290019	-5.290019	-1.407376	1.294944	0.549185	-1.080565	-0.395201	-0.986238	-1.830587	-5.290019
E	-3.482664	4.281734	-0.735430	1.784123	0.957909	0.382406	-0.395201	0.451448	0.859728	-5.290019
F	-2.202556	-5.290019	0.726789	-1.407376	-0.023232	-0.589579	0.517336	-0.278792	-3.042091	-2.004617
G	1.420788	-5.290019	-0.814285	0.669983	1.217776	1.237458	0.152925	-2.202556	-1.181494	-5.290019
H	-0.171078	-5.290019	-1.080565	-1.830587	-0.986238	-0.735430	-0.120094	0.346606	-0.986238	-5.290019
I	-1.407376	-5.290019	1.729572	-0.335823	0.022864	0.382406	1.115123	0.859728	-0.660662	-2.432038
K	1.972076	-5.290019	-0.735430	0.640718	-0.120094	1.093685	0.909653	-0.120094	0.754375	-4.120094
L	-2.004617	-4.120094	1.197821	0.110861	0.933983	1.027394	0.808013	0.610848	-0.521835	2.607827
M	-3.042091	-5.290019	-0.120094	-1.830587	-1.535131	-3.482664	-0.897701	-2.705056	-2.432038	-2.705056
N	-3.482664	-5.290019	-1.181494	-0.457129	0.110861	-0.223930	0.022864	0.110861	-2.004617	-5.290019
P	-5.290019	-5.290019	-1.675309	-0.986238	0.484768	-0.897701	-0.457129	-0.120094	-1.675309	-0.278792
Q	-1.181494	-4.120094	-1.535131	0.698666	-0.521835	0.022864	0.193797	0.022864	0.610848	-5.290019
R	1.936393	-5.290019	-1.675309	-0.735430	-1.407376	-0.335823	-0.589579	-0.120094	-0.223930	-4.120094
S	0.884907	-5.290019	-0.814285	0.517336	0.193797	0.272224	-0.120094	0.193797	1.027394	-2.705056
T	-1.290019	-5.290019	-0.735430	-0.278792	-0.735430	-0.171078	0.272224	0.726789	1.276035	-0.986238
V	-1.535131	-5.290019	1.217776	-1.080565	0.382406	0.549185	0.451448	1.350226	1.237458	0.272224
W	-2.202556	-5.290019	-1.407376	-3.482664	-4.120094	-4.120094	-3.482664	-2.705056	-3.482664	-4.120094
Y	-0.986238	-5.290019	0.067533	-1.080565	-2.432038	-1.407376	-1.407376	-1.535131	-1.830587	-5.290019
