A	1.358655	-2.357552	1.358655	1.054262	1.235973	0.227410	1.101880	0.535533	0.138874	1.471718	3.631133
C	-4.164907	-4.164907	-4.164907	-4.164907	-4.164907	-4.164907	-2.994982	-2.994982	-2.994982	-4.164907	-4.164907
D	-4.164907	-4.164907	-1.077444	1.435006	0.138874	0.044546	-0.164907	-0.410019	-1.306926	-2.357552	-4.164907
E	-2.994982	4.227410	-1.916979	1.795095	0.789289	-0.056382	0.789289	-0.164907	-0.410019	0.138874	-4.164907
F	-1.306926	-4.164907	1.435006	-2.357552	-0.056382	-0.705475	-1.306926	0.138874	-1.916979	-2.994982	-2.357552
G	1.235973	-4.164907	-1.916979	0.138874	0.310827	1.192645	1.054262	0.789289	-1.579944	-1.579944	-4.164907
H	-0.056382	-4.164907	-0.879505	-0.879505	-2.357552	-0.550197	-0.550197	-1.077444	0.138874	-2.357552	-4.164907
I	-2.357552	-4.164907	1.471718	-0.282264	0.310827	0.389682	-0.550197	0.729911	1.005018	-0.282264	-4.164907
K	1.705458	-4.164907	-1.077444	-0.410019	-0.879505	0.138874	0.846320	0.535533	-0.410019	0.667983	-4.164907
L	-1.077444	-4.164907	1.278037	0.535533	0.603277	1.235973	0.138874	0.789289	1.235973	0.667983	1.795095
M	-2.357552	-4.164907	-0.282264	-2.357552	-1.916979	-1.077444	-2.357552	-1.916979	-1.077444	-1.916979	-2.994982
N	-4.164907	-4.164907	-1.077444	0.044546	-0.410019	0.310827	0.044546	-0.056382	-0.410019	-2.357552	-4.164907
P	-4.164907	-4.164907	-1.916979	0.138874	0.846320	0.227410	-0.550197	0.138874	-1.077444	-2.357552	0.389682
Q	-1.306926	-2.994982	-4.164907	-0.282264	-0.282264	0.464450	-0.550197	0.603277	0.789289	0.310827	-4.164907
R	2.342888	-4.164907	-1.916979	-1.077444	-0.879505	-0.705475	-0.164907	0.310827	0.310827	-0.056382	-4.164907
S	0.729911	-4.164907	0.310827	0.389682	0.667983	0.667983	0.846320	0.389682	-1.579944	1.318909	-2.357552
T	-0.550197	-4.164907	-0.550197	-0.164907	0.310827	-0.282264	0.729911	-0.164907	1.054262	1.576560	-1.077444
V	-1.579944	-4.164907	0.846320	-0.705475	0.667983	-0.056382	-0.410019	0.044546	1.318909	1.397335	0.138874
W	-2.994982	-4.164907	-1.916979	-1.916979	-1.916979	-4.164907	-2.994982	-2.357552	-1.579944	-2.994982	-4.164907
Y	-0.056382	-4.164907	0.667983	-2.994982	-2.357552	-2.994982	-0.879505	-2.994982	-0.164907	-2.994982	-2.994982
