A	1.548621	-2.066089	0.181838	0.518873	-0.258734	0.181838	0.518873	-0.258734	-0.258734	0.181838	1.021374	3.570535
C	-2.066089	-2.066089	-2.066089	-2.066089	-2.066089	-2.066089	-2.066089	-2.066089	-2.066089	-2.066089	-2.066089	-2.066089
D	-2.066089	-2.066089	-2.066089	1.688798	-0.896164	0.181838	0.518873	-2.066089	-0.258734	-0.258734	-2.066089	-2.066089
E	-2.066089	3.950719	-2.066089	1.219313	-0.258734	0.791892	1.021374	-0.258734	0.181838	-2.066089	0.791892	-2.066089
F	-0.896164	-2.066089	2.409644	-0.896164	0.518873	0.181838	-0.896164	-0.258734	-2.066089	0.181838	-2.066089	-2.066089
G	0.791892	-2.066089	-2.066089	0.181838	1.219313	0.791892	1.393342	1.219313	1.393342	-0.258734	0.181838	-2.066089
H	-0.896164	-2.066089	-0.896164	-0.896164	-2.066089	-2.066089	-0.896164	-0.258734	-0.896164	0.518873	-2.066089	-2.066089
I	-2.066089	-2.066089	2.042435	-2.066089	0.518873	-0.896164	-0.258734	-0.258734	1.021374	1.021374	-2.066089	-0.896164
K	1.816554	-2.066089	-2.066089	0.181838	-2.066089	1.219313	-0.896164	0.791892	0.181838	-0.896164	-0.258734	-2.066089
L	-2.066089	-2.066089	1.219313	0.181838	1.021374	0.791892	-0.896164	0.791892	0.791892	0.181838	-0.896164	0.518873
M	-2.066089	-2.066089	0.181838	-2.066089	-2.066089	-2.066089	-2.066089	-0.896164	-2.066089	-0.258734	-2.066089	-2.066089
N	-2.066089	-2.066089	-2.066089	0.181838	-2.066089	-2.066089	0.181838	-0.896164	-0.258734	0.518873	-2.066089	-2.066089
P	-2.066089	-2.066089	-2.066089	-0.896164	2.143364	0.181838	0.181838	0.181838	1.219313	-2.066089	-2.066089	-0.258734
Q	-0.896164	-2.066089	-2.066089	0.518873	-0.896164	0.518873	-2.066089	0.791892	-0.896164	-0.258734	0.791892	-2.066089
R	2.488500	-2.066089	-2.066089	-0.896164	-0.896164	-0.258734	-0.896164	0.181838	-0.896164	-0.896164	-0.258734	-2.066089
S	-2.066089	-2.066089	-2.066089	0.791892	0.518873	0.181838	1.688798	0.518873	-0.258734	-0.896164	1.688798	-2.066089
T	0.181838	-2.066089	-2.066089	0.181838	-0.258734	0.791892	-0.258734	1.021374	0.518873	1.219313	-0.258734	0.181838
V	-0.896164	-2.066089	0.518873	-0.896164	-0.258734	-0.258734	0.181838	-0.896164	0.181838	1.548621	2.237692	-0.896164
W	-2.066089	-2.066089	-0.896164	-2.066089	-2.066089	-2.066089	-2.066089	-2.066089	-2.066089	-2.066089	-2.066089	-2.066089
Y	-0.896164	-2.066089	-0.258734	-0.896164	-0.896164	-2.066089	-0.896164	-2.066089	-0.896164	-0.896164	-2.066089	-0.896164
