A	1.140863	-3.870365	0.605369	0.684224	1.442518	-0.255655	1.653197	3.391730
C	-3.870365	-3.870365	-3.870365	-3.870365	-2.700440	-3.870365	-3.870365	-2.063010
D	-3.870365	1.195724	-0.584963	-2.700440	-2.063010	-1.622437	-3.870365	-3.870365
E	-3.870365	4.035022	-2.063010	0.684224	-2.063010	-0.410933	0.897820	-3.870365
F	-2.063010	-3.870365	1.487187	-1.622437	-2.063010	1.083832	-3.870365	-3.870365
G	1.083832	-3.870365	-1.012384	-1.012384	0.238160	-2.700440	-0.782902	-3.870365
H	0.758992	-3.870365	-1.012384	-3.870365	0.129635	1.766260	-1.622437	-3.870365
I	-1.012384	-3.870365	1.766260	0.684224	1.530515	-0.255655	-0.410933	-1.285402
K	1.530515	-3.870365	-1.012384	1.487187	-3.870365	0.339089	1.140863	-3.870365
L	-1.622437	-3.870365	0.962525	1.572579	1.613451	-1.622437	-0.584963	1.691878
M	-1.012384	-3.870365	-1.012384	-2.700440	0.012278	-2.700440	-1.622437	-3.870365
N	-3.870365	-3.870365	-2.700440	-2.063010	-3.870365	-0.410933	-2.063010	-3.870365
P	-3.870365	-3.870365	-3.870365	0.897820	-0.255655	0.897820	-2.063010	-0.255655
Q	-1.012384	-2.700440	-2.063010	0.012278	0.684224	-1.012384	0.433416	-3.870365
R	1.442518	-3.870365	-1.012384	-0.255655	-2.700440	0.433416	0.012278	-3.870365
S	1.140863	-3.870365	-0.584963	-2.063010	0.129635	-0.584963	0.605369	-0.584963
T	-0.115477	-3.870365	0.521953	-0.584963	-0.410933	0.129635	0.830075	-1.622437
V	-0.115477	-3.870365	1.572579	1.613451	1.248576	0.684224	1.836994	1.572579
W	-1.622437	-3.870365	-0.782902	-3.870365	-3.870365	-0.782902	-3.870365	-3.870365
Y	0.684224	-3.870365	-0.410933	-2.700440	-2.700440	0.433416	-2.700440	-3.870365
