A	1.646032	-5.110763	0.987269	0.659311	0.561662	0.541314	0.551524	1.577737	2.858726
C	-6.918118	-6.918118	-4.333155	-6.918118	-4.670190	-5.110763	-3.163230	-4.333155	-1.748193
D	-5.748193	-1.963922	-0.694116	0.601518	-0.140041	-1.355875	-1.560566	-2.442384	-6.918118
E	-1.799177	4.238913	-0.578268	1.458008	0.355678	-0.060137	0.446017	0.621041	-5.748193
F	-1.318205	-6.918118	1.164031	-1.355875	-0.123702	0.115305	-0.512976	-2.442384	-3.830655
G	1.060593	-6.918118	-1.245693	0.478487	0.741878	-0.646655	-1.906891	-0.929433	-5.110763
H	0.271707	-6.918118	0.073404	-1.475174	-0.600705	-0.556174	0.541314	-0.768371	-6.918118
I	-1.517238	-6.918118	1.002235	-0.140041	0.271707	1.285230	0.687362	-0.600705	-0.987381
K	1.808100	-4.333155	-0.123702	0.678072	1.067724	0.723934	0.073404	1.303469	-5.110763
L	-1.017251	-6.918118	0.925803	0.520674	0.435029	1.170670	0.668722	-0.578268	2.550506
M	-1.852029	-6.918118	-0.512976	-2.525800	-1.748193	-0.901310	-1.318205	-2.288761	-3.303408
N	-1.963922	-6.918118	-0.820086	-0.371223	-0.207311	-0.768371	-0.987381	-2.085228	-4.333155
P	-5.748193	-6.918118	-4.060137	0.811503	-0.014236	0.169345	0.571730	-0.793997	1.116681
Q	-0.107546	-0.600705	-1.355875	0.015573	-0.156567	-0.029375	-0.156567	0.044778	-5.748193
R	1.279099	-6.918118	-1.110763	-0.718446	-0.173284	-0.207311	-0.156567	0.510242	-5.110763
S	1.303469	-6.918118	0.129006	0.478487	0.059162	-0.075768	-0.390641	1.241753	-1.434302
T	0.030249	-6.918118	0.087507	-0.259906	0.044778	0.087507	0.423957	0.853372	-0.646655
V	-0.793997	-6.918118	1.088909	0.246789	0.987269	0.910019	1.447111	1.235434	1.333365
W	-3.632716	-6.918118	-1.176651	-3.035475	-3.303408	-2.442384	-1.475174	-6.918118	-6.918118
Y	-1.110763	-6.918118	0.308294	-2.288761	-1.748193	-1.963922	-0.578268	-2.809593	-5.748193
