A	-1.514573	-1.074001	0.560715	-0.736966	1.153805	-1.074001	-0.234465	1.153805	1.689299	-3.321928
C	-3.321928	-3.321928	-2.152003	-2.152003	-3.321928	-3.321928	-3.321928	-2.152003	-3.321928	-3.321928
D	-0.234465	-3.321928	-3.321928	1.378512	0.432959	-0.234465	0.137504	-2.152003	-2.152003	-3.321928
E	0.678072	-3.321928	-3.321928	1.153805	0.678072	-0.463947	-0.036526	0.678072	1.070389	-3.321928
F	0.292782	-1.074001	0.678072	-1.514573	-0.036526	-1.074001	-0.234465	-2.152003	-2.152003	2.201634
G	-2.152003	-3.321928	-2.152003	0.560715	1.446256	0.887525	1.378512	-3.321928	-0.036526	-3.321928
H	2.035624	-3.321928	-0.736966	-1.074001	0.137504	-0.463947	0.137504	-1.514573	-1.514573	-3.321928
I	-2.152003	0.981853	0.292782	-3.321928	-1.514573	-0.234465	-0.463947	-0.463947	-2.152003	-3.321928
K	-3.321928	-3.321928	0.432959	-1.514573	-1.074001	-1.514573	-0.234465	-0.736966	-0.463947	-3.321928
L	-1.514573	2.902074	0.432959	-0.036526	-0.463947	-0.036526	0.432959	0.560715	0.292782	-3.321928
M	0.560715	0.560715	-1.074001	-1.074001	-3.321928	-2.152003	-1.074001	-1.514573	-2.152003	-0.036526
N	-0.036526	-3.321928	-0.736966	0.137504	-0.036526	0.560715	-1.074001	0.137504	-3.321928	-3.321928
P	-3.321928	-0.463947	0.786596	2.314697	0.560715	1.990955	-0.463947	-1.074001	-1.514573	-3.321928
Q	-0.234465	1.378512	-0.463947	-0.234465	-1.074001	-0.036526	-0.234465	-0.736966	-0.463947	-3.321928
R	-3.321928	-2.152003	1.307429	-0.036526	-0.736966	-0.036526	0.887525	-0.736966	-0.736966	-3.321928
S	1.744161	-1.514573	-1.514573	-0.463947	0.432959	1.232661	1.153805	1.232661	1.572890	-3.321928
T	1.446256	-1.514573	-1.514573	-0.463947	-0.463947	0.786596	0.432959	1.847997	1.744161	-3.321928
V	-3.321928	1.572890	-0.234465	-2.152003	0.137504	-0.736966	-0.036526	1.446256	0.887525	-3.321928
W	-3.321928	-3.321928	-1.074001	-3.321928	-1.514573	-3.321928	-3.321928	-3.321928	-3.321928	-3.321928
Y	0.137504	-3.321928	1.897240	-1.074001	0.292782	-2.152003	-1.074001	-1.514573	-1.514573	3.669594
