A	-1.614710	-1.614710	0.192645	0.633218	-1.614710	-1.614710	-1.614710	0.192645	0.192645	1.472753	-1.614710
C	-1.614710	-1.614710	-1.614710	-1.614710	-1.614710	-1.614710	-1.614710	-1.614710	-1.614710	-1.614710	-1.614710
D	-1.614710	-1.614710	-1.614710	0.633218	0.633218	0.970253	0.633218	0.970253	-0.444785	-1.614710	-1.614710
E	0.192645	-0.444785	0.192645	1.243271	1.243271	-1.614710	0.192645	0.633218	-0.444785	0.633218	-1.614710
F	0.192645	-1.614710	1.243271	-1.614710	-0.444785	-0.444785	-1.614710	0.970253	-1.614710	-1.614710	1.670692
G	-1.614710	-1.614710	-1.614710	0.633218	-0.444785	1.472753	-0.444785	1.472753	0.192645	0.192645	-1.614710
H	0.970253	-1.614710	-0.444785	0.633218	-1.614710	-0.444785	-0.444785	-0.444785	-1.614710	0.192645	-1.614710
I	-1.614710	1.844722	0.633218	-0.444785	-0.444785	-1.614710	0.633218	-0.444785	-0.444785	-1.614710	-1.614710
K	-1.614710	-1.614710	0.192645	0.192645	-0.444785	-1.614710	0.192645	-1.614710	-1.614710	-1.614710	-1.614710
L	-0.444785	2.267933	-0.444785	-1.614710	0.192645	0.633218	0.192645	0.192645	0.192645	-1.614710	-1.614710
M	-0.444785	-0.444785	-0.444785	-1.614710	-1.614710	-1.614710	-1.614710	-1.614710	-0.444785	-1.614710	-1.614710
N	0.970253	-1.614710	-0.444785	-1.614710	0.192645	0.633218	1.243271	0.192645	-1.614710	-1.614710	-1.614710
P	-1.614710	-1.614710	-1.614710	1.844722	1.670692	0.192645	0.970253	0.633218	-0.444785	-0.444785	-1.614710
Q	-1.614710	1.472753	-0.444785	-0.444785	-0.444785	-1.614710	0.192645	-0.444785	-1.614710	0.633218	-1.614710
R	-0.444785	-1.614710	1.670692	-0.444785	-0.444785	0.192645	-1.614710	-1.614710	-1.614710	-0.444785	-1.614710
S	0.970253	-1.614710	-1.614710	-0.444785	1.243271	-0.444785	0.970253	0.192645	2.000000	1.243271	-1.614710
T	2.140178	-0.444785	-1.614710	-1.614710	-0.444785	1.243271	-0.444785	0.192645	1.472753	-0.444785	-1.614710
V	-0.444785	1.243271	-1.614710	-0.444785	0.192645	0.633218	-0.444785	-1.614710	1.670692	1.670692	-1.614710
W	-1.614710	-1.614710	-0.444785	-1.614710	-1.614710	-0.444785	-1.614710	-1.614710	-1.614710	-1.614710	-1.614710
Y	0.633218	-1.614710	1.472753	-0.444785	-1.614710	-0.444785	0.192645	-1.614710	-1.614710	0.192645	3.451379
