A	-1.611435	1.327165	-0.974005	0.504043	1.218640	-0.974005	0.833350	-2.781360
C	-2.781360	-2.781360	-2.781360	-2.781360	-2.781360	-2.781360	-2.781360	-2.781360
D	2.284729	-2.781360	-2.781360	-1.611435	-2.781360	-1.611435	-1.611435	-2.781360
E	1.218640	-2.781360	-2.781360	0.678072	-2.781360	-0.974005	1.847997	-2.781360
F	0.973528	-0.533432	1.218640	-2.781360	-0.974005	-1.611435	-1.611435	0.678072
G	-2.781360	-2.781360	-0.974005	-1.611435	-0.974005	-1.611435	-2.781360	-2.781360
H	0.973528	-1.611435	-0.196397	-1.611435	0.833350	-0.196397	-0.533432	-2.781360
I	-1.611435	0.306103	0.306103	0.076621	2.051530	0.678072	-2.781360	-2.781360
K	-2.781360	-2.781360	-0.196397	1.522421	-2.781360	0.076621	-0.974005	-2.781360
L	0.306103	1.101283	1.218640	1.694374	-2.781360	1.218640	-1.611435	-2.781360
M	0.504043	0.306103	-0.974005	-1.611435	-1.611435	-2.781360	-2.781360	0.076621
N	-0.974005	-2.781360	-0.533432	-2.781360	-1.611435	-0.196397	-2.781360	-2.781360
P	-2.781360	1.773229	-1.611435	-0.974005	-0.533432	0.306103	-0.533432	-2.781360
Q	-0.533432	1.986825	-2.781360	0.076621	-1.611435	0.076621	0.973528	-2.781360
R	-2.781360	-2.781360	1.773229	1.101283	-2.781360	0.833350	-2.781360	-2.781360
S	-0.974005	-0.533432	-1.611435	-0.974005	1.101283	1.101283	0.833350	-2.781360
T	-0.196397	-1.611435	-0.533432	0.076621	0.504043	0.833350	1.218640	-2.781360
V	-0.533432	1.101283	-0.533432	1.327165	2.113458	0.973528	2.113458	-2.781360
W	-2.781360	-2.781360	-1.611435	-2.781360	-2.781360	-2.781360	-2.781360	-2.781360
Y	0.504043	-2.781360	1.919080	-2.781360	-2.781360	-0.196397	-1.611435	3.894597
