A	-1.319599	0.109909	1.331684	0.253681	0.630086	-0.049794	0.253681	1.676031	-6.273796
C	-6.273796	-6.273796	-6.273796	-6.273796	-5.103871	-5.103871	-5.103871	-4.466441	-6.273796
D	0.703484	-6.273796	-1.970015	0.878489	-0.532329	0.311167	-2.814364	-1.719207	-6.273796
E	0.891111	-2.988393	-1.881478	1.403924	0.731829	0.233999	0.419691	1.216052	-6.273796
F	0.292258	-1.970015	0.366449	-1.505611	-0.202333	-0.750234	-1.881478	-2.814364	2.295111
G	-1.970015	-3.186333	-1.207706	0.384416	0.552753	1.350086	-1.719207	-1.154855	-6.273796
H	1.368256	-4.466441	0.020825	-1.319599	0.348256	0.066054	0.043617	-1.319599	-5.103871
I	-0.711553	1.144057	0.233999	-0.750234	-0.343058	0.348256	0.645068	-1.103871	-5.103871
K	-3.688833	-6.273796	0.273099	0.689100	-0.313794	-0.098870	-0.750234	-0.074123	-6.273796
L	-0.566436	2.838644	-0.025868	-0.149674	-0.074123	0.329831	0.852909	-0.532329	-0.466441
M	0.152469	0.366449	-0.499009	-3.186333	-2.659086	-2.518908	-1.970015	-2.659086	0.599649
N	0.568555	-6.273796	-0.372929	-0.601370	-0.434592	-0.673883	-0.175764	-2.273796	-6.273796
P	-6.273796	0.088148	-3.186333	1.801684	1.455825	-0.830852	0.152469	-1.103871	-6.273796
Q	-0.025868	1.265363	-2.391153	0.214044	0.066054	0.131346	0.384416	0.437011	-6.273796
R	-3.186333	-5.103871	1.841248	-0.566436	-0.566436	-0.074123	0.193810	-0.830852	-6.273796
S	1.275026	-2.273796	-0.499009	0.348256	0.852909	1.090339	1.068279	1.624050	-6.273796
T	1.668719	-2.988393	-1.505611	-0.466441	0.384416	0.786900	1.331684	1.068279	-6.273796
V	-1.881478	1.929552	0.088148	-0.403431	0.131346	0.520620	1.090339	1.489417	-6.273796
W	-2.988393	-6.273796	-1.719207	-3.688833	-2.814364	-5.103871	-4.466441	-6.273796	-3.415815
Y	-0.025868	-5.103871	1.608847	-2.165271	-2.273796	-2.273796	-2.064342	-1.798062	3.647673
