A	-7.901391 0.228276 1.900119 0.193419 0.207623 2.564949 0.929384 0.546780 1.855719
C	-5.163353 -4.832336 -3.285581 -7.877398 -8.250128 -8.189613 -4.658108 -8.250137 -2.020282
D	-7.852444 -2.254606 -0.731293 0.768819 0.229617 -0.021096 -1.247443 -1.004387 -2.427204
E	-3.724936 0.764856 -0.378513 0.285291 0.031466 -0.801586 1.339445 0.286375 -1.897629
F	2.443007 -1.245711 -0.516211 -0.225936 -3.064575 -1.319190 -1.493329 -1.054536 -0.815875
G	-8.231320 -1.735418 -0.589928 -4.680360 -0.811938 1.626458 -1.328297 0.281524 -0.451232
H	-5.023467 0.007609 -0.832678 -1.425617 0.001145 -4.836254 0.237679 0.008438 -8.140096
I	2.107092 0.897954 0.711014 0.593727 -1.050024 -2.026276 -0.148727 -1.276241 1.119808
K	-7.922209 1.011582 -1.364838 -3.594215 1.480596 -0.631252 -1.527733 0.547979 -3.571064
L	1.318797 0.896714 0.362592 3.141230 -1.373851 -4.930072 0.695222 1.006434 2.137753
M	-3.408540 -4.408337 -0.797935 0.812782 -2.013439 -8.229309 -2.716400 -2.777639 -1.239369
N	-4.922440 -0.682145 -1.507017 -3.939927 0.028399 0.141859 1.276330 -0.458913 -2.176485
P	-8.064900 -8.131105 -0.338823 -8.222468 1.149337 0.519721 0.306423 1.674470 -4.865000
Q	-3.722077 0.052986 -0.458862 -1.010559 0.672583 -4.597065 1.114740 0.103832 -2.006744
R	-4.877982 1.300182 -0.733483 -8.064413 0.585730 -1.179495 0.264359 0.872156 -2.277646
S	-7.981516 -0.279536 1.394448 -4.358904 0.543339 1.585703 -0.695031 0.227527 -0.219418
T	-4.158043 0.109286 0.065534 -1.989466 0.765842 0.668270 -0.360727 -0.797097 -1.554655
V	0.453407 1.392999 0.609815 -0.591240 0.139713 -1.151272 0.511397 -0.007249 2.170476
W	-0.216176 -2.289982 -2.621268 -0.594966 -2.461172 -8.155086 -3.637091 -8.248846 -3.839195
Y	2.344391 -0.974614 0.197521 -1.750727 -1.854367 -7.576834 -2.160311 -0.954065 -0.297399
