A	0.315502	-1.491853	0.315502	0.315502	-0.321928	0.315502	-0.321928	-0.321928	1.366128	-1.491853
C	-1.491853	-1.491853	-1.491853	-1.491853	-1.491853	-1.491853	-1.491853	-1.491853	-1.491853	-1.491853
D	-1.491853	-1.491853	-1.491853	-1.491853	0.315502	0.756074	0.315502	-0.321928	-1.491853	-1.491853
E	-1.491853	-1.491853	-1.491853	0.315502	-1.491853	0.756074	-0.321928	0.315502	-1.491853	-1.491853
F	-1.491853	-1.491853	1.366128	0.315502	-1.491853	-0.321928	-1.491853	-1.491853	-1.491853	-0.321928
G	2.508147	-1.491853	-1.491853	1.366128	1.366128	0.315502	0.756074	-1.491853	0.315502	-1.491853
H	-1.491853	-1.491853	-1.491853	-1.491853	-1.491853	-0.321928	-1.491853	-1.491853	-0.321928	-1.491853
I	-0.321928	-1.491853	1.093109	-0.321928	0.756074	-0.321928	0.756074	0.315502	-1.491853	0.315502
K	-0.321928	-1.491853	-1.491853	-0.321928	-0.321928	0.315502	-0.321928	-0.321928	1.595610	2.390790
L	0.315502	-1.491853	1.093109	-0.321928	1.093109	-0.321928	-0.321928	0.315502	0.756074	-0.321928
M	-1.491853	-1.491853	-1.491853	-1.491853	-0.321928	-1.491853	-1.491853	-1.491853	-1.491853	0.756074
N	-1.491853	-1.491853	-0.321928	0.315502	-0.321928	-0.321928	0.756074	-0.321928	-1.491853	-1.491853
P	-1.491853	-1.491853	-0.321928	0.315502	0.315502	0.315502	0.756074	-0.321928	-0.321928	-1.491853
Q	-0.321928	-0.321928	-0.321928	0.315502	-1.491853	0.315502	-1.491853	-0.321928	0.756074	-1.491853
R	1.093109	3.574236	1.093109	-1.491853	-1.491853	-1.491853	0.315502	-0.321928	0.756074	1.366128
S	1.366128	-0.321928	0.315502	1.093109	1.093109	1.366128	0.756074	1.093109	-0.321928	-1.491853
T	-0.321928	-1.491853	0.315502	0.756074	0.315502	-0.321928	-0.321928	1.093109	0.756074	-1.491853
V	-1.491853	-0.321928	0.756074	-0.321928	0.756074	0.315502	0.756074	1.793549	-0.321928	-1.491853
W	-1.491853	-1.491853	-1.491853	-1.491853	-1.491853	-1.491853	-1.491853	-0.321928	-1.491853	-1.491853
Y	-1.491853	-1.491853	-1.491853	-0.321928	-1.491853	-1.491853	0.315502	-1.491853	-1.491853	1.595610
