A	-0.459432	-0.459432	0.710493	0.710493	-0.459432	-0.459432	0.710493	0.710493	0.710493	-0.459432	-0.459432
C	-0.459432	-0.459432	-0.459432	-0.459432	-0.459432	-0.459432	-0.459432	-0.459432	-0.459432	-0.459432	-0.459432
D	-0.459432	-0.459432	-0.459432	-0.459432	-0.459432	-0.459432	-0.459432	-0.459432	-0.459432	0.710493	-0.459432
E	-0.459432	-0.459432	-0.459432	0.710493	0.710493	0.710493	-0.459432	-0.459432	-0.459432	-0.459432	-0.459432
F	-0.459432	-0.459432	0.710493	-0.459432	-0.459432	-0.459432	-0.459432	-0.459432	-0.459432	-0.459432	1.347923
G	1.347923	-0.459432	-0.459432	1.788496	-0.459432	0.710493	0.710493	1.347923	0.710493	1.347923	-0.459432
H	-0.459432	-0.459432	-0.459432	-0.459432	-0.459432	-0.459432	-0.459432	-0.459432	-0.459432	-0.459432	-0.459432
I	-0.459432	-0.459432	0.710493	-0.459432	-0.459432	-0.459432	-0.459432	0.710493	-0.459432	-0.459432	-0.459432
K	-0.459432	-0.459432	-0.459432	-0.459432	-0.459432	-0.459432	-0.459432	-0.459432	0.710493	1.347923	0.710493
L	-0.459432	-0.459432	0.710493	-0.459432	-0.459432	0.710493	-0.459432	-0.459432	-0.459432	-0.459432	-0.459432
M	-0.459432	-0.459432	-0.459432	-0.459432	-0.459432	-0.459432	0.710493	-0.459432	0.710493	-0.459432	-0.459432
N	-0.459432	-0.459432	-0.459432	-0.459432	-0.459432	-0.459432	-0.459432	0.710493	-0.459432	-0.459432	-0.459432
P	-0.459432	-0.459432	-0.459432	-0.459432	0.710493	0.710493	0.710493	-0.459432	-0.459432	-0.459432	-0.459432
Q	-0.459432	-0.459432	-0.459432	-0.459432	0.710493	-0.459432	-0.459432	-0.459432	0.710493	0.710493	-0.459432
R	1.347923	2.628031	-0.459432	-0.459432	-0.459432	-0.459432	-0.459432	-0.459432	-0.459432	-0.459432	1.788496
S	0.710493	-0.459432	1.347923	0.710493	1.347923	1.347923	1.347923	0.710493	-0.459432	-0.459432	-0.459432
T	-0.459432	-0.459432	-0.459432	-0.459432	-0.459432	-0.459432	-0.459432	-0.459432	-0.459432	-0.459432	-0.459432
V	0.710493	-0.459432	-0.459432	-0.459432	0.710493	-0.459432	-0.459432	-0.459432	0.710493	-0.459432	-0.459432
W	-0.459432	-0.459432	-0.459432	-0.459432	-0.459432	-0.459432	-0.459432	-0.459432	-0.459432	-0.459432	-0.459432
Y	-0.459432	-0.459432	-0.459432	-0.459432	-0.459432	-0.459432	-0.459432	-0.459432	-0.459432	-0.459432	-0.459432
