A	1.477702	-3.741467	0.887890	0.141176	-0.282035	0.562314	0.013421	0.367057	-3.741467
C	-3.741467	-3.741467	-3.741467	-3.741467	-3.741467	-3.741467	-2.571542	-2.571542	-3.741467
D	-3.741467	-3.741467	-1.493539	1.701477	-0.883486	-0.883486	-2.571542	-3.741467	-3.741467
E	-3.741467	-1.156504	-3.741467	0.887890	0.258533	0.013421	-1.156504	0.650850	-3.741467
F	-0.654004	-3.741467	1.616085	-1.156504	-0.456065	-0.456065	0.258533	-1.156504	1.091423
G	2.382654	-3.741467	-0.883486	1.659412	0.650850	-0.456065	-3.741467	0.258533	-3.741467
H	-1.156504	-3.741467	-0.654004	-2.571542	-0.654004	-1.934112	-0.282035	-0.654004	-1.493539
I	0.141176	-3.741467	1.212729	-1.934112	0.958973	1.477702	1.324622	-2.571542	-0.282035
K	1.525320	-3.741467	-1.156504	0.650850	0.013421	-0.126757	-0.126757	1.212729	1.153351
L	-1.934112	-0.282035	0.734266	-0.282035	1.571416	1.153351	1.026717	0.734266	2.786010
M	-3.741467	-2.571542	-0.456065	-2.571542	-1.493539	-0.883486	-0.654004	-1.493539	0.734266
N	-1.934112	-3.741467	0.013421	-0.126757	-0.883486	-1.156504	0.141176	0.813122	-3.741467
P	-3.741467	-3.741467	-2.571542	0.887890	-0.654004	-0.654004	-1.156504	-3.741467	-3.741467
Q	-1.156504	2.218535	-1.493539	-0.282035	-0.126757	-0.126757	0.013421	0.813122	-3.741467
R	0.367057	3.665801	-3.741467	-2.571542	-1.156504	-1.156504	-0.883486	0.467986	1.616085
S	1.091423	-3.741467	0.562314	0.562314	0.013421	-0.126757	-1.934112	0.734266	-3.741467
T	-0.654004	-3.741467	0.734266	0.141176	0.013421	0.650850	0.813122	1.026717	-3.741467
V	-1.934112	-2.571542	0.562314	-0.883486	1.525320	1.742349	1.858446	0.013421	-0.126757
W	-3.741467	-3.741467	-3.741467	-3.741467	-3.741467	-3.741467	-2.571542	-3.741467	-3.741467
Y	0.258533	-3.741467	0.958973	-2.571542	-0.654004	-1.493539	0.141176	-1.493539	0.141176
