A	0.250200 0.940325 1.823154 1.926774 0.621311 2.468474 1.562855 1.195839 -0.036283
C	-8.108313 -8.087797 -7.928796 -2.289700 -4.648762 -8.103511 -8.113402 -8.115673 -3.709634
D	2.290153 0.067708 0.547134 0.470011 0.594784 -1.724850 0.213796 0.113975 2.434839
E	1.846866 1.114020 -0.180701 0.294303 1.262156 0.106820 1.284313 1.417693 3.195206
F	-0.897828 -0.830829 -0.643180 -1.830383 -1.262331 -2.315881 -2.797315 -1.028275 -6.194738
G	-0.578788 0.358194 1.400243 0.598602 -1.052709 -0.884306 -0.607348 0.010640 -0.537441
H	-7.087192 -0.484292 -1.718711 -3.289460 -2.873382 -7.860126 -0.921505 -0.528274 -5.950776
I	0.945522 -0.063572 -0.872906 1.241547 -0.098586 0.840060 -0.435577 -0.464385 -7.342236
K	-1.510095 0.783659 -2.183310 -4.173262 1.079375 -7.383537 -0.278979 0.234984 -7.306248
L	-2.652876 -0.940495 -0.091519 -0.483836 0.563584 -0.608839 0.178808 0.308093 -7.025336
M	-7.543105 -3.455538 -3.648274 -1.647124 -1.084254 -3.532401 -4.450942 -3.756670 -3.124118
N	-1.706239 0.289969 -0.673476 -1.072574 -1.133413 -3.780298 0.721919 -0.219243 -0.820255
P	0.513644 -1.670135 -0.170086 -2.299994 0.620637 1.344624 0.219540 0.853284 -0.856069
Q	-2.175625 -0.259219 -1.335765 -1.651740 0.100830 -3.152549 0.395581 -0.444227 0.004880
R	-7.636971 -0.224209 -1.708387 -4.731505 -0.710255 -7.756075 -0.965052 0.293752 -6.015394
S	-0.729091 0.590480 1.519210 1.060988 0.722265 0.591476 0.902225 0.017873 -1.382122
T	0.056689 0.432160 0.799167 0.636198 -0.968142 1.042448 -0.281337 -0.530931 -3.148775
V	0.605384 0.400951 0.223497 1.620999 1.178262 1.774427 0.568663 0.674797 -0.292655
W	-1.701961 -2.026076 -2.574322 -7.829042 -4.749260 -7.940437 -3.586025 -3.455003 -7.993048
Y	0.300126 0.449976 -0.771141 -1.863977 -1.544140 -3.715114 -1.066464 -0.920167 -3.752200
