A	-0.557995	-1.727920	-0.557995	0.079434	-0.557995	0.520007	-0.557995	-1.727920	0.079434	-1.727920
C	-1.727920	-1.727920	-1.727920	-1.727920	-1.727920	-1.727920	-1.727920	-1.727920	-1.727920	-1.727920
D	-1.727920	-1.727920	-1.727920	0.520007	1.731511	0.079434	-0.557995	1.130061	-1.727920	-1.727920
E	-1.727920	-1.727920	-1.727920	0.857042	-0.557995	-1.727920	-1.727920	0.079434	-0.557995	-1.727920
F	-0.557995	-1.727920	0.857042	-1.727920	-0.557995	-0.557995	0.079434	0.079434	-1.727920	-0.557995
G	1.731511	-0.557995	-0.557995	1.359542	0.857042	1.359542	1.359542	-0.557995	0.520007	-1.727920
H	-0.557995	-1.727920	-1.727920	-1.727920	-1.727920	-1.727920	-1.727920	0.520007	0.520007	-0.557995
I	-0.557995	-0.557995	1.130061	-1.727920	0.857042	1.130061	1.359542	-0.557995	-1.727920	-1.727920
K	1.359542	-1.727920	-0.557995	-0.557995	-0.557995	0.079434	-0.557995	-0.557995	1.130061	1.886789
L	0.520007	0.079434	0.520007	0.079434	0.079434	1.130061	0.079434	-0.557995	0.079434	-1.727920
M	-1.727920	-1.727920	0.520007	-1.727920	-0.557995	-1.727920	-1.727920	-1.727920	-1.727920	-1.727920
N	-1.727920	-1.727920	-1.727920	0.079434	0.520007	-1.727920	0.079434	-1.727920	0.520007	-1.727920
P	-1.727920	-1.727920	-1.727920	0.079434	1.130061	0.520007	-0.557995	-1.727920	-0.557995	-1.727920
Q	-0.557995	1.731511	-1.727920	0.079434	-1.727920	-0.557995	0.079434	-0.557995	0.520007	-1.727920
R	2.026967	2.747813	2.026967	-1.727920	-1.727920	-1.727920	-1.727920	-0.557995	-1.727920	1.130061
S	0.079434	-1.727920	0.079434	1.731511	0.520007	0.520007	0.857042	1.557482	0.079434	-1.727920
T	-0.557995	-1.727920	-0.557995	0.520007	0.079434	-1.727920	-1.727920	0.079434	2.154723	-1.727920
V	-0.557995	0.857042	0.857042	-0.557995	-0.557995	1.130061	1.557482	1.359542	-0.557995	-0.557995
W	-1.727920	-1.727920	-1.727920	-1.727920	-1.727920	-1.727920	-1.727920	-1.727920	-1.727920	-1.727920
Y	-0.557995	0.857042	0.079434	-0.557995	-1.727920	-0.557995	0.079434	0.857042	-1.727920	2.972519
