A	0.215729	-0.954196	0.215729	0.215729	-0.954196	-0.954196	0.853159	1.630766	0.853159	-0.954196	-0.954196
C	-0.954196	-0.954196	-0.954196	-0.954196	-0.954196	-0.954196	-0.954196	-0.954196	-0.954196	-0.954196	-0.954196
D	-0.954196	-0.954196	0.215729	0.853159	-0.954196	0.215729	-0.954196	-0.954196	-0.954196	0.215729	-0.954196
E	-0.954196	-0.954196	-0.954196	0.215729	0.215729	0.853159	0.215729	-0.954196	-0.954196	-0.954196	-0.954196
F	-0.954196	-0.954196	0.853159	-0.954196	-0.954196	-0.954196	-0.954196	-0.954196	-0.954196	-0.954196	0.215729
G	2.133267	-0.954196	-0.954196	1.630766	0.853159	1.293731	0.853159	1.630766	0.853159	1.293731	-0.954196
H	-0.954196	-0.954196	-0.954196	-0.954196	-0.954196	0.215729	-0.954196	-0.954196	0.853159	0.215729	-0.954196
I	-0.954196	-0.954196	1.903785	-0.954196	0.215729	-0.954196	0.215729	0.853159	0.215729	-0.954196	-0.954196
K	0.215729	-0.954196	-0.954196	0.215729	-0.954196	-0.954196	-0.954196	0.215729	0.215729	1.630766	1.293731
L	-0.954196	-0.954196	0.853159	0.853159	0.215729	0.853159	0.853159	-0.954196	-0.954196	-0.954196	-0.954196
M	-0.954196	-0.954196	-0.954196	-0.954196	-0.954196	-0.954196	0.215729	-0.954196	0.853159	-0.954196	0.215729
N	-0.954196	-0.954196	-0.954196	-0.954196	0.215729	-0.954196	0.215729	0.215729	-0.954196	0.215729	-0.954196
P	-0.954196	-0.954196	-0.954196	0.215729	0.215729	0.215729	0.215729	-0.954196	-0.954196	-0.954196	-0.954196
Q	-0.954196	1.630766	0.215729	-0.954196	-0.954196	-0.954196	-0.954196	-0.954196	-0.954196	0.215729	-0.954196
R	1.293731	2.660514	0.215729	0.215729	-0.954196	0.215729	-0.954196	0.215729	-0.954196	0.215729	1.630766
S	0.853159	-0.954196	0.215729	0.215729	1.630766	0.853159	1.293731	0.215729	0.853159	0.215729	0.215729
T	-0.954196	-0.954196	-0.954196	-0.954196	0.853159	0.215729	-0.954196	-0.954196	0.215729	0.215729	-0.954196
V	0.853159	0.853159	0.215729	-0.954196	0.215729	0.215729	0.215729	0.215729	0.853159	-0.954196	-0.954196
W	-0.954196	-0.954196	-0.954196	-0.954196	-0.954196	-0.954196	-0.954196	-0.954196	-0.954196	-0.954196	-0.954196
Y	-0.954196	-0.954196	-0.954196	0.215729	0.215729	-0.954196	-0.954196	-0.954196	-0.954196	0.215729	1.903785
