A	0.827995	-1.580811	0.261648	-0.229338	0.115797	0.731133	0.515404	0.329392	-3.268867
C	-4.438792	-4.438792	-3.268867	-4.438792	-4.438792	-4.438792	-4.438792	-4.438792	-4.438792
D	-4.438792	-4.438792	0.827995	1.578016	-0.979360	-1.153390	-3.268867	-4.438792	-4.438792
E	-1.853829	-4.438792	-3.268867	1.123451	0.190565	0.515404	-0.824082	0.394098	-4.438792
F	-0.979360	-1.153390	1.335995	-1.580811	0.627297	-0.330267	-0.438792	-0.683904	1.809136
G	1.855829	-4.438792	-1.351329	1.400412	0.456026	-0.556149	-1.853829	-0.438792	-4.438792
H	-0.438792	1.462075	-0.824082	-1.580811	-1.853829	-1.153390	0.827995	-0.438792	-3.268867
I	-0.824082	-4.438792	0.680149	-1.853829	1.335995	1.161121	1.368563	-2.190864	-1.153390
K	1.736134	-4.438792	-0.683904	0.190565	-0.229338	-0.438792	-0.556149	1.233633	0.456026
L	-2.631437	-0.556149	1.161121	-0.438792	1.659240	1.004152	1.161121	0.261648	1.923152
M	-4.438792	-2.190864	-0.824082	-2.631437	-2.190864	-2.190864	-0.824082	-1.580811	0.394098
N	-1.580811	-4.438792	-0.330267	0.190565	-0.979360	-1.153390	-0.824082	0.827995	-4.438792
P	-4.438792	-4.438792	-4.438792	1.521210	-1.153390	0.874091	-0.438792	-4.438792	-4.438792
Q	-0.135011	1.760880	-0.135011	-0.556149	-0.046474	-0.229338	0.329392	0.827995	-4.438792
R	1.710955	3.238928	-3.268867	-1.351329	-2.190864	-0.438792	-0.824082	0.627297	1.197833
S	1.004152	-2.631437	0.680149	0.680149	0.190565	0.329392	-0.229338	1.045024	-3.268867
T	0.456026	-1.580811	0.115797	-0.556149	-0.229338	0.261648	0.827995	1.084770	-4.438792
V	-1.351329	-0.046474	0.261648	-0.438792	1.462075	1.302675	1.335995	0.394098	-0.979360
W	-4.438792	-2.631437	-4.438792	-4.438792	-4.438792	-4.438792	-4.438792	-4.438792	-4.438792
Y	-0.979360	-0.438792	1.335995	-2.631437	-1.580811	-1.153390	-0.556149	-1.153390	2.594631
