A	-0.415037	-1.584963	-0.415037	-1.584963	-0.415037	0.222392	0.662965	0.662965	-0.415037	-1.584963
C	-1.584963	-1.584963	-1.584963	-1.584963	-1.584963	-1.584963	-1.584963	-1.584963	-1.584963	-1.584963
D	-1.584963	-1.584963	-1.584963	1.700440	1.273018	-1.584963	-0.415037	-1.584963	-1.584963	-1.584963
E	-1.584963	-1.584963	-1.584963	0.662965	0.222392	-0.415037	-1.584963	-1.584963	0.222392	-1.584963
F	-0.415037	0.662965	2.297681	-1.584963	-0.415037	-1.584963	0.222392	-1.584963	-1.584963	3.115477
G	-1.584963	-1.584963	-0.415037	-1.584963	1.273018	1.502500	0.222392	-1.584963	-1.584963	-1.584963
H	0.662965	-1.584963	-0.415037	-1.584963	-0.415037	-0.415037	0.222392	-1.584963	-1.584963	-1.584963
I	0.662965	-1.584963	1.273018	-0.415037	-1.584963	0.662965	-1.584963	0.662965	-1.584963	-1.584963
K	-0.415037	-1.584963	-0.415037	1.000000	0.222392	0.222392	1.273018	-1.584963	0.662965	-1.584963
L	-0.415037	0.222392	-1.584963	-1.584963	-0.415037	0.222392	1.000000	0.222392	-1.584963	1.700440
M	-1.584963	-1.584963	0.222392	-1.584963	-1.584963	-0.415037	-1.584963	-1.584963	-1.584963	-0.415037
N	-1.584963	-0.415037	-1.584963	0.222392	-1.584963	-0.415037	-1.584963	-0.415037	-0.415037	-1.584963
P	-1.584963	1.700440	0.662965	2.523562	1.874469	1.700440	1.000000	-0.415037	-0.415037	-1.584963
Q	-1.584963	-1.584963	-0.415037	-0.415037	-0.415037	0.222392	-1.584963	1.000000	-0.415037	-1.584963
R	1.700440	-1.584963	-0.415037	-0.415037	-0.415037	-1.584963	-0.415037	-1.584963	-0.415037	-1.584963
S	0.222392	-0.415037	-0.415037	-1.584963	-0.415037	-0.415037	0.222392	1.273018	2.029747	-1.584963
T	-0.415037	-0.415037	-1.584963	-1.584963	-0.415037	0.222392	0.662965	1.273018	2.169925	-1.584963
V	1.000000	1.874469	-0.415037	-1.584963	0.222392	-0.415037	-0.415037	1.700440	0.662965	-1.584963
W	-1.584963	-1.584963	-1.584963	-1.584963	-1.584963	-1.584963	-1.584963	-1.584963	-1.584963	-1.584963
Y	1.874469	2.029747	0.662965	-1.584963	-1.584963	-1.584963	0.222392	-0.415037	-1.584963	1.000000
