A	0.233907	0.412244	0.991604	0.002788	0.057442	0.185652	0.532874	0.391121	-4.206666
C	-6.014020	-6.014020	-6.014020	-6.014020	-4.206666	-4.844095	-4.206666	-3.429058	-6.014020
D	-2.399311	-6.014020	0.084012	1.921145	-0.451778	-3.156039	-1.710240	-2.728618	-6.014020
E	-2.259133	-4.844095	-2.554589	1.740867	-0.613141	-1.181130	0.532874	1.046675	-6.014020
F	0.002788	0.391121	0.433063	-2.131377	-0.174817	0.889861	-0.272553	-0.794852	2.910792
G	-2.131377	-2.014020	-1.059824	0.532874	0.280600	-0.794852	-2.554589	-1.245836	-6.014020
H	-0.794852	-4.844095	-1.119203	-1.245836	0.280600	-0.083283	1.073442	0.057442	-3.766093
I	1.019403	-1.002793	1.435128	-1.181130	0.874723	1.236278	-0.414108	-2.554589	0.303392
K	1.672480	-6.014020	-0.794852	-0.143656	0.859424	-0.747234	-0.947931	0.934347	-6.014020
L	-0.341595	1.112684	0.948876	-0.613141	0.325830	1.112684	0.369684	0.796551	2.910792
M	-3.156039	-2.399311	-0.490459	-3.766093	-1.459432	-1.621703	-1.905496	-2.131377	-0.206666
N	-0.571077	-6.014020	-0.272553	-0.239233	0.369684	-1.059824	0.369684	-0.414108	-6.014020
P	-4.844095	-0.490459	1.046675	1.424771	-0.571077	0.513457	0.209981	-4.206666	-6.014020
Q	-1.459432	-1.621703	-0.341595	-0.490459	-1.002793	-0.747234	0.796551	0.532874	-6.014020
R	0.713900	-3.766093	-2.728618	-1.538287	0.160905	-0.239233	-0.794852	-0.143656	-4.844095
S	0.828330	-2.131377	0.589606	0.661937	0.233907	0.209981	0.493774	1.125531	-6.014020
T	0.991604	-1.181130	0.030374	-0.143656	0.280600	0.843961	0.391121	1.393247	-6.014020
V	1.654865	0.644191	0.552034	-1.459432	1.099722	1.414340	1.046675	0.513457	-0.306661
W	-6.014020	-4.206666	-3.766093	-6.014020	-3.429058	-6.014020	-3.766093	-6.014020	-4.206666
Y	-0.239233	3.423732	-0.613141	-2.131377	-0.451778	-1.059824	0.257443	-0.174817	0.747531
