A	1.615978	-1.068865	1.116490	0.806133	1.017228	0.434320	0.458065	0.814041	1.818241	0.963729
C	-5.322622	-6.023061	-4.608024	-3.978667	-3.541935	-4.725381	-4.053435	-3.124208	-2.866557	-2.971399
D	-4.993314	-4.132290	-0.248274	0.309348	-0.573225	-0.756275	-1.068865	-1.588433	-1.813608	-6.800669
E	-3.084462	-1.533882	-1.932067	0.549323	-0.281594	-0.853136	-0.650922	-0.242795	0.424022	-5.520561
F	-1.334228	-3.250472	-0.975029	-1.719281	-0.820121	-1.560900	-0.921523	-1.949812	-1.674333	1.143939
G	-0.356541	-3.207144	-0.853136	1.019510	1.120747	0.922870	1.143939	-0.221084	-0.374404	-4.215706
H	-0.702637	-5.750043	-0.828304	-1.179664	-0.869931	-0.525875	-0.771973	-0.608024	-1.443117	-3.165080
I	-0.580118	-2.290611	-0.665509	-1.659657	-0.912795	-0.587044	-0.454472	-0.087405	-1.179664	-0.506048
K	1.010362	-5.322622	0.608116	0.471461	0.052864	0.216935	0.568149	-0.552741	-0.512627	-4.398570
L	0.382080	-1.078593	-0.410807	0.113930	0.320495	0.260027	0.679111	1.084156	0.294351	3.490255
M	-1.169232	-3.541935	-1.030595	-2.619339	-2.677286	-2.509992	-1.689161	-1.393705	-2.313403	0.188827
N	-2.120184	-5.322622	-0.545978	-0.594003	-0.386437	-0.710178	-0.629313	-0.404676	-1.813608	-6.800669
P	-4.132290	4.063683	1.296611	1.597769	1.527365	1.290955	0.724572	0.461426	0.043925	-2.120184
Q	-0.552741	-3.008111	-0.975029	-0.087405	-0.506048	-0.368425	-0.350636	0.003001	-0.248274	-4.304243
R	2.084374	-3.008111	2.153527	0.180695	0.139330	1.405299	1.156433	0.396197	-0.725381	-3.596796
S	1.540135	-3.165080	0.814041	1.170875	0.900761	1.116490	0.763208	1.127109	1.925549	-3.438099
T	-0.194396	-3.207144	-1.068865	-0.275987	0.168409	0.403204	0.444544	1.101491	1.122871	-2.677286
V	-0.067896	-0.740745	-0.904120	-0.886925	0.286794	0.030412	0.204956	0.973177	0.763208	0.451321
W	-3.978667	-4.499499	-3.388855	-3.207144	-2.336561	-3.207144	-2.677286	-3.907584	-5.322622	-4.215706
Y	-0.921523	-2.140418	-0.512627	-1.863190	-1.880103	-2.100229	-1.616502	-2.041970	-2.140418	-1.533882
