A	1.658711	-1.339692	1.103789	0.765930	1.194745	0.389592	0.998318	0.642106	0.866191	1.601680	0.553229
C	-3.989946	-5.937479	-3.862191	-5.496906	-4.657371	-5.159871	-3.535380	-3.862191	-3.352516	-3.044394	-3.115477
D	-6.574909	-3.862191	0.283072	0.099087	-0.482739	-0.494535	-0.767554	-1.104589	-1.068877	-1.520832	-7.744834
E	-3.535380	-1.382890	-1.382890	0.204993	-0.196012	-0.067114	-0.459432	-0.380699	-0.235059	0.106915	-5.496906
F	-1.068877	-2.911944	-0.631092	-1.673371	-1.404984	-1.000000	-1.122782	-0.425162	-2.072408	-1.237039	0.998318
G	-0.447918	-2.976650	-0.811143	0.765930	0.756008	1.092006	1.084096	0.964250	-0.032307	-0.670692	-4.285402
H	-1.159871	-3.044394	-1.404984	-1.197939	-1.000000	-0.380699	-0.886853	-0.697710	-0.579927	-1.318569	-3.989946
I	-0.436495	-2.574909	-0.425162	-1.520832	-1.104589	-0.950418	-0.425162	-0.494535	0.099087	-0.918285	-0.592549
K	0.856937	-4.459432	0.059297	-0.102782	0.233877	0.674073	0.337315	0.160553	-0.753312	-0.215403	-4.130124
L	0.494765	-0.447918	0.433831	0.122445	0.296825	0.289965	0.625854	1.146190	0.977120	0.558947	3.626807
M	-1.277228	-3.269100	-0.567414	-2.733607	-2.850016	-2.301890	-2.525665	-1.595087	-1.937479	-2.108209	0.153012
N	-1.970047	-5.937479	-0.235059	-0.631092	-0.337566	-0.871390	-0.670692	-0.506429	-0.482739	-1.756149	-6.574909
P	-3.989946	3.994841	-0.579927	2.363037	1.390234	0.564643	0.809755	0.446225	-0.225198	-0.605282	-1.905630
Q	-0.886853	-2.478047	-0.856091	-0.205675	0.043069	-0.482739	-0.402759	-0.225198	0.363691	0.219507	-4.886853
R	2.078533	-2.343954	2.273714	-0.380699	0.182944	1.409351	0.370210	0.884523	0.383160	-0.196012	-3.744834
S	1.530709	-2.525665	1.119352	0.989876	1.216616	1.227428	1.266393	0.814543	1.565211	1.798198	-3.862191
T	-0.093782	-2.733607	-1.473371	-0.316474	0.130148	0.269187	0.363691	0.303653	0.658178	1.194745	-3.636309
V	0.233877	-1.034027	-0.796467	-0.934262	0.168055	-0.225198	0.408718	0.276146	1.027481	0.785572	0.197681
W	-4.130124	-4.459432	-3.352516	-3.044394	-3.636309	-3.862191	-3.744834	-3.269100	-4.285402	-3.862191	-3.115477
Y	-0.966757	-0.966757	-0.592549	-2.144921	-1.700440	-2.387282	-2.108209	-1.404984	-2.431951	-1.646802	-1.756149
