A	1.842231	-1.536941	0.815575	0.815575	0.832293	0.913092	1.062263	0.798662	0.655704	0.989605	1.961006	0.674368
C	-4.759333	-4.121903	-5.929258	-5.929258	-4.121903	-4.759333	-4.759333	-4.121903	-3.071277	-2.841796	-2.643856	-2.643856
D	-4.759333	-3.681331	-1.034441	0.454446	-1.299902	-0.329346	-0.090055	-0.486315	-0.528379	-1.299902	-2.046615	-5.929258
E	-2.469827	-1.374670	-1.719805	-0.058894	-0.759333	-0.154471	-0.028392	-0.154471	-0.486315	-0.329346	0.194863	-4.759333
F	-2.314549	-4.121903	-0.486315	-1.536941	-2.174371	-0.975062	-1.929258	-1.161074	-1.034441	-1.929258	-1.625478	0.655704
G	-0.662472	-3.681331	-0.810317	1.739627	1.184484	1.104165	1.629162	1.540383	1.223026	0.746699	-0.329346	-4.121903
H	-1.299902	-4.759333	-1.299902	-1.161074	-1.034441	-0.571706	-1.161074	-1.161074	-1.374670	-0.810317	-1.536941	-5.929258
I	-1.161074	-2.046615	-0.710090	-1.536941	-0.662472	-1.299902	-1.161074	-0.486315	-0.367016	-0.292634	-0.710090	-0.759333
K	0.848819	-2.841796	0.168774	-0.058894	-0.662472	0.410592	-0.329346	-0.292634	-0.256833	-1.096368	-1.374670	-4.759333
L	0.001479	-1.625478	-0.405696	0.030744	0.728953	0.365362	0.168774	0.598219	0.781548	0.746699	0.294743	3.684531
M	-1.719805	-4.121903	-0.486315	-2.841796	-3.344296	-2.643856	-2.174371	-2.314549	-2.469827	-1.929258	-1.719805	0.001479
N	-1.719805	-4.759333	-1.625478	-0.616375	-1.034441	-0.405696	-1.228819	-0.616375	-0.329346	-0.445443	-1.929258	-5.929258
P	-4.759333	4.104853	-0.810317	1.629162	2.211571	0.798662	1.260566	1.144883	0.928723	0.558582	-0.154471	-2.174371
Q	-0.662472	-4.121903	-0.918031	-0.256833	-0.486315	-0.759333	0.001479	-0.759333	-0.710090	0.388154	-0.405696	-4.759333
R	2.230613	-1.625478	3.074962	-0.154471	-0.090055	1.104165	0.168774	0.410592	0.848819	0.410592	-0.616375	-4.121903
S	1.850461	-2.841796	0.115136	1.019109	1.033638	1.197446	1.076366	1.367658	1.184484	1.434876	2.056584	-4.121903
T	-0.367016	-3.071277	-2.174371	-0.367016	0.001479	0.365362	0.168774	-0.058894	0.388154	0.558582	0.832293	-3.071277
V	0.001479	-1.929258	-1.096368	-1.034441	0.194863	-0.292634	0.087550	-0.187791	-0.028392	0.781548	0.959485	0.168774
W	-4.121903	-5.929258	-2.643856	-3.071277	-4.759333	-3.681331	-3.344296	-2.643856	-2.841796	-4.759333	-5.929258	-5.929258
Y	-1.929258	-4.759333	-0.405696	-1.299902	-2.643856	-2.643856	-2.174371	-2.469827	-1.453525	-2.643856	-3.344296	-1.299902
