A	1.910798	-1.779816	0.907508	1.121406	1.282468	0.251662	1.063459	0.251662	0.805147	0.840080	1.177115	1.877555	0.805147
C	-4.867279	-4.867279	-4.867279	-4.867279	-3.059924	-4.867279	-4.867279	-4.867279	-2.619351	-3.697354	-3.697354	-2.282316	-3.059924
D	-4.867279	-3.697354	-1.407847	0.445604	-0.563498	-0.984636	-0.391545	-0.166839	-1.252569	-1.407847	-0.657825	-2.009298	-4.867279
E	-4.867279	-2.009298	-3.059924	-0.312690	-0.657825	-1.112391	0.198810	-0.099094	-0.563498	-0.563498	-0.166839	-1.112391	-4.867279
F	-2.282316	-4.867279	-1.112391	-1.581877	-2.619351	-2.009298	-1.779816	-0.312690	-3.059924	-0.474961	-2.009298	-1.252569	0.351890
G	-0.312690	-2.619351	-0.563498	1.772966	1.230753	1.204184	1.620561	1.717684	1.679616	1.256843	0.769346	-0.166839	-4.867279
H	-2.282316	-4.867279	-1.407847	-2.619351	-1.581877	-0.758754	-0.758754	-1.407847	-1.252569	-0.867279	-1.112391	-2.282316	-4.867279
I	-0.867279	-4.867279	-1.407847	-2.282316	-1.252569	-0.391545	-1.407847	-1.581877	-0.563498	-0.237922	-0.758754	-0.867279	-1.252569
K	1.033588	-4.867279	-0.474961	-0.237922	-0.657825	0.302646	-0.034389	-0.474961	0.399508	-0.758754	-0.758754	-1.779816	-4.867279
L	0.251662	-1.779816	-0.867279	-0.867279	0.616537	0.399508	0.533601	0.445604	1.033588	0.251662	0.198810	-0.867279	3.780180
M	-1.581877	-4.867279	-0.657825	-1.581877	-3.059924	-3.059924	-2.282316	-2.619351	-2.619351	-1.407847	-2.619351	-2.619351	0.086918
N	-3.697354	-4.867279	-0.867279	-1.581877	-0.867279	-0.867279	-0.166839	-1.252569	-1.407847	-0.867279	0.198810	-1.779816	-4.867279
P	-3.697354	4.168208	-1.407847	1.736348	1.717684	1.537863	0.533601	0.840080	1.092723	1.063459	0.143949	-0.657825	-3.059924
Q	-0.867279	-4.867279	-2.619351	-0.099094	-0.312690	-0.474961	-0.391545	0.143949	-0.391545	-0.034389	-0.563498	0.399508	-4.867279
R	2.066412	-3.059924	3.267148	-0.391545	-0.657825	1.092723	-0.391545	0.143949	0.575665	0.616537	-0.099094	-0.474961	-4.867279
S	2.066412	-2.619351	0.616537	1.307647	1.177115	1.356723	1.121406	1.494665	0.971925	1.256843	1.843528	2.310141	-3.697354
T	-0.563498	-3.697354	-2.282316	0.027539	0.399508	0.399508	0.533601	0.445604	-0.099094	-0.034389	0.656283	1.282468	-2.009298
V	-0.166839	-2.282316	-1.407847	-1.252569	0.533601	-0.474961	0.251662	-0.099094	0.086918	0.351890	1.003086	0.769346	-0.474961
W	-4.867279	-4.867279	-4.867279	-2.619351	-4.867279	-3.059924	-3.697354	-3.697354	-3.059924	-2.619351	-3.059924	-4.867279	-4.867279
Y	-3.059924	-3.697354	-0.099094	-1.581877	-2.009298	-2.282316	-2.009298	-1.779816	-2.282316	-1.112391	-3.697354	-2.009298	-2.619351
