A	1.460190	-1.627273	0.024803	1.784540	0.869153	0.869153	0.673896	0.774825	1.119961	1.119961	1.119961	1.119961	2.201996	1.333556
C	-3.434628	-3.434628	-3.434628	-3.434628	-3.434628	-3.434628	-3.434628	-3.434628	-2.264703	-3.434628	-3.434628	-1.186701	-3.434628	-3.434628
D	-3.434628	-3.434628	-1.627273	0.180082	-0.576647	0.180082	-1.627273	0.320259	-0.347165	-0.347165	-1.627273	-2.264703	-1.627273	-3.434628
E	-3.434628	-2.264703	-1.186701	-0.347165	0.024803	0.320259	0.320259	0.024803	-0.347165	0.180082	-0.576647	-0.849666	-0.149226	-3.434628
F	-3.434628	-3.434628	-1.186701	-2.264703	-1.627273	-1.627273	-1.186701	-1.627273	-1.186701	-1.186701	0.180082	-2.264703	-1.627273	0.565372
G	-0.347165	-2.264703	-1.186701	2.088934	1.460190	1.966251	1.265811	1.119961	1.832158	1.832158	1.265811	0.957689	-0.576647	-3.434628
H	-1.186701	-3.434628	-2.264703	-2.264703	-0.849666	-1.627273	-2.264703	-1.627273	-1.627273	-1.186701	-0.149226	-0.347165	-2.264703	-3.434628
I	-2.264703	-3.434628	-0.347165	-1.627273	-0.576647	-2.264703	-2.264703	-0.849666	-1.627273	-1.627273	0.024803	-0.347165	-1.627273	-0.849666
K	1.333556	-3.434628	0.180082	-0.347165	-0.347165	0.448015	-0.347165	-0.576647	0.024803	0.565372	-1.627273	-0.576647	-2.264703	-3.434628
L	0.024803	-3.434628	-1.627273	-2.264703	0.024803	-1.186701	0.448015	0.673896	0.673896	-0.576647	1.265811	0.180082	-0.849666	3.612496
M	-2.264703	-3.434628	-1.186701	-3.434628	-1.186701	-3.434628	-2.264703	-2.264703	-3.434628	-2.264703	-1.627273	-2.264703	-2.264703	-0.149226
N	-1.627273	-3.434628	-3.434628	-0.149226	-2.264703	-1.627273	-0.347165	0.024803	-0.849666	-0.576647	-1.186701	-1.186701	-1.186701	-3.434628
P	-3.434628	4.104531	-3.434628	1.519568	1.784540	0.673896	1.519568	0.957689	1.398262	1.041105	0.448015	0.448015	0.180082	-3.434628
Q	-2.264703	-3.434628	-0.849666	-0.347165	-0.347165	-0.576647	-0.149226	-0.149226	-1.186701	-0.347165	-1.186701	0.180082	0.180082	-3.434628
R	2.049188	-2.264703	3.438816	-0.149226	-0.576647	0.565372	0.320259	0.673896	-0.576647	-0.149226	-0.149226	0.180082	-0.347165	-3.434628
S	2.165285	-1.627273	0.024803	0.774825	1.194728	0.869153	0.774825	1.119961	0.869153	1.119961	1.398262	1.735297	2.201996	-1.627273
T	-0.347165	-3.434628	-1.186701	-1.186701	-0.149226	0.180082	0.869153	0.673896	0.180082	-2.264703	0.320259	1.119961	0.448015	-2.264703
V	0.448015	-2.264703	-0.849666	-1.627273	0.320259	-0.347165	-0.347165	-1.627273	-0.849666	0.448015	-0.849666	0.180082	0.869153	-0.576647
W	-3.434628	-3.434628	-2.264703	-3.434628	-2.264703	-2.264703	-1.627273	-1.627273	-1.627273	-2.264703	-2.264703	-3.434628	-3.434628	-3.434628
Y	-2.264703	-2.264703	-0.849666	-1.186701	-3.434628	0.024803	-0.576647	-2.264703	-0.849666	-1.627273	-1.186701	-3.434628	-2.264703	-3.434628
