A	1.334889	-0.076153	1.301499	0.446853	0.082378	0.786662	1.710535	0.053494
C	-7.896332	-7.896332	-5.038351	-4.141445	-5.038351	-4.610930	-3.266976	-3.787808
D	-2.629546	-7.896332	-0.890708	-1.721407	-3.686879	-1.824870	-2.495453	-7.896332
E	-2.583449	-7.896332	-1.368855	0.009055	-2.942136	-0.657928	0.629188	-5.648405
F	-0.634238	-5.311370	-0.141445	-1.168412	-1.578920	-1.672331	-2.677164	-0.357174
G	-1.556482	-4.808870	0.001513	-0.108430	1.248326	-0.436901	-0.060282	-5.311370
H	-0.183805	-6.726407	-0.013689	-0.478480	0.479793	-0.158240	-1.851938	-4.436901
I	-0.543186	-2.188973	-0.706508	-0.366902	-0.718913	-0.646034	-1.101917	-0.227447
K	0.609479	-7.896332	0.746622	1.179815	1.863972	0.152154	0.179147	-5.038351
L	0.817054	-2.412517	0.238094	1.562074	0.786662	0.589497	0.366937	3.821558
M	-1.007589	-5.038351	-1.101917	-3.128148	-2.334090	-2.372770	-1.907648	-0.447184
N	-1.746585	-7.896332	-0.744048	-0.835636	-1.936330	-0.357174	-2.223907	-5.648405
P	-0.769628	4.153431	-1.449249	1.186482	0.145327	1.680152	-0.254281	-2.495453
Q	-1.134781	-3.896332	-0.309493	-0.175233	-1.408492	0.060770	0.117688	-3.686879
R	1.776093	-4.610930	1.634562	0.263539	1.874331	0.963979	-0.084155	-4.436901
S	1.684868	-2.777391	0.579401	0.511997	0.199065	1.032186	1.447409	-3.504015
T	-0.100293	-3.592552	0.250873	-0.036798	-0.149818	0.413144	0.825621	-2.412517
V	0.110695	-1.408492	0.185817	0.355150	-0.300143	0.390225	1.387913	0.629188
W	-4.013689	-7.896332	-2.188973	-3.420599	-3.787808	-3.896332	-5.311370	-5.038351
Y	-0.406484	-6.726407	-0.272451	-1.408492	-3.592552	-2.412517	-2.942136	-3.592552
