A	1.309775	0.852605	1.312678	0.658611	0.533965	0.520636	0.819652	1.826845	0.479032
C	-4.880244	-5.109726	-3.694688	-4.745314	-4.454637	-4.190725	-3.694688	-3.124309	-3.145401
D	-2.764767	-6.076936	0.222324	0.241747	-1.220073	-1.510326	-1.711891	-1.969586	-9.382744
E	-1.530995	-2.504182	-1.034016	0.976761	-0.644276	-0.913781	-0.203111	0.753535	-6.552669
F	-0.528915	-2.595567	-0.775825	-1.430488	-1.214490	-0.644276	-2.027148	-2.220633	0.892604
G	-0.509984	-2.831570	-0.741294	0.612238	0.565136	0.970035	-0.504864	-0.395006	-5.333501
H	-0.415678	-4.402922	-0.289987	-1.007222	-0.252317	-0.627486	-0.340781	-1.440230	-3.824749
I	-0.391852	-0.324151	-0.444798	-1.186893	-0.705612	-0.011815	-0.179804	-1.354838	-0.307711
K	0.932783	-8.304742	0.976761	0.559445	1.141471	0.186901	-0.123786	-0.451350	-4.105586
L	0.650985	0.739940	0.112223	0.521472	0.240731	0.644087	1.115108	-0.221192	3.632748
M	-1.068853	-2.457272	-0.729302	-2.283542	-3.003847	-1.882898	-1.609422	-2.301187	0.070527
N	-1.303556	-5.333501	-0.366864	-0.665068	-0.834564	-0.838853	-0.522002	-1.573244	-7.093237
P	-5.239786	3.560096	-0.809097	1.642242	1.496243	0.590874	0.767003	-0.549854	-1.856571
Q	-0.601749	-1.345655	-0.243761	0.027589	-0.431783	-0.446433	0.300445	0.130983	-4.845310
R	1.665894	-4.168965	1.833934	-0.312176	1.152855	1.308806	0.565948	-0.489611	-3.967707
S	1.482989	-1.309495	0.637155	0.891958	0.604362	0.846609	1.146361	2.005213	-4.005775
T	0.106658	-1.364080	-0.969116	-0.336226	-0.085064	0.630966	0.710894	1.002160	-2.781180
V	0.277846	0.793568	-0.324151	-0.504864	0.445040	0.538105	0.743530	0.799098	0.476446
W	-3.663926	-7.267267	-2.848766	-3.113877	-3.134817	-3.314264	-3.726121	-5.109726	-4.535861
Y	-0.506568	-2.588328	-0.649917	-2.071879	-1.852229	-2.041905	-2.061818	-1.960212	-2.437625
