A	-9.486218 0.409533 0.833446 1.877642 0.442599 -0.141328 0.934249 0.784615 -2.083508
C	-10.114972 -10.125518 -3.686209 -1.909038 -5.109565 -9.190621 -4.015759 -4.739869 -10.122286
D	-10.016502 -1.418550 -1.670465 -0.980848 0.418129 1.873923 -0.969311 -1.115754 3.274494
E	-6.854810 0.745619 -0.375190 -1.080051 0.876692 -3.320803 0.009307 1.041664 3.019709
F	-0.510745 -1.142557 -0.554748 -3.178571 -1.288290 -10.066736 -0.686494 -1.315716 -6.346352
G	-7.607321 -2.229206 -0.852855 -3.191962 -0.473659 -2.534750 -0.853871 -0.524957 -2.024866
H	-10.012372 -0.481666 -1.672984 -7.719772 -0.897269 -9.667274 -2.470638 -1.161014 -2.085699
I	3.157606 0.759284 1.187590 1.253808 -0.038178 -1.905261 -0.102722 -0.091731 -4.096214
K	-9.828134 1.005299 0.005650 -6.564979 0.936835 -9.866524 -0.899889 0.740691 -9.469582
L	2.474140 0.791966 1.105812 1.205430 0.325877 -4.970327 1.502738 1.506196 -2.347258
M	-0.280923 -2.791098 -0.648734 -1.472185 -2.195590 -6.639894 -1.362477 -1.195623 -4.938666
N	-9.927157 -0.419472 0.131576 -2.954210 -0.358521 1.798474 1.390282 -0.838151 -2.530627
P	-5.721056 -10.101982 0.114378 -9.938064 0.470338 -1.632092 0.233437 0.580705 -3.708246
Q	-10.004161 0.172654 -0.212972 -2.299908 0.196401 -5.039064 -0.219895 0.135488 -1.505918
R	-9.809527 1.366543 -0.321719 -10.116166 0.445053 -9.457167 -0.973837 0.750905 -9.648652
S	-9.769253 -0.137121 0.534339 1.730896 0.814631 1.970022 1.101973 0.309283 -1.104046
T	-5.663481 -0.048472 0.087216 1.112180 0.513834 2.353775 -0.034128 -0.698319 -4.227222
V	1.906991 1.432136 1.018022 1.981363 0.211867 0.983602 0.660912 0.149509 -3.826953
W	-4.173637 -4.092345 -1.670438 -6.639773 -2.895893 -10.075208 -2.441000 -4.391192 -10.110471
Y	-2.970967 -0.800546 -0.425265 -5.706003 -1.935691 -10.113085 -1.279256 -1.181359 -9.871881
