A	-3.202309 0.467814 1.223546 0.400516 0.356324 1.231248 0.201717 0.787402 1.839613
C	-9.209191 -5.820793 -5.930155 -5.826691 -9.317884 -5.855144 -9.316958 -5.762784 -3.161493
D	-9.077077 -1.224911 -1.858253 -0.764587 0.113287 0.268363 -0.709368 -0.801596 -3.892641
E	-9.097630 0.510334 0.064099 0.414012 0.465251 3.155785 1.063931 0.153248 -2.091196
F	0.659923 -1.001178 -0.010242 1.368768 -2.001987 -5.859258 -0.658415 -1.386016 -1.928578
G	-8.581502 -2.580253 -0.641739 -2.430269 -0.460798 0.873859 -0.807422 0.197350 -0.247097
H	-9.030160 -0.615287 -1.056023 -1.140584 -0.674406 -4.717735 -0.116138 -0.364634 -3.749279
I	2.805037 0.636959 0.874158 0.936399 -0.814027 -9.026675 -0.649150 -0.977798 1.161656
K	-8.955792 1.273408 0.051890 -1.326559 1.431922 -3.832944 0.843505 0.952384 -4.157940
L	2.495045 0.667026 0.938894 1.699694 -1.389315 -4.619700 0.771448 1.118227 2.474737
M	-0.543661 -3.598469 -1.489330 -0.007333 -2.485282 -9.286099 -3.077981 -1.788494 -2.126933
N	-9.240719 -0.950665 -1.010140 -2.875466 -0.165182 0.830098 0.939711 -0.398516 -2.734333
P	-4.272392 -9.167644 0.469325 -9.174890 1.399182 -1.502432 0.301288 1.095438 -2.517153
Q	-8.206859 0.431375 -0.021602 -0.319499 0.356200 -2.645112 0.776006 0.117703 -1.693285
R	-9.071781 1.421867 -0.243967 -1.631690 0.859691 -3.562793 0.480894 0.906811 -2.826945
S	-9.201070 -0.094541 0.781472 -1.749950 0.511642 1.000317 -0.152228 0.286493 0.407018
T	-4.723212 -0.065808 -0.008105 -1.664553 0.610409 -0.229903 -0.749072 -0.374980 -0.272346
V	2.029693 1.433558 0.700415 0.475085 -0.211338 -1.983213 0.206548 0.006569 1.860748
W	-4.074905 -3.691702 -1.942773 -0.556190 -3.153748 -9.256033 -2.408325 -4.713444 -9.127683
Y	-0.421794 -0.817781 -0.394692 1.594147 -1.870282 -4.909140 -0.587407 -1.082903 -2.443036
