A	-1.426265	0.381090	0.381090	-1.426265	1.158698	1.661198	-0.256340	-0.256340	-1.426265	-0.256340
C	-1.426265	-1.426265	-1.426265	-1.426265	-1.426265	-1.426265	-1.426265	-1.426265	-1.426265	-1.426265
D	-1.426265	-1.426265	2.966053	0.821663	0.821663	-0.256340	-1.426265	-1.426265	-1.426265	-1.426265
E	-0.256340	-1.426265	-1.426265	1.158698	0.381090	0.821663	0.381090	-0.256340	0.381090	-1.426265
F	1.431716	-1.426265	-0.256340	-1.426265	0.381090	-1.426265	-1.426265	-0.256340	-1.426265	-0.256340
G	-0.256340	-1.426265	-1.426265	0.381090	-1.426265	1.859137	0.821663	-1.426265	-1.426265	-1.426265
H	0.821663	-1.426265	-1.426265	-1.426265	-1.426265	1.431716	-1.426265	-0.256340	-1.426265	-1.426265
I	-0.256340	-1.426265	-1.426265	-1.426265	-1.426265	-1.426265	0.821663	0.821663	-1.426265	2.573735
K	-1.426265	-1.426265	-1.426265	-1.426265	-1.426265	0.381090	1.158698	-1.426265	1.431716	-1.426265
L	0.821663	-0.256340	1.431716	-1.426265	-0.256340	-1.426265	1.158698	-0.256340	0.381090	1.661198
M	0.381090	-1.426265	-0.256340	-1.426265	-1.426265	-1.426265	-1.426265	-1.426265	-1.426265	-1.426265
N	-1.426265	-1.426265	-1.426265	-0.256340	1.158698	-1.426265	0.821663	-0.256340	-1.426265	-1.426265
P	-1.426265	3.406625	0.381090	2.456378	-0.256340	-1.426265	0.821663	-0.256340	-1.426265	-1.426265
Q	-1.426265	-0.256340	-1.426265	-0.256340	-0.256340	-1.426265	-1.426265	0.821663	-0.256340	-1.426265
R	0.381090	-1.426265	-1.426265	-1.426265	-0.256340	-0.256340	-0.256340	-1.426265	0.381090	-1.426265
S	0.381090	-1.426265	-1.426265	0.821663	0.821663	-0.256340	-0.256340	-0.256340	0.381090	-1.426265
T	-0.256340	-1.426265	-1.426265	-0.256340	0.821663	-1.426265	-0.256340	0.821663	2.033167	-1.426265
V	0.821663	-0.256340	-1.426265	-0.256340	-1.426265	-0.256340	-0.256340	1.859137	0.821663	1.859137
W	-1.426265	-1.426265	-1.426265	-1.426265	-0.256340	-1.426265	-1.426265	-1.426265	-1.426265	-1.426265
Y	0.821663	-1.426265	-1.426265	-1.426265	-0.256340	-1.426265	-1.426265	0.821663	0.381090	-1.426265
