A	-2.598259	1.715631	0.114459	0.441269	-0.482782	1.000000	-0.013297	-0.680721	-3.768184
C	-3.768184	-3.768184	-3.768184	-3.768184	-3.768184	-3.768184	-3.768184	-3.768184	-3.768184
D	0.786405	-3.768184	2.162553	1.297905	0.441269	-0.482782	0.114459	-3.768184	-3.768184
E	-0.910203	-3.768184	0.231816	1.674759	2.571666	0.786405	-0.013297	-0.910203	-3.768184
F	1.297905	-1.183222	-0.308753	-2.598259	-1.183222	-0.680721	-1.183222	-1.960829	-0.153474
G	-3.768184	-0.482782	-3.768184	0.441269	0.231816	-0.680721	-3.768184	-0.910203	-3.768184
H	0.932255	-3.768184	-1.960829	-1.960829	-0.482782	-0.153474	0.624133	-0.153474	-3.768184
I	-0.013297	-0.910203	0.340340	-0.482782	0.114459	1.450984	0.535596	-1.520257	2.797870
K	-0.308753	-3.768184	-3.768184	0.707549	-0.013297	0.786405	-0.482782	1.904241	-3.768184
L	1.498602	0.441269	1.186012	-0.308753	0.624133	0.231816	0.861172	0.231816	2.071019
M	-0.308753	-1.960829	-0.308753	-1.183222	-3.768184	-1.183222	-3.768184	-2.598259	0.340340
N	0.441269	-3.768184	-0.482782	-1.183222	-0.482782	-1.520257	0.231816	-0.680721	-3.768184
P	-3.768184	3.135698	1.186012	1.498602	0.231816	0.231816	0.707549	-2.598259	-3.768184
Q	-2.598259	-1.183222	-0.482782	-0.013297	-0.910203	-0.153474	0.441269	0.340340	-3.768184
R	-0.910203	-3.768184	-3.768184	-1.183222	-0.910203	-0.680721	0.707549	0.707549	-3.768184
S	0.707549	0.114459	-0.153474	0.231816	-0.013297	-1.520257	-0.153474	0.707549	-3.768184
T	0.114459	-1.520257	-0.910203	-0.308753	-0.680721	0.535596	0.861172	2.071019	-2.598259
V	-0.013297	0.861172	-0.482782	-0.680721	-0.308753	1.064706	0.707549	-0.013297	2.455817
W	-2.598259	-3.768184	-2.598259	-2.598259	-2.598259	-2.598259	-2.598259	-3.768184	-3.768184
Y	0.707549	-1.520257	0.624133	-3.768184	-1.520257	-2.598259	-1.183222	-0.013297	-3.768184
