A	-5.736753 0.461610 1.345851 0.872662 0.133987 0.459333 1.080317 0.288659 0.146402
C	-7.554336 -7.554336 -7.554336 -7.554336 -7.554336 -7.553301 -7.554336 -7.554331 -7.543514
D	-7.215178 -1.971861 -1.033664 -1.340660 -0.489443 -6.121411 -7.235792 -0.111954 2.510851
E	-6.792602 0.768797 -0.131737 -0.852438 -0.616835 -0.445511 0.934186 0.656685 2.711653
F	2.370209 -1.711162 -0.274690 -0.094249 -1.827574 -6.362249 -0.383853 -2.587871 -2.662219
G	-3.625151 -0.626366 -0.800847 -2.811191 -0.047121 -1.199514 -0.144428 0.543805 -1.511427
H	-7.057821 -0.339718 -0.335473 -4.017029 -0.793807 0.170681 -1.088255 -0.693789 -1.116517
I	1.559893 0.241962 0.012128 0.374980 -0.255691 -1.240084 0.231897 -0.111667 -2.252597
K	-5.367538 0.992603 0.318343 1.911254 1.475043 2.303874 -0.114735 1.192586 -2.292921
L	2.212632 0.695812 1.127065 1.674208 -0.043105 -0.964472 2.053417 1.321004 -0.168421
M	-1.330465 -5.810595 -0.792427 -0.589646 -3.912208 -2.483675 -2.662208 -2.397150 -4.088732
N	-5.958993 -0.466461 -1.151708 -2.441040 0.350384 -1.213584 0.804176 -1.722068 -1.275437
P	-7.431215 -6.947050 0.747611 -3.230644 0.317188 0.924326 -0.154002 0.768493 -2.395188
Q	-7.186705 0.390007 0.360337 -2.132160 0.500810 0.578827 -0.446411 -0.091802 0.264990
R	-6.791637 1.635420 0.111144 0.553266 1.341576 1.357552 -0.321863 0.630115 -0.883252
S	-6.470516 0.277571 0.183455 0.036142 0.863296 0.293024 -0.538551 -0.041459 -0.244046
T	-3.156558 0.273960 0.175347 0.257339 0.068456 0.744082 -1.011925 0.128093 -1.877568
V	0.447958 1.079607 0.367040 1.379510 0.559825 -0.243445 0.596332 0.241762 -0.469729
W	-0.864754 -6.935024 -4.168154 -7.437628 -7.553610 -7.554098 -3.143082 -7.513822 -7.553821
Y	2.208411 -1.274020 -0.437147 -1.533627 -2.090754 -3.181589 -1.230113 -1.378622 -3.130272
