A	-3.327282 1.232894 1.084962 0.947142 0.764915 2.906425 -0.029888 0.892175 -0.357330
C	-8.915234 -6.121941 -4.260260 -9.460056 -6.129591 -2.797311 -6.169999 -6.065319 -3.623397
D	-6.683650 -1.212521 -0.859614 -0.933524 -0.526755 -4.322459 -1.802014 0.202191 -1.496468
E	-7.923126 0.850636 0.058641 0.660474 0.701407 -2.201258 0.649558 1.483519 -1.398049
F	-1.131105 -0.320875 0.408168 -2.239266 -1.145899 -0.472241 -1.583696 -1.781216 -2.391569
G	-5.436663 -1.818345 0.648567 -1.597514 -0.666201 -0.185307 -2.457971 -0.975243 -4.359573
H	-3.149407 -2.371015 -1.967183 -0.185359 -1.240643 -4.922370 0.305655 -1.234133 -8.972993
I	-1.545117 0.858401 0.377353 1.226052 0.863019 0.541009 -1.031055 -0.361109 1.369584
K	3.736878 -0.059513 -2.742522 1.220615 0.472457 -8.838983 1.617223 0.639675 -1.804531
L	-1.417849 1.687025 0.851390 -0.344956 1.519169 -0.424843 1.476112 0.456436 3.176090
M	-4.555972 -1.461521 -1.688832 -2.171589 -1.567759 -3.044755 -2.339293 -2.034598 -1.226915
N	-4.560296 -0.652334 -0.537102 -1.038261 -0.541076 -4.693194 0.409924 -0.393857 -2.406534
P	-5.545666 -3.400221 0.029369 0.777190 0.222491 1.566348 -2.635658 -0.563778 -4.151188
Q	-7.803606 -0.477269 -0.598811 -0.383526 0.007867 -5.452306 1.965640 0.525127 -1.957311
R	2.225003 -0.141169 -2.973838 -3.003464 -0.379143 -9.172291 0.682712 0.634638 -3.775118
S	-7.869536 -0.234343 0.656456 1.337254 -0.239154 -0.163429 -1.072367 0.549738 -0.947779
T	-3.164646 0.021031 -0.154316 0.305296 0.521565 -0.507648 -1.885692 0.209094 -1.020879
V	-3.183842 1.174112 1.362992 0.900079 0.574681 1.741558 -0.559333 0.581041 2.070850
W	-9.363966 -2.262241 -0.880790 -4.455867 -3.951242 -4.574697 -2.573884 -4.487498 -8.323767
Y	-2.124226 0.113082 0.519475 -3.327945 -0.771126 -2.970184 -1.891707 -1.267538 -4.797479
