A	-5.358241 1.127277 1.202223 0.617964 0.440580 2.847011 1.870163 0.951607 1.336672
C	-10.136016 -4.147798 -3.826159 -10.161989 -3.516586 -1.461251 -2.915080 -4.319005 -4.018768
D	-6.467237 -0.865600 -1.281057 -3.531636 -0.568375 -4.490725 -2.569181 -0.785403 0.608221
E	-6.417178 0.927281 -1.410037 0.054743 0.477360 -2.621769 -0.099705 1.010665 0.144174
F	0.264474 -0.227293 0.837590 -1.218981 -1.823647 0.122564 -1.497168 -1.592632 -3.753705
G	-9.822506 -1.243906 1.259881 -1.693948 -1.490910 0.099099 -1.065721 -0.560226 -0.627667
H	-2.528628 -1.604964 -0.647617 1.026474 -1.711634 -9.599243 0.493155 -1.327479 0.474078
I	-1.351943 0.738112 -0.238681 -0.149543 0.637139 0.008992 -0.821865 -0.264277 -1.430416
K	0.003605 0.029717 -2.884943 2.098500 0.386456 -4.866472 0.478964 0.343772 -2.613255
L	-0.297630 1.169399 0.399733 0.076061 1.945346 -0.071027 1.204366 0.815895 0.088766
M	-3.382867 -1.680863 -1.966506 -2.642459 -1.657554 -2.716026 -1.362581 -2.344384 -5.600722
N	-6.367486 -1.138378 -1.026323 -0.409592 -0.588617 -2.795124 -0.126369 -0.167053 2.149402
P	-6.012668 -3.532428 -0.633000 -2.037959 0.461304 1.850815 -0.559078 0.422924 -2.630119
Q	-2.519373 -0.041177 -0.714004 0.089034 0.014421 -3.200149 1.168758 0.265552 -0.090216
R	3.919088 0.237789 -1.961980 -0.196082 -0.426839 -8.524768 0.455075 0.777456 -3.920909
S	-8.856103 0.096078 1.227137 1.008487 -0.151711 0.467025 -0.080683 0.586132 1.696911
T	-7.704940 0.077240 -0.329562 0.705242 -0.062195 -0.684842 -0.795088 0.390727 -0.151128
V	-2.271085 1.235715 0.472531 0.106817 1.220813 0.886204 0.158040 0.469605 0.342746
W	-4.265994 -1.218733 -0.264714 -2.347888 -4.795851 -4.410747 -3.693238 -3.762748 -10.135247
Y	-0.562930 -0.228899 1.072984 -1.658848 -1.017002 -2.584053 -1.791498 -0.901182 -4.672863
