A	1.510615	-2.019900	0.918700	0.095578	0.095578	0.692818	0.810175	-0.604862	-3.189825
C	-3.189825	-3.189825	-3.189825	-3.189825	-3.189825	-3.189825	-3.189825	-3.189825	-3.189825
D	-3.189825	-3.189825	2.123058	1.202493	-1.382470	-1.382470	-3.189825	-3.189825	-3.189825
E	-3.189825	-3.189825	-3.189825	1.364764	-0.102362	0.095578	-2.019900	0.269607	-3.189825
F	-1.382470	0.269607	1.510615	-0.941897	-0.604862	-0.331844	-0.604862	-2.019900	2.482601
G	2.211055	-3.189825	-2.019900	1.821403	0.692818	-0.331844	-3.189825	0.095578	-3.189825
H	-0.604862	-3.189825	-0.604862	-1.382470	-2.019900	-3.189825	-0.102362	-0.331844	-3.189825
I	-0.331844	-3.189825	-0.331844	-0.941897	1.113956	1.439532	1.019629	-3.189825	-0.941897
K	1.821403	-3.189825	-2.019900	0.095578	-0.604862	-1.382470	0.095578	1.113956	1.439532
L	-1.382470	0.269607	0.692818	-0.331844	1.202493	-0.604862	1.202493	0.095578	1.285909
M	-2.019900	-0.331844	-0.331844	-2.019900	-1.382470	-0.604862	-0.604862	-3.189825	1.285909
N	-3.189825	-3.189825	0.095578	-0.102362	-0.604862	-0.941897	-0.941897	0.810175	-3.189825
P	-3.189825	-3.189825	-3.189825	0.692818	-0.331844	0.692818	-0.941897	-3.189825	-2.019900
Q	-0.941897	0.918700	-2.019900	-0.102362	0.424885	0.269607	0.424885	0.918700	-3.189825
R	0.269607	3.215317	-3.189825	-3.189825	-3.189825	-0.102362	-1.382470	-0.331844	1.113956
S	0.810175	-3.189825	-1.382470	0.269607	0.095578	0.269607	0.424885	1.821403	-3.189825
T	-0.331844	-0.941897	0.269607	0.095578	0.424885	0.810175	0.424885	1.764372	-3.189825
V	-0.331844	0.424885	0.424885	-0.331844	1.821403	1.510615	1.821403	-1.382470	-0.941897
W	-3.189825	-3.189825	-3.189825	-3.189825	-2.019900	-3.189825	-3.189825	-3.189825	-3.189825
Y	-0.331844	1.202493	0.810175	-3.189825	-1.382470	-0.941897	-0.102362	-1.382470	1.113956
