A	1.566243	1.813037	2.307509	0.608679	0.608679	-0.214444	0.114864	0.500154	1.813037	-3.499846
C	-3.499846	-3.499846	-3.499846	-3.499846	-3.499846	-3.499846	-3.499846	-3.499846	-3.499846	-3.499846
D	-3.499846	-3.499846	0.709607	1.268338	-1.251918	-0.214444	-0.914883	-1.692491	-3.499846	-3.499846
E	-3.499846	-3.499846	-3.499846	0.608679	-0.040414	-1.692491	-2.329921	-0.412383	0.114864	-3.499846
F	1.129511	-1.251918	0.114864	-1.692491	-0.914883	-2.329921	-1.251918	-1.251918	-2.329921	1.670079
G	-1.692491	-2.329921	-3.499846	0.114864	1.333044	1.129511	1.619095	-0.914883	-1.251918	-3.499846
H	-0.214444	-3.499846	-0.412383	-2.329921	-0.641865	-0.040414	-0.040414	0.709607	-1.692491	-3.499846
I	0.255042	-1.692491	0.255042	-2.329921	-2.329921	-0.914883	-1.251918	-0.641865	-3.499846	-3.499846
K	0.255042	-3.499846	-0.914883	0.255042	-0.214444	-0.412383	0.255042	-1.251918	-0.412383	-3.499846
L	-0.412383	-2.329921	-1.251918	-0.914883	-1.692491	-1.251918	-0.040414	0.500154	-0.412383	3.864289
M	-0.914883	-2.329921	-0.641865	-3.499846	-3.499846	-2.329921	-3.499846	-2.329921	-3.499846	-0.641865
N	-3.499846	-3.499846	-0.914883	-0.641865	-0.040414	-0.914883	-1.251918	-0.914883	-3.499846	-3.499846
P	-3.499846	3.419017	-0.914883	2.516962	2.544548	2.062397	1.813037	0.114864	-0.641865	-3.499846
Q	-2.329921	-2.329921	-1.251918	-0.641865	-0.914883	-0.412383	-0.412383	0.382797	-1.251918	-3.499846
R	1.719323	-2.329921	0.709607	-1.251918	-0.641865	0.803935	0.892472	0.975888	0.608679	-3.499846
S	1.333044	-0.040414	0.892472	1.129511	0.608679	1.670079	0.803935	0.803935	2.241621	-3.499846
T	-0.914883	-0.641865	-2.329921	-0.914883	-0.641865	0.382797	0.500154	1.454350	1.670079	-3.499846
V	-0.914883	0.803935	-0.641865	-2.329921	0.114864	-0.641865	0.114864	1.268338	0.709607	-2.329921
W	-3.499846	-3.499846	-3.499846	-3.499846	-2.329921	-3.499846	-3.499846	-3.499846	-3.499846	-3.499846
Y	1.268338	-3.499846	1.394972	-1.251918	-1.251918	-2.329921	-3.499846	-1.692491	-1.692491	-3.499846
