A	1.422024	3.088287	1.422024	-2.686501	-0.101538	0.171480	1.422024	-2.686501
C	-2.686501	-2.686501	-2.686501	-2.686501	-2.686501	-1.516576	-2.686501	-2.686501
D	-2.686501	-2.686501	-0.438573	-0.879146	-1.516576	-2.686501	-0.879146	-2.686501
E	-2.686501	-2.686501	-0.879146	0.598902	-2.686501	-2.686501	2.146389	-2.686501
F	1.422024	-2.686501	-0.101538	-1.516576	-2.686501	-0.879146	-2.686501	-0.438573
G	-1.516576	-1.516576	1.522953	-0.101538	3.152703	-1.516576	-2.686501	-2.686501
H	-0.879146	-0.879146	0.598902	-0.879146	-0.879146	-0.101538	-1.516576	-2.686501
I	-2.686501	-1.516576	-1.516576	0.171480	-2.686501	0.598902	-1.516576	-1.516576
K	-1.516576	-1.516576	0.598902	-0.101538	-2.686501	0.598902	-0.438573	-2.686501
L	0.400962	-2.686501	-0.879146	-0.438573	-0.879146	0.928209	-0.879146	3.971711
M	-0.879146	-2.686501	-2.686501	-2.686501	-2.686501	-2.686501	-2.686501	-0.438573
N	-2.686501	-2.686501	0.171480	-0.879146	-0.879146	-1.516576	-2.686501	-2.686501
P	-2.686501	1.422024	-0.101538	2.379589	1.422024	1.422024	0.171480	-2.686501
Q	-1.516576	-0.438573	-0.438573	-0.879146	-1.516576	-0.879146	-2.686501	-2.686501
R	-0.101538	-1.516576	0.171480	-0.101538	-1.516576	1.705817	-0.879146	-2.686501
S	0.598902	1.705817	-0.438573	-0.438573	1.313499	0.400962	1.196143	-2.686501
T	-0.438573	-0.438573	-0.879146	1.068387	-0.879146	0.171480	1.196143	-2.686501
V	0.928209	-0.879146	-0.438573	1.196143	-0.879146	0.598902	1.522953	-2.686501
W	-2.686501	-2.686501	-1.516576	-2.686501	-2.686501	-2.686501	-2.686501	-2.686501
Y	2.324727	-1.516576	0.772931	-1.516576	-2.686501	-1.516576	-2.686501	-2.686501
