A	1.512638	1.826729	1.754382	0.619439	0.551196	0.495792	0.535582	1.813842	-3.425696
C	-7.308339	-6.138414	-5.060412	-7.308339	-5.500984	-7.308339	-4.723377	-5.060412	-7.308339
D	-6.138414	-7.308339	0.278501	0.551196	-1.469135	-2.607899	-2.540155	-2.540155	-7.308339
E	-3.848907	-7.308339	-0.668094	0.966621	-0.704713	-2.832606	-1.348337	1.040389	-7.308339
F	0.140810	-5.500984	-0.800544	-1.600980	-1.319654	-0.668094	-2.753750	-2.475449	0.503838
G	-0.882074	-2.297112	-1.377602	0.876536	0.876536	1.631240	-1.060412	-0.882074	-7.308339
H	-0.704713	-5.500984	-0.181635	-1.291531	-0.261215	-0.513923	0.088266	-1.500984	-5.060412
I	0.022578	-0.530262	0.109513	-1.500984	-1.084337	0.044808	-0.207677	-1.291531	-1.084337
K	0.691661	-5.500984	0.033736	0.171441	0.495792	-0.419596	0.287851	-0.530262	-7.308339
L	0.495792	-1.348337	-0.580419	-0.181635	-1.108667	-0.000000	1.056890	-0.614852	3.950080
M	-1.600980	-3.308339	-0.723377	-2.354143	-4.220876	-2.242250	-1.635914	-2.607899	0.098929
N	-1.469135	-4.723377	-0.143432	-0.723377	-0.580419	-0.761445	-0.530262	-1.824523	-7.308339
P	-4.220876	3.541848	-0.924635	2.095206	2.339569	1.197473	1.023698	-0.761445	-7.308339
Q	-2.041552	-3.004558	-0.345443	-0.143432	-0.780862	-0.723377	0.278501	-0.034543	-7.308339
R	1.551972	-2.607899	1.379037	-0.903198	0.566642	1.099991	1.212280	-0.704713	-7.308339
S	1.817074	-0.481791	0.907194	0.972432	0.670371	1.001137	1.217182	2.137193	-7.308339
T	0.033736	-0.840733	-0.614852	-0.513923	-0.194597	0.733320	0.780449	1.121068	-5.500984
V	0.404188	0.663205	0.324656	-0.882074	0.634175	0.259617	0.315542	0.937214	0.044808
W	-4.723377	-7.308339	-3.308339	-3.693629	-4.450358	-3.425696	-5.060412	-6.138414	-7.308339
Y	-0.106215	-2.916022	-0.261215	-1.708426	-2.242250	-1.865396	-2.354143	-1.907460	-1.566872
