A	-5.176963 1.073875 1.449662 0.424069 0.680081 2.926284 2.624602 0.950016 1.175825
C	-6.672149 -4.306179 -2.440414 -4.579263 -4.276178 -1.604814 -1.253230 -3.955085 -2.123648
D	-4.567058 -1.044586 -0.132606 -0.231681 -0.176401 -3.966168 -1.857155 -0.439121 1.346634
E	-5.864840 0.976891 -0.457312 1.994037 0.294413 -2.983546 1.042336 1.255211 1.720778
F	-1.749359 -0.136915 0.000202 -3.804917 -1.410819 -2.638850 -2.033381 -2.188062 -4.087206
G	-5.139561 -1.861081 0.937659 -2.976068 -1.948297 -0.293348 -0.738303 -0.646726 -1.213537
H	-5.801141 -1.445527 -1.468883 -4.546529 -1.673536 -5.568515 -2.536657 -1.333385 -0.188312
I	-2.366706 0.448520 0.145372 1.496800 0.711928 -0.115748 -0.435035 -0.463434 -1.657636
K	3.234900 0.516354 -1.393448 -3.926321 0.900408 -4.546792 -1.295525 1.160843 -2.674566
L	-2.227341 1.266601 0.246817 0.801087 1.764125 -0.555536 1.375089 0.651999 -0.340419
M	-4.964405 -2.262351 -2.431956 -3.405412 -1.397760 -3.419557 -1.617092 -1.795789 -3.049671
N	-4.214631 -1.810379 -1.189555 -2.553428 -1.684494 -9.120753 -1.469809 -0.841492 1.369271
P	-4.591322 -2.480786 -0.621204 -0.071445 0.434344 1.997227 -0.543985 0.025647 -3.121502
Q	-3.059707 -0.016427 -0.295493 -1.835173 -0.257683 -4.988871 -0.484332 0.689380 -0.520405
R	3.171524 0.505255 -3.344066 -9.105611 -0.473014 -6.439225 -2.318527 0.856415 -2.825930
S	-7.165678 0.194226 0.874828 1.344192 -0.182531 0.769667 0.217521 0.497346 1.688440
T	-7.241186 0.482146 -0.300455 1.456733 0.363839 -0.341519 -0.350445 0.046815 -0.210830
V	-2.102081 0.928670 1.200228 1.040878 1.111552 1.358160 0.928746 0.042106 0.329381
W	-9.060202 -2.635134 -0.961564 -5.870734 -4.851626 -7.015118 -9.089177 -3.341066 -8.848701
Y	-2.109247 -0.070351 0.887165 -4.244773 -1.242451 -4.658399 -2.473346 -2.111003 -4.723159
