A	1.344388	-2.006519	0.646508	-0.214177	0.372796	0.332040	0.560913	0.179577	-0.307689	-6.115044
C	-4.945119	-4.307689	-3.257063	-3.867116	-3.257063	-3.027581	-6.115044	-3.027581	-4.945119	-6.115044
D	-2.232401	-1.905590	0.646508	1.553841	0.372796	-0.043581	-0.895875	-1.160847	-1.811263	-6.115044
E	0.612877	3.228697	-0.714164	1.313317	0.507008	-0.244679	-0.070650	-0.070650	0.372796	-6.115044
F	0.179577	1.170359	0.711505	-0.672100	-0.442618	-0.945119	-0.017012	-0.802161	-0.591482	0.742937
G	0.034703	-3.530081	-0.631228	0.507008	0.904547	0.372796	0.847852	-0.895875	0.009078	-4.945119
H	-0.848257	-3.867116	-0.945119	-0.478419	-0.340257	-0.552801	-0.275840	0.663033	-0.407685	-2.360156
I	-1.560455	-0.672100	0.904547	-1.220226	0.034703	0.629790	0.543168	-0.478419	-2.360156	-6.115044
K	0.985619	-6.115044	-1.048954	-0.126359	0.156419	-0.184306	-0.043581	0.679372	1.302809	-2.829641
L	-1.048954	0.352562	1.158752	-0.275840	0.132884	0.932080	0.932080	1.462385	1.147051	-3.867116
M	-1.485687	-1.639310	-0.155042	-2.115044	-2.500334	-0.802161	-1.220226	-0.945119	-0.945119	-4.945119
N	-0.098235	-2.500334	-0.184306	-0.184306	0.132884	-0.407685	-0.017012	-0.442618	-0.275840	-6.115044
P	-4.945119	-1.282154	-0.552801	0.818647	0.998699	0.451010	-0.043581	-2.006519	-2.829641	-6.115044
Q	0.392751	-2.115044	-0.591482	-0.043581	-0.017012	0.132884	-0.214177	0.711505	0.727307	-6.115044
R	0.560913	-3.867116	-1.560455	-0.895875	-0.155042	-0.184306	0.202369	0.818647	0.904547	-4.945119
S	1.292224	-1.346859	0.488583	0.773700	0.595763	0.507008	0.679372	0.156419	0.595763	-6.115044
T	0.156419	-0.478419	-0.848257	0.059882	0.108958	0.758400	0.009078	0.372796	0.679372	-6.115044
V	-0.442618	0.525201	0.488583	-0.515131	0.009078	0.788838	0.084629	0.488583	-0.478419	-4.945119
W	-2.232401	-3.257063	-2.829641	-3.027581	-3.027581	-3.530081	-2.232401	-2.655612	-4.307689	-6.115044
Y	0.629790	0.904547	0.847852	-0.407685	-1.414604	-1.414604	-0.340257	-0.515131	0.469919	4.140280
