A	1.415037	-1.029747	0.334306	-0.480854	-0.155278	0.528248	0.528248	0.226592	-0.480854	-0.784635	-4.784635
C	-4.784635	-4.784635	-2.536707	-4.784635	-3.614710	-2.977280	-2.977280	-2.977280	-2.536707	-4.784635	-4.784635
D	-3.614710	-2.199672	0.482152	1.781419	0.616245	0.922724	0.110183	-0.784635	-1.029747	-2.536707	-4.784635
E	-0.392317	2.936464	-0.676110	1.175367	0.851990	0.572917	0.815278	0.169561	-0.901992	0.226592	-4.784635
F	-0.084195	0.528248	1.085730	-0.901992	-1.697172	-1.697172	-1.697172	-0.676110	0.434534	-0.784635	-1.029747
G	0.226592	-3.614710	-0.575181	0.777608	0.815278	1.116232	1.390291	0.815278	-0.784635	0.385290	-4.784635
H	-0.784635	-4.784635	-0.901992	-1.169925	-0.308901	-1.029747	0.169561	-0.575181	0.738927	-0.308901	-2.536707
I	-0.575181	-0.676110	0.922724	-0.308901	-0.392317	-0.480854	-0.230046	1.204050	-0.784635	-3.614710	-4.784635
K	0.815278	-2.977280	-0.575181	-1.029747	0.169561	0.385290	-0.230046	0.226592	0.482152	1.555215	-3.614710
L	-0.230046	1.116232	1.800328	0.048255	0.482152	-0.230046	0.851990	1.022720	1.723160	1.365112	-4.784635
M	-1.169925	-1.029747	0.048255	-1.926654	-2.977280	-1.926654	-1.926654	-1.169925	-1.029747	-1.169925	-4.784635
N	-1.029747	-2.536707	-0.784635	-0.901992	0.169561	-0.155278	0.048255	-0.016451	-0.901992	-0.901992	-4.784635
P	-2.977280	-1.325203	-1.697172	1.116232	1.054569	0.851990	-0.575181	-0.784635	-1.499233	-3.614710	-4.784635
Q	0.048255	-1.499233	-1.029747	-0.230046	0.482152	-0.901992	-0.084195	-0.016451	0.616245	0.699181	-4.784635
R	1.146102	-4.784635	-1.926654	-0.784635	-0.901992	-0.480854	-1.169925	0.110183	0.528248	1.054569	-4.784635
S	1.415037	-1.697172	-0.230046	1.022720	0.658309	1.175367	0.922724	0.699181	-0.155278	0.385290	-4.784635
T	-0.392317	0.169561	-1.499233	-0.016451	-0.016451	0.434534	0.334306	0.334306	0.434534	0.334306	-4.784635
V	0.334306	1.022720	-0.784635	-1.029747	-0.308901	0.048255	-0.084195	0.226592	-0.016451	-0.155278	-4.784635
W	-4.784635	-2.977280	-1.029747	-2.977280	-1.926654	-3.614710	-2.536707	-3.614710	-3.614710	-3.614710	-4.784635
Y	0.528248	1.054569	1.146102	-1.029747	-0.676110	-1.926654	-1.325203	-2.199672	0.616245	0.528248	4.223093
