A	1.275634	-1.025535	0.626542	-0.247928	0.452512	-0.247928	-1.025535	-0.247928	0.626542	0.452512	-1.025535	-2.832890
C	-2.832890	-2.832890	-2.832890	-2.832890	-2.832890	-2.832890	-2.832890	-2.832890	-1.662965	-2.832890	-1.662965	-2.832890
D	-2.832890	-2.832890	-1.025535	2.524662	-0.584963	1.376563	1.167110	-1.662965	-0.247928	-1.025535	-1.662965	-2.832890
E	-2.832890	2.337035	-1.025535	0.254573	-0.584963	0.781820	0.626542	1.167110	0.254573	0.254573	0.025091	-2.832890
F	0.025091	1.470891	1.275634	-0.247928	-1.025535	-1.025535	-1.662965	-2.832890	-2.832890	0.452512	-0.584963	-1.662965
G	-0.247928	-1.025535	-0.584963	1.167110	0.781820	0.025091	0.921997	1.867550	0.781820	-0.584963	0.781820	-2.832890
H	-0.247928	-2.832890	-1.662965	-0.584963	-1.662965	-1.025535	-0.247928	-0.584963	-1.025535	0.254573	0.452512	-2.832890
I	-1.662965	-0.247928	1.642843	-0.584963	0.254573	-0.247928	0.025091	0.452512	0.025091	-0.247928	-2.832890	-2.832890
K	0.452512	-2.832890	-0.584963	-1.662965	-1.025535	0.626542	0.254573	-1.025535	1.049753	-1.025535	0.626542	-2.832890
L	-0.584963	0.452512	0.781820	-1.025535	0.781820	0.626542	0.921997	0.626542	-0.584963	1.470891	1.721699	-2.832890
M	-0.584963	-0.247928	-0.247928	-1.025535	-1.025535	-2.832890	-1.662965	-1.025535	-1.662965	-0.584963	-1.662965	-2.832890
N	-1.662965	-2.832890	-1.025535	-0.584963	-0.584963	0.254573	-0.247928	-0.247928	0.921997	-1.662965	-1.662965	-2.832890
P	-2.832890	-0.247928	-0.584963	0.025091	1.867550	-0.584963	-0.247928	-0.584963	0.254573	-1.662965	-1.662965	-2.832890
Q	0.025091	-2.832890	0.025091	0.025091	-0.247928	-1.662965	-0.584963	-0.584963	0.025091	0.626542	-0.584963	-2.832890
R	1.049753	-2.832890	-1.662965	-1.025535	-1.662965	-0.247928	-1.025535	-0.247928	0.254573	-0.584963	1.049753	-2.832890
S	1.796467	-1.662965	-1.025535	0.626542	1.275634	0.626542	1.275634	1.376563	0.781820	-1.025535	0.781820	-2.832890
T	0.452512	0.254573	-1.025535	-1.025535	-1.025535	0.781820	0.025091	0.254573	0.452512	1.049753	0.254573	-2.832890
V	-0.247928	1.376563	0.025091	-1.662965	0.452512	0.025091	0.254573	-0.247928	-0.247928	-0.584963	-1.025535	-2.832890
W	-2.832890	-2.832890	-1.025535	-2.832890	-1.662965	-1.662965	-2.832890	-2.832890	-2.832890	-0.584963	-1.662965	-2.832890
Y	1.049753	1.049753	1.376563	-0.584963	-0.584963	0.025091	-1.025535	-1.662965	-1.662965	1.049753	0.781820	4.100801
