A	0.963474	-1.152003	-0.074001	-0.074001	0.765535	-0.514573	-0.514573	1.981853	-0.074001	0.963474	-0.514573	0.263034	-2.321928
C	-2.321928	-2.321928	-2.321928	-2.321928	-2.321928	-2.321928	-2.321928	-2.321928	-2.321928	-2.321928	-2.321928	-2.321928	-2.321928
D	-2.321928	-1.152003	-0.074001	1.786596	-0.514573	0.536053	0.765535	-0.514573	-0.074001	-0.074001	-0.514573	-2.321928	-2.321928
E	-1.152003	-1.152003	-2.321928	1.292782	1.432959	1.292782	0.765535	-0.074001	1.137504	-1.152003	-2.321928	0.263034	-2.321928
F	0.765535	1.887525	1.137504	-2.321928	-0.514573	-2.321928	-0.514573	-2.321928	-2.321928	-2.321928	-0.514573	-1.152003	-1.152003
G	0.536053	-1.152003	-1.152003	0.963474	0.765535	0.765535	0.263034	0.765535	0.536053	1.137504	0.263034	-0.074001	-2.321928
H	-0.514573	-2.321928	-1.152003	-2.321928	-0.514573	-2.321928	-2.321928	-1.152003	-0.074001	-1.152003	-0.514573	0.536053	-2.321928
I	-1.152003	0.263034	1.887525	-2.321928	-0.074001	-1.152003	0.963474	-0.074001	-0.074001	-0.514573	-1.152003	-1.152003	-2.321928
K	-0.514573	-2.321928	-2.321928	-1.152003	-2.321928	-0.074001	-0.074001	-2.321928	1.560715	0.765535	-0.514573	0.263034	-2.321928
L	-1.152003	1.137504	1.560715	-0.514573	-0.074001	-2.321928	0.963474	-0.514573	-0.074001	0.765535	2.232661	1.981853	-2.321928
M	-2.321928	0.765535	1.137504	-2.321928	-2.321928	-0.514573	-2.321928	-2.321928	-1.152003	-0.514573	-0.074001	-1.152003	-2.321928
N	-0.514573	-1.152003	-1.152003	1.137504	-0.514573	0.963474	-0.514573	-0.074001	-0.074001	-0.074001	-2.321928	-1.152003	-2.321928
P	-2.321928	-2.321928	-0.074001	1.137504	1.137504	0.536053	-0.074001	-0.514573	-0.514573	-0.074001	-2.321928	-2.321928	-2.321928
Q	-0.514573	-1.152003	-0.074001	-0.074001	-0.074001	0.765535	-1.152003	-0.514573	0.765535	-2.321928	-0.514573	0.963474	-2.321928
R	1.678072	-2.321928	-2.321928	-1.152003	-1.152003	-1.152003	-0.514573	-1.152003	-2.321928	0.263034	-2.321928	0.263034	-2.321928
S	1.292782	-0.514573	-2.321928	1.137504	0.536053	0.536053	-1.152003	0.765535	0.263034	0.536053	-0.514573	-0.074001	-2.321928
T	-0.074001	0.765535	-1.152003	-1.152003	0.536053	0.765535	1.137504	0.963474	-0.514573	0.263034	2.153805	0.963474	-2.321928
V	0.765535	0.963474	-0.074001	-2.321928	-0.074001	0.536053	1.137504	1.432959	-0.074001	0.536053	-2.321928	-0.514573	-2.321928
W	-1.152003	-0.514573	-1.152003	-2.321928	-1.152003	-2.321928	-1.152003	-2.321928	-2.321928	-2.321928	-1.152003	-2.321928	-2.321928
Y	0.263034	1.292782	-0.074001	-2.321928	-0.514573	-1.152003	-1.152003	-1.152003	0.263034	0.263034	0.765535	-0.514573	3.995485
