A	0.116514	0.116514	-0.934112	-0.493539	0.717965	-0.493539	-0.156504	-2.741467
C	-2.741467	-2.741467	-2.741467	-2.741467	-2.741467	-2.741467	-2.741467	-2.741467
D	-2.741467	-0.493539	1.958973	-0.493539	-0.934112	-1.571542	-2.741467	-2.741467
E	-1.571542	-0.493539	0.873243	0.116514	-1.571542	-0.156504	1.141176	-2.741467
F	1.013421	1.650850	-0.934112	-0.156504	0.345996	0.116514	-0.493539	0.543935
G	-0.493539	-1.571542	0.116514	-0.934112	1.367057	-0.493539	0.873243	-2.741467
H	-0.934112	-2.741467	0.116514	0.116514	-0.156504	1.467986	0.543935	-2.741467
I	1.141176	0.116514	0.543935	0.345996	0.116514	-0.934112	-1.571542	-2.741467
K	-1.571542	-2.741467	0.116514	0.717965	0.345996	-1.571542	1.141176	-2.741467
L	0.717965	1.141176	-1.571542	-0.156504	-0.934112	1.887890	1.367057	-2.741467
M	0.345996	0.345996	-0.156504	-0.493539	-1.571542	-0.493539	-0.934112	-1.571542
N	-0.934112	-0.934112	0.873243	-0.493539	-0.156504	-0.934112	-0.934112	-2.741467
P	-1.571542	-1.571542	0.543935	1.467986	0.543935	-0.934112	-2.741467	-2.741467
Q	-2.741467	-0.156504	-2.741467	0.345996	-1.571542	1.013421	1.013421	-2.741467
R	-1.571542	-2.741467	-1.571542	-0.934112	0.116514	-1.571542	0.116514	-2.741467
S	0.543935	0.543935	-0.493539	0.543935	0.717965	0.116514	-0.156504	-2.741467
T	-0.934112	0.116514	-0.493539	0.116514	-0.156504	-0.934112	-0.156504	-2.741467
V	1.367057	0.116514	-0.156504	1.013421	1.141176	-0.156504	-0.934112	-2.741467
W	-0.493539	-0.156504	-0.934112	-1.571542	-1.571542	-0.934112	-2.741467	-2.741467
Y	1.562314	1.367057	-0.934112	-2.741467	-0.934112	0.717965	-0.493539	3.969339
