A	1.132603	-0.348597	0.931028	0.093271	-0.039528	0.567782	0.075031	0.146644	-8.128317
C	-6.958392	-6.320962	-3.735999	-6.320962	-4.842914	-4.245674	-4.513607	-4.842914	-8.128317
D	-2.227450	-3.427877	1.158819	1.469270	-0.668885	-1.723175	-1.810904	-1.434830	-8.128317
E	-0.268782	2.122574	-0.889912	1.445804	-0.398696	-0.950897	-0.268782	0.728109	-8.128317
F	-0.178490	0.868863	0.576452	-1.400396	-0.468321	0.387383	0.491903	-0.316139	1.835302
G	-0.059538	-2.861530	-0.618542	0.758904	0.411811	0.081137	-1.702052	-0.207964	-8.128317
H	-0.486265	-5.270336	-0.721049	-0.866222	0.105303	-0.193152	0.269358	0.081137	0.800202
I	-0.253335	0.306312	0.192484	-1.151037	0.639868	0.572123	0.225933	-1.723175	-3.824536
K	1.102905	-6.320962	-0.988765	0.105303	0.720306	-0.066270	-0.468321	1.141395	-1.239573
L	-0.495321	1.501495	0.987377	-0.459432	0.851109	0.728109	2.418578	1.184566	-0.230471
M	-1.239573	-0.560361	-0.608680	-2.644501	-1.179949	-1.620522	-1.239573	-1.581422	-1.702052
N	-0.441816	-2.420957	0.514638	0.056559	-0.390224	-0.648536	-1.040854	-0.468321	-8.128317
P	-4.668885	-1.194626	-0.797400	1.237459	-0.107337	0.664474	-0.819978	-3.824536	-8.128317
Q	-0.215427	-1.151037	-0.753277	-0.079830	-0.026341	0.435833	0.075031	0.367538	-8.128317
R	1.120797	-5.543354	-1.744612	-1.001612	0.377495	-0.135378	-0.013273	0.796496	-1.833696
S	1.319800	-0.938492	0.708523	0.818590	0.099299	0.316698	-0.245674	0.747433	-8.128317
T	0.295850	0.537019	-0.459432	-0.348597	0.357513	0.619037	-0.390224	0.567782	-8.128317
V	0.253226	1.253767	-0.356827	-0.819978	0.984123	1.057178	0.342342	-0.121289	-3.498960
W	-3.117089	-2.566074	-1.434830	-3.824536	-2.770765	-4.373429	-2.353530	-4.842914	-3.427877
Y	0.306312	1.253767	0.851109	-1.452360	-0.797400	-0.775170	0.056559	0.075031	3.648322
