A	-0.475138 1.322494 2.657480 2.598737 1.715366 2.608918 0.079975 1.691507 2.056244
C	-4.842201 -4.828625 -4.837491 -4.842184 -4.842201 -4.842143 -4.842201 -4.842201 -4.842201
D	-0.427747 0.009935 -4.835545 -4.735428 0.015024 1.531050 0.039144 -4.840885 -4.523783
E	-4.754095 0.168514 -1.400278 -4.836856 -4.840522 1.030308 -4.841200 1.324511 -4.703486
F	2.209896 -1.309002 -1.362670 1.498333 -4.823755 -4.832180 1.124103 -1.400286 0.150591
G	1.060711 -1.225977 -1.338922 -4.822064 -1.409646 -1.369878 -4.840067 0.462769 0.108732
H	-4.744402 -0.451930 -0.423638 -4.832459 -4.841605 -4.842184 0.925536 -0.450029 -4.841382
I	0.836184 -4.839001 0.107712 -1.383959 -0.347777 -1.329341 -4.699013 -4.806034 1.127792
K	-4.836493 1.071227 -0.411345 -4.841646 0.511723 -4.841812 0.524048 0.534141 0.542193
L	-1.320414 -4.800266 1.633840 0.087528 -0.500402 -4.579504 1.294865 0.546095 1.100036
M	-4.842201 -4.842201 -4.842201 -4.840621 -1.399175 -4.807665 -1.383025 -4.841696 -4.842201
N	-0.502113 0.553494 -4.828904 -4.842159 1.093993 0.761798 -0.378678 -0.648498 -1.434340
P	-4.841481 -4.836592 0.577915 -4.842019 1.078009 -4.778840 -4.835199 2.322909 0.087104
Q	-4.374338 0.528099 -1.380379 0.527999 -0.444914 -0.462738 -1.368514 -4.840456 -4.811760
R	-4.834384 0.793292 0.107147 -4.824785 -4.831769 -4.834565 1.449788 -0.400511 0.794580
S	0.095965 0.853400 -4.714656 0.121970 -0.403481 2.304482 -1.379620 -0.421338 0.160316
T	-4.764017 1.322182 -1.377504 -4.776458 1.475458 -1.254985 0.103284 -4.807981 -1.197534
V	-4.753067 1.085438 0.869835 1.659249 1.153066 -4.519019 0.563558 0.129879 1.314986
W	-0.454439 -4.842011 -4.842201 -1.382912 -4.842201 -4.841795 -4.842193 -4.800459 -4.842151
Y	2.757723 -1.244070 0.555887 1.682726 0.112102 -4.838778 1.335655 -1.389950 -1.313484
