A	-0.273018	0.756729	1.024662	-1.688056	-1.050626	0.601451	-1.050626	-0.610053	0.427421	-2.857981
C	-2.857981	-2.857981	-2.857981	-2.857981	-2.857981	-2.857981	-2.857981	-2.857981	-2.857981	-2.857981
D	-2.857981	-2.857981	-0.610053	1.910203	1.250543	-1.050626	-0.610053	-2.857981	-2.857981	-2.857981
E	1.142019	-1.050626	-1.688056	1.024662	0.601451	-1.050626	-0.273018	-0.273018	1.142019	-2.857981
F	1.534336	0.229482	1.910203	-1.050626	-1.050626	-1.050626	0.427421	-1.688056	-2.857981	2.849378
G	-1.050626	-1.688056	-2.857981	-0.610053	1.142019	1.617752	1.142019	0.229482	-0.610053	-2.857981
H	0.229482	-2.857981	-0.273018	-1.688056	-0.273018	0.756729	-1.050626	-0.000000	-0.273018	-1.688056
I	0.229482	-2.857981	1.250543	-1.688056	-0.273018	0.601451	0.896907	0.601451	-2.857981	-2.857981
K	-0.273018	-2.857981	-1.688056	0.756729	-0.610053	0.427421	0.896907	-0.273018	0.601451	-2.857981
L	-0.610053	-1.050626	-0.610053	-1.688056	-0.610053	-0.000000	1.142019	1.351472	-0.273018	1.024662
M	-0.610053	-1.688056	-0.273018	-2.857981	-2.857981	-1.688056	-2.857981	-1.688056	-1.688056	-0.610053
N	-2.857981	-1.050626	-1.050626	-0.610053	-0.610053	-0.273018	-1.050626	-0.610053	-1.688056	-2.857981
P	-2.857981	2.036837	-0.000000	1.534336	1.771376	1.250543	0.601451	-1.050626	-1.688056	-2.857981
Q	-1.050626	-0.610053	-1.050626	-0.273018	-0.610053	-0.273018	-1.688056	0.896907	0.427421	-2.857981
R	-0.000000	-2.857981	-0.273018	-0.610053	-1.050626	-1.688056	-0.610053	-0.610053	-0.273018	-2.857981
S	0.601451	0.756729	-0.273018	1.024662	1.142019	-0.273018	0.427421	1.024662	1.696608	-2.857981
T	0.229482	0.601451	-0.610053	0.229482	-0.610053	0.601451	0.229482	1.250543	2.036837	-2.857981
V	-0.273018	1.974909	1.142019	-1.688056	-0.000000	-0.000000	0.427421	0.896907	-0.000000	-0.610053
W	-2.857981	-2.857981	-2.857981	-2.857981	-2.857981	-2.857981	-2.857981	-2.857981	-2.857981	-2.857981
Y	1.771376	1.142019	0.427421	0.229482	-1.050626	-2.857981	-0.273018	-1.050626	-1.050626	2.849378
