A	0.215729	2.660514	0.853159	-0.954196	1.293731	0.853159	0.853159	-0.954196	0.853159	0.215729	-0.954196
C	-0.954196	-0.954196	-0.954196	-0.954196	-0.954196	-0.954196	-0.954196	-0.954196	-0.954196	-0.954196	-0.954196
D	-0.954196	-0.954196	0.853159	2.331206	0.215729	1.630766	-0.954196	-0.954196	-0.954196	-0.954196	-0.954196
E	-0.954196	-0.954196	-0.954196	0.853159	-0.954196	0.853159	-0.954196	0.215729	-0.954196	0.215729	-0.954196
F	2.133267	0.215729	-0.954196	-0.954196	-0.954196	-0.954196	-0.954196	0.215729	-0.954196	-0.954196	1.903785
G	-0.954196	-0.954196	0.853159	-0.954196	-0.954196	-0.954196	-0.954196	1.293731	0.853159	0.215729	-0.954196
H	0.853159	-0.954196	-0.954196	-0.954196	-0.954196	0.215729	-0.954196	-0.954196	-0.954196	-0.954196	-0.954196
I	-0.954196	1.293731	0.215729	-0.954196	-0.954196	0.853159	-0.954196	0.853159	-0.954196	-0.954196	-0.954196
K	0.215729	-0.954196	-0.954196	-0.954196	-0.954196	0.215729	0.215729	0.215729	0.215729	0.215729	-0.954196
L	0.215729	0.215729	-0.954196	-0.954196	-0.954196	-0.954196	1.293731	0.215729	0.215729	0.215729	0.215729
M	-0.954196	-0.954196	0.853159	-0.954196	-0.954196	-0.954196	-0.954196	-0.954196	-0.954196	-0.954196	0.215729
N	-0.954196	-0.954196	-0.954196	0.215729	-0.954196	-0.954196	-0.954196	-0.954196	0.215729	-0.954196	-0.954196
P	-0.954196	0.215729	-0.954196	0.853159	2.133267	-0.954196	0.215729	0.215729	0.215729	-0.954196	-0.954196
Q	-0.954196	-0.954196	-0.954196	-0.954196	-0.954196	-0.954196	-0.954196	-0.954196	1.630766	0.215729	-0.954196
R	0.215729	-0.954196	0.853159	-0.954196	-0.954196	0.215729	0.215729	0.215729	-0.954196	-0.954196	-0.954196
S	0.215729	-0.954196	-0.954196	0.215729	0.215729	0.853159	1.630766	0.215729	0.215729	1.293731	-0.954196
T	-0.954196	-0.954196	-0.954196	0.853159	0.215729	-0.954196	0.215729	0.853159	0.215729	0.853159	-0.954196
V	0.215729	-0.954196	1.293731	-0.954196	1.293731	-0.954196	0.215729	0.215729	0.215729	0.853159	0.215729
W	-0.954196	-0.954196	-0.954196	-0.954196	-0.954196	-0.954196	-0.954196	-0.954196	-0.954196	-0.954196	-0.954196
Y	0.215729	-0.954196	0.215729	-0.954196	-0.954196	-0.954196	0.215729	-0.954196	-0.954196	0.853159	2.331206
