A	0.105709	2.103966	1.158737	-0.204073	0.105709	0.285667	0.300966	0.662521	-4.780423
C	-6.587778	-6.587778	-6.587778	-6.587778	-5.417853	-4.780423	-4.339850	-3.302375	-6.587778
D	-0.717413	-5.417853	1.460709	2.059681	-0.161513	-0.686911	-1.633581	-2.705134	-6.587778
E	0.577129	-1.521688	-1.958421	1.836389	0.206638	-0.002815	-0.079983	1.325112	-6.587778
F	0.840583	0.499685	0.331086	-2.973068	-0.489745	0.254573	-0.846311	-0.880418	2.670200
G	-2.112044	-2.195460	-1.887338	0.697625	0.238771	-0.717413	-1.819593	-0.846311	-6.587778
H	0.589642	-4.339850	-0.570969	-1.754888	0.173774	-0.657040	0.921997	-0.079983	-2.587778
I	0.499685	-0.599093	1.294866	-2.378324	0.871654	1.317609	0.331086	-1.819593	-1.576550
K	0.662521	-6.587778	-1.064216	-0.717413	0.512885	-0.780423	-0.951153	0.709139	-1.958421
L	-0.225834	1.116126	0.015849	-0.846311	0.614346	0.743139	1.271757	0.254573	2.655396
M	-1.274895	-0.987865	-0.951153	-3.128346	-2.832890	-1.819593	-1.576550	-2.195460	0.525965
N	-0.247928	-4.002815	0.360590	-0.657040	-0.363776	-1.103962	-0.489745	-0.570969	-6.587778
P	-6.587778	1.559427	-0.247928	1.831129	-0.099937	0.564507	0.472918	-5.417853	-6.587778
Q	-1.230226	-1.576550	-1.144834	-0.516315	-0.748574	-0.489745	0.345913	0.602047	-6.587778
R	0.222794	-2.973068	-3.500315	-1.468836	-0.438030	-0.987865	-0.780423	-0.270365	-3.302375
S	0.902070	-1.230226	0.731895	0.538927	0.034274	0.486364	0.360590	1.150315	-6.587778
T	0.881864	-0.516315	0.123029	-0.748574	0.190300	0.720562	0.638635	1.390933	-6.587778
V	0.602047	1.340000	0.743139	-1.320991	1.657775	1.520747	1.369325	0.626542	-0.270365
W	-5.417853	-6.587778	-5.417853	-5.417853	-5.417853	-6.587778	-4.780423	-6.587778	-6.587778
Y	0.403744	1.657775	-0.040883	-2.832890	-0.951153	-0.812990	-0.363776	-0.247928	2.023247
