A	-3.608014 1.124553 1.639019 0.060429 0.705283 1.632966 1.025312 0.986197 -0.103686
C	-7.823841 -4.366949 -3.841010 -3.631674 -7.823959 -4.925865 -3.372338 -3.419282 -3.950255
D	-2.982663 -1.029517 -1.594182 3.723703 0.210681 -0.669749 0.496475 0.005345 -0.114413
E	-4.092257 -0.228040 -0.490999 -0.121345 1.209428 1.348788 1.916515 0.609936 0.252483
F	1.659742 -1.202784 -0.381821 -3.640445 -2.024467 -0.211765 -0.928512 -0.920079 1.187109
G	-4.705232 -0.575607 0.730345 -0.853006 0.022861 -1.254702 0.660363 -0.436889 -1.119523
H	-2.968673 0.068074 -2.320068 -7.557980 -2.699924 -1.944260 -1.361824 -0.308988 -3.504252
I	2.561385 1.062633 0.756791 -0.860599 -0.976464 -0.670351 -0.383654 -1.687604 1.133748
K	-7.453547 -0.005096 -0.649204 -7.721177 0.792271 0.159921 -2.012950 0.539289 -1.323494
L	1.017081 0.640223 0.316994 -0.148551 -1.570096 -1.663346 1.115726 0.811180 1.160197
M	-2.478295 -4.324545 -0.812587 -5.546313 -2.905017 -3.557701 -2.811495 -3.356325 -0.141077
N	-6.938559 0.244658 -1.072234 -0.309831 -0.207101 -0.312036 -0.250086 -1.298041 -2.482592
P	-0.244671 -5.924219 0.272205 -7.763110 1.425588 0.842803 -0.212079 1.551856 -3.515345
Q	-5.215767 -0.220967 -1.700179 -5.613676 0.479566 -0.642824 -0.191053 0.133082 -0.755356
R	-7.735938 1.026460 -0.443348 -7.668763 0.546794 -1.571193 -2.116811 0.773556 0.733644
S	-6.258825 -0.510375 0.919875 -1.117136 -0.049194 0.645156 -0.071412 0.179565 -1.277499
T	-2.606486 0.339653 0.638876 -1.410559 0.432156 1.299807 -0.460481 -0.030734 -1.572591
V	1.412912 1.279697 1.126933 -0.169767 0.718973 1.255634 0.862741 -0.040304 1.585501
W	-0.519458 -1.859321 -7.738961 -4.070205 -4.519098 -7.249487 -4.318666 -7.825078 -3.795439
Y	1.952207 -0.299013 -0.644686 -7.537245 -1.488342 -7.590222 -0.983527 -1.082475 0.989345
