A	-3.088882 1.092965 1.624297 0.862297 0.966881 3.119801 2.694911 1.056251 1.630061
C	-9.334488 -5.878157 -2.622513 -3.328847 -5.795627 -1.731666 -2.111302 -4.199295 -3.968623
D	-9.030907 -1.077504 -1.104598 0.255208 -1.362648 -7.618277 -2.503159 -0.646803 0.555857
E	-8.713151 1.157548 -0.836105 2.510015 0.495984 -2.541228 0.895794 0.854581 0.348670
F	0.498188 -0.187760 0.394984 -2.518147 -1.489305 -0.989363 -1.860641 -2.256949 -4.941199
G	-8.260346 -1.050706 0.951971 -1.980728 -1.513897 -0.384659 -0.549599 -0.459774 -0.711672
H	-2.137191 -1.438737 -1.440263 -2.324319 -1.931514 -5.701393 -2.484151 -0.484643 0.126989
I	-0.866942 0.226383 -0.515596 -0.083184 0.146859 -0.292200 -0.568965 -0.582162 -1.045324
K	-0.144613 -0.017768 -1.703971 -2.012030 0.677204 -5.615414 -2.401710 0.750238 -4.640736
L	-0.732773 1.058510 0.270797 -0.102208 1.794653 -0.456595 1.460994 0.667959 -0.387389
M	-3.231587 -1.771274 -1.426912 -2.620425 -0.753886 -3.287262 -1.182295 -1.677361 -3.731195
N	-4.845333 -2.416853 -1.672782 -1.256149 -1.252590 -3.701695 -0.547793 -0.663031 1.863701
P	-8.371580 -3.081084 -0.729655 -2.191393 0.681224 1.909212 -0.471733 0.256129 -1.521540
Q	-2.618198 -0.396426 -0.458220 -0.396001 -0.162725 -3.189322 -0.565904 0.482468 -0.535641
R	3.828223 0.627342 -2.457232 -3.931714 0.061267 -9.239931 -1.588001 1.083887 -3.238645
S	-5.099707 0.240082 1.213590 1.361544 -0.072104 0.717989 0.203615 0.534924 1.885403
T	-7.478380 0.339010 -0.060825 1.563851 0.337307 -0.863168 -0.903096 0.131047 0.007592
V	-1.862360 1.275710 0.370803 0.322856 0.869601 0.710853 0.795782 0.291486 0.525325
W	-4.164527 -1.241584 -0.041518 -8.872170 -4.368372 -7.083650 -5.149953 -3.944251 -7.320276
Y	0.380995 -0.025720 1.109347 -4.755894 -1.180888 -3.485034 -2.334160 -1.551716 -3.857536
