A	2.084723	-2.451696	0.505235	0.060754	0.660514	0.391579	0.168200	0.300045	0.133267	-5.539159
C	-5.539159	-4.369234	-5.539159	-5.539159	-5.539159	-5.539159	-2.681178	-4.369234	-5.539159	-5.539159
D	-3.731804	0.708769	1.205675	1.868109	0.532304	-0.527932	-1.063425	-1.329705	-2.079727	-5.539159
E	-1.656516	3.977034	0.968636	1.722936	0.684843	-0.319990	-0.272372	0.532304	0.660514	-5.539159
F	-0.319990	-3.731804	0.865983	-1.063425	0.097466	0.268196	0.610588	-1.539159	-0.473070	1.791758
G	0.610588	-3.731804	-1.146841	0.420843	0.928447	0.778254	0.800691	-0.706269	-0.473070	-5.539159
H	-2.079727	-4.369234	-1.235378	-2.451696	-0.770974	-0.584963	-0.706269	-0.584963	-0.706269	-5.539159
I	0.361708	-3.291231	1.587546	-1.784271	-0.909802	-0.319990	0.202308	0.635767	-1.235378	2.601671
K	0.684843	-2.681178	-1.146841	-0.984570	0.420843	0.420843	0.300045	-0.226276	0.610588	-5.539159
L	-0.226276	-1.784271	0.844545	0.361708	0.202308	0.907924	1.303192	1.007736	0.660514	2.240561
M	-1.539159	-5.539159	-0.770974	-2.681178	-5.539159	-2.079727	-0.909802	-1.924449	-2.451696	-1.235378
N	-1.784271	-3.291231	-0.473070	-0.420218	0.097466	0.133267	-0.226276	0.449526	-0.226276	-5.539159
P	-5.539159	-2.253757	-0.909802	1.205675	1.171648	0.684843	0.133267	-0.420218	-2.681178	-4.369234
Q	-0.319990	-0.909802	-0.984570	0.477649	-0.096215	0.168200	0.133267	0.907924	0.391579	-5.539159
R	1.205675	-3.731804	-2.681178	-1.146841	-0.272372	0.584963	-0.527932	-0.770974	0.202308	-5.539159
S	0.907924	-2.451696	-0.984570	0.635767	0.660514	0.755462	0.023084	0.778254	1.119053	-4.369234
T	0.060754	-2.451696	-1.784271	-1.146841	-0.272372	0.060754	0.168200	0.755462	1.791758	-5.539159
V	0.361708	-2.451696	0.235628	-0.909802	-0.096215	-0.226276	0.755462	1.136798	0.361708	2.038270
W	-3.731804	-4.369234	-2.681178	-4.369234	-3.731804	-3.291231	-2.681178	-4.369234	-4.369234	-2.253757
Y	-0.015597	-3.291231	0.778254	-1.924449	-2.079727	-1.656516	-1.235378	-1.539159	-0.226276	-0.584963
