A	1.886044	-1.640816	0.944147	-0.429312	0.879441	-0.429312	0.586990	0.503574	-0.006100	-0.429312	-3.888743
C	-3.888743	-3.888743	-3.888743	-3.888743	-3.888743	-3.888743	-3.888743	-3.888743	-3.888743	-3.888743	-3.888743
D	-2.718818	0.944147	1.378043	1.673499	1.065453	1.177346	-0.429312	-0.801280	-0.006100	-1.303781	-3.888743
E	-2.081388	3.771253	-0.274033	2.012124	0.111257	0.944147	0.320710	-0.603341	-0.429312	0.415037	-3.888743
F	0.415037	-2.718818	0.879441	-1.030762	-0.801280	-1.030762	-1.030762	-0.603341	-0.801280	-1.640816	2.128065
G	0.944147	-1.303781	-1.640816	0.320710	0.415037	0.944147	1.378043	1.230198	-0.429312	-0.801280	-3.888743
H	-1.303781	-2.718818	-2.081388	-2.718818	-0.274033	-2.081388	-1.303781	-1.030762	0.415037	-0.801280	-3.888743
I	-0.274033	-2.081388	1.330425	-0.603341	-0.603341	-0.006100	-0.133856	-0.006100	0.415037	-0.603341	1.950461
K	0.503574	-2.718818	-0.603341	-0.603341	0.219781	-0.133856	0.320710	0.320710	-1.030762	1.177346	-3.888743
L	-0.133856	-1.303781	1.006075	0.320710	0.320710	0.665846	0.320710	0.740613	0.944147	0.219781	2.889334
M	-0.801280	-1.303781	-1.030762	-2.718818	-2.718818	-3.888743	-2.081388	-1.640816	-2.081388	-1.640816	-1.640816
N	-2.718818	-3.888743	-1.030762	-0.429312	-0.133856	-0.133856	-0.133856	0.219781	-0.274033	-0.133856	-3.888743
P	-3.888743	-1.640816	-0.801280	1.378043	1.281182	0.811696	0.740613	0.944147	-0.603341	-2.081388	-3.888743
Q	-0.603341	-0.603341	-0.801280	-0.006100	-0.429312	0.415037	-0.133856	0.415037	1.006075	0.415037	-3.888743
R	0.879441	-3.888743	-1.303781	-2.718818	-0.429312	-1.640816	0.111257	-1.030762	-0.006100	0.665846	-3.888743
S	1.122484	-2.081388	-0.603341	0.503574	0.944147	1.122484	0.811696	1.006075	0.320710	0.879441	-3.888743
T	0.111257	-2.718818	-1.640816	-0.603341	-0.274033	0.111257	-0.133856	0.111257	0.944147	1.512136	-3.888743
V	0.740613	-2.081388	0.503574	-0.801280	-0.603341	0.111257	0.503574	0.320710	1.230198	1.281182	1.512136
W	-3.888743	-3.888743	-2.081388	-3.888743	-1.640816	-3.888743	-2.718818	-3.888743	-3.888743	-3.888743	-3.888743
Y	-0.429312	-1.640816	0.879441	-2.718818	-1.303781	-3.888743	-1.030762	-2.081388	-1.030762	-1.640816	-2.081388
