A	1.432676	-7.017504	0.569335	0.015919	0.712116	0.279412	1.097539	-4.769577
C	-4.432542	-7.017504	-4.769577	-5.210149	-4.769577	-5.210149	-5.847579	-5.210149
D	-3.930042	3.090367	-0.113623	-1.380880	-3.262617	-1.847579	-1.533689	-7.017504
E	-2.625187	3.432160	-1.178301	0.642491	-2.908980	0.134780	0.826417	-7.017504
F	-0.223089	-7.017504	0.668996	-0.893383	0.379100	-0.700092	-1.951415	2.616853
G	-0.413878	-7.017504	-1.178301	-1.345079	-1.533689	-1.704621	0.232794	-7.017504
H	0.002086	-7.017504	-0.069137	-1.847579	0.606377	0.895385	-0.159523	-7.017504
I	0.069958	-5.847579	0.624547	1.167371	0.482341	-0.054608	-1.704621	1.811425
K	1.030982	-7.017504	-0.206933	0.482341	0.712116	0.597205	1.263266	-7.017504
L	0.421287	-5.847579	0.559924	1.997214	0.029620	-0.255953	0.880341	2.345535
M	-1.057502	-5.847579	-0.919472	-1.704621	-2.625187	-1.898563	-1.898563	-0.470610
N	-2.713724	-4.159523	0.122047	-1.798336	-2.063308	0.279412	-0.083814	-7.017504
P	-5.847579	-7.017504	-1.951415	0.651381	-1.455262	-0.451450	-0.919472	-7.017504
Q	-1.028820	-1.210149	-0.451450	-0.069137	-1.417592	0.753985	0.368358	-7.017504
R	1.634444	-7.017504	-1.798336	-0.069137	-1.847579	0.818546	0.290835	-7.017504
S	1.017295	-7.017504	1.811425	-0.655561	0.961206	0.660215	0.975434	-7.017504
T	0.096238	-7.017504	0.109200	-0.306698	1.453154	0.720588	0.290835	-7.017504
V	0.368358	-5.847579	0.431644	1.024155	2.158669	0.695023	-0.098641	2.081843
W	-3.134861	-7.017504	-2.006277	-4.769577	-2.249320	-2.249320	-5.210149	-4.432542
Y	0.313412	-4.432542	0.220900	-0.769577	-3.558073	-0.817832	-1.178301	-3.017504
