A	1.663439	-1.622955	0.902737	0.178858	-0.040576	0.435835	0.472531	0.369281	-2.365956
C	-3.306716	-8.749660	-3.981476	-4.273927	-4.445879	-4.195071	-2.974873	-3.482873	-4.273927
D	-4.120303	1.203081	0.927179	0.886965	-0.602455	-1.662197	-1.363798	-2.302577	-8.749660
E	-1.045756	3.877988	-0.602455	1.456133	-0.143255	-0.570995	0.313061	0.778794	-7.579735
F	-0.066665	-3.683571	0.511260	-0.851815	0.200896	0.454300	-0.763818	-0.792558	1.361476
G	0.664497	-5.290228	-0.701173	0.356249	0.580136	-0.010723	-1.441321	-0.027706	-8.749660
H	-0.844273	-5.891679	-0.634616	-1.891679	0.215403	-0.510061	0.026773	-0.913610	-7.579735
I	-0.199875	-4.540207	0.756648	-0.071060	-0.315032	0.749189	0.319790	-1.331807	2.427760
K	0.729110	-3.738433	-0.564785	-0.171287	0.511260	0.095046	-0.075468	1.010644	-5.290228
L	0.133747	-0.463102	1.217566	0.764068	0.563223	1.103260	1.277555	0.664497	2.189552
M	-1.407585	-3.981476	-0.844273	-2.651628	-2.323395	-1.523248	-1.418743	-2.146034	-0.628126
N	-2.038854	-3.981476	0.034975	-0.728680	-0.378973	-0.546312	-0.027706	-0.224139	-8.749660
P	-5.134950	-2.261820	-1.300511	1.478858	0.669774	0.233334	0.200896	-2.760975	-5.464258
Q	-0.268870	-0.913610	-0.400932	0.133747	-0.253805	0.289259	0.511260	0.711308	-7.579735
R	0.776350	-1.547536	-1.730069	-1.181704	1.505664	-0.423230	-0.066665	0.369281	-8.749660
S	1.315083	-3.113035	0.548975	0.261567	0.289259	0.413990	0.319790	1.095438	-8.749660
T	0.417131	-3.077235	-0.304645	-0.304645	-0.152539	0.577331	0.505369	1.213959	-3.738433
V	0.282386	-2.525658	0.451239	0.156479	-0.019190	1.089544	1.029239	0.525883	2.542949
W	-2.678198	-7.579735	-2.705266	-3.683571	-3.077235	-2.974873	-3.077235	-4.867017	-3.482873
Y	0.110651	-3.579735	0.369281	-1.772380	-1.181704	-1.374621	-0.874679	-0.929481	-0.921523
