A	1.038474	1.648528	2.075949	-1.209453	-0.039528	-0.039528	0.597902	-0.039528	-0.039528	-1.209453
C	-1.209453	-1.209453	-1.209453	-1.209453	-1.209453	-1.209453	-1.209453	-1.209453	-1.209453	-1.209453
D	-1.209453	-1.209453	-1.209453	1.375509	0.597902	-0.039528	-0.039528	-1.209453	-1.209453	-1.209453
E	-1.209453	-1.209453	-1.209453	1.038474	1.375509	-1.209453	-1.209453	-1.209453	-1.209453	-1.209453
F	-0.039528	-1.209453	2.405256	-1.209453	-1.209453	-1.209453	-1.209453	1.375509	-1.209453	2.075949
G	-1.209453	-1.209453	-1.209453	-0.039528	1.648528	-1.209453	0.597902	-1.209453	-1.209453	-1.209453
H	-1.209453	-1.209453	-1.209453	-1.209453	-1.209453	1.375509	-1.209453	-1.209453	-1.209453	-1.209453
I	-1.209453	-1.209453	-1.209453	-0.039528	-1.209453	-1.209453	-1.209453	-0.039528	-1.209453	-1.209453
K	1.375509	-1.209453	-1.209453	-0.039528	-1.209453	1.648528	-1.209453	-0.039528	-1.209453	-1.209453
L	-1.209453	-1.209453	-1.209453	-1.209453	-1.209453	-0.039528	0.597902	-0.039528	1.375509	2.249978
M	-1.209453	-1.209453	-1.209453	-1.209453	-1.209453	-1.209453	-1.209453	-1.209453	-0.039528	0.597902
N	-1.209453	-1.209453	-1.209453	-1.209453	-1.209453	0.597902	-1.209453	-0.039528	-1.209453	-1.209453
P	-1.209453	1.648528	1.038474	2.075949	1.375509	1.038474	1.038474	-1.209453	-1.209453	-1.209453
Q	-1.209453	-1.209453	-1.209453	-1.209453	-0.039528	-1.209453	-1.209453	0.597902	-1.209453	-1.209453
R	1.375509	-1.209453	-1.209453	-0.039528	-1.209453	0.597902	-0.039528	-0.039528	-0.039528	-1.209453
S	0.597902	1.038474	-1.209453	1.038474	0.597902	-0.039528	-1.209453	-1.209453	2.249978	-1.209453
T	1.038474	1.375509	-1.209453	-1.209453	0.597902	-1.209453	1.878009	1.648528	1.878009	-1.209453
V	0.597902	1.375509	-0.039528	-1.209453	-1.209453	-0.039528	1.375509	-0.039528	-1.209453	-0.039528
W	-0.039528	-1.209453	-1.209453	-1.209453	-1.209453	-1.209453	-1.209453	-1.209453	-1.209453	-0.039528
Y	-0.039528	-1.209453	-0.039528	-1.209453	-1.209453	-1.209453	-1.209453	1.038474	-1.209453	0.597902
