A	1.361483	1.556980	1.786951	0.196308	-0.309753	0.634633	-0.193344	0.970355	-2.956644
C	-5.204571	-5.204571	-5.204571	-5.204571	-5.204571	-5.204571	-5.204571	-5.204571	-5.204571
D	-5.204571	-5.204571	-3.397216	1.573506	-2.117108	-3.397216	-1.589861	-3.397216	-5.204571
E	-5.204571	-5.204571	-5.204571	1.043356	-0.900790	-1.096047	-0.649982	0.784114	-5.204571
F	-0.900790	-5.204571	1.556980	-2.956644	0.014597	-0.085630	-0.085630	-2.346590	1.589845
G	-0.371681	-2.956644	-1.449684	1.066892	0.726166	0.196308	-2.619609	-1.321928	-5.204571
H	-1.919169	-4.034646	-0.504131	-2.619609	0.108312	0.108312	0.726166	-0.436387	-1.204571
I	0.108312	0.602784	0.279245	-2.346590	0.755431	0.812237	0.279245	-2.346590	0.696296
K	1.934980	-2.346590	0.432053	-0.193344	0.502788	-0.728838	0.014597	0.502788	-2.346590
L	-0.900790	0.839823	-0.309753	-0.900790	-0.193344	0.014597	1.653410	-0.138482	2.550316
M	-1.919169	-1.321928	-1.096047	-5.204571	-1.919169	-2.956644	-1.745140	-2.346590	-0.575215
N	-0.436387	-5.204571	0.502788	-0.309753	-0.575215	-1.204571	-0.371681	-0.900790	-5.204571
P	-5.204571	1.606000	-1.745140	2.192034	1.157373	1.090050	-0.649982	-2.619609	-5.204571
Q	-2.117108	1.606000	-0.728838	-0.138482	-0.900790	-0.436387	1.043356	0.665794	-5.204571
R	1.242512	-2.619609	-0.138482	-2.619609	0.279245	1.417481	-0.649982	-0.250375	-4.034646
S	1.786951	0.357671	1.066892	1.019431	0.062215	0.357671	0.152981	2.126346	-5.204571
T	-0.575215	0.945176	-0.649982	-0.436387	-0.085630	1.019431	0.839823	1.488916	-5.204571
V	0.755431	1.606000	-0.371681	-1.589861	1.263034	0.696296	0.945176	0.696296	1.714292
W	-4.034646	-5.204571	-2.346590	-5.204571	-0.900790	-4.034646	-2.619609	-5.204571	0.196308
Y	-0.250375	-1.745140	0.696296	-2.346590	-0.250375	-2.117108	-0.728838	-2.346590	1.743796
