A	0.719067	2.400818	2.034243	-0.111632	0.053292	0.053292	0.221237	0.053292	0.878349	-4.038630
C	-6.286558	-3.701595	-4.479203	-5.116633	-4.479203	-4.479203	-3.428577	-6.286558	-4.038630	-6.286558
D	-2.178033	-4.479203	0.491519	1.922896	0.800905	-0.215095	-1.982777	-1.982777	-2.077104	-6.286558
E	-0.015095	-0.062556	-1.019771	0.975537	0.507858	-0.447354	-1.067389	-0.242164	0.524014	-6.286558
F	1.484932	-1.894240	1.618829	-0.762996	-0.802742	-0.802742	-0.649933	-2.671848	-0.885678	1.755101
G	-1.982777	-3.001156	-2.178033	0.586886	1.580721	1.213288	1.172874	-0.614132	-0.973675	-6.286558
H	0.160525	-1.982777	-1.116633	-1.167617	-0.086885	-0.136811	0.053292	0.458276	-0.479203	-3.701595
I	-1.019771	-1.586118	0.279496	-1.116633	-0.929006	0.118584	0.474993	-0.385691	-1.518373	-2.671848
K	0.298405	-1.167617	-0.188526	0.075386	0.075386	0.389399	-0.162436	-0.269749	0.317069	-5.116633
L	-1.067389	-0.385691	-1.586118	-1.391740	-0.973675	-0.326556	1.021781	0.719067	0.160525	1.588424
M	-1.391740	-2.671848	-1.167617	-3.001156	-3.428577	-3.199095	-1.586118	-0.885678	-3.001156	-0.614132
N	-1.810824	-6.286558	-1.657201	-0.649933	-0.038630	-0.015095	-0.326556	-0.447354	-1.518373	-6.286558
P	-5.116633	-0.038630	-1.067389	1.976711	1.941058	1.451534	1.021781	-0.973675	-1.894240	-6.286558
Q	-2.403915	0.647133	-2.286558	-0.762996	-0.545091	-0.416193	-0.724315	0.865727	0.221237	-6.286558
R	0.840147	-5.116633	-0.447354	-1.067389	-0.724315	0.160525	0.118584	0.927761	-0.416193	-6.286558
S	1.517573	1.484932	0.353687	0.240919	0.139707	0.840147	0.571423	1.262264	1.860647	-5.116633
T	-0.086885	1.596085	-1.894240	-0.479203	-0.447354	0.524014	0.441363	1.233078	1.557363	-6.286558
V	0.118584	1.364494	-0.136811	-1.657201	-0.416193	0.139707	0.555793	0.865727	0.827184	-1.116633
W	-4.038630	-5.116633	-3.701595	-5.116633	-3.199095	-4.479203	-5.116633	-4.038630	-4.479203	-1.657201
Y	1.648607	-1.810824	1.618829	-0.242164	-1.894240	-1.982777	-0.802742	-1.810824	-0.162436	3.550676
