A	0.415037	2.891476	-0.078777	0.935870	0.515966	-0.234055	-0.835506	-1.108524	0.061401	0.698830	-2.523562
C	-3.693487	-2.523562	-3.693487	-3.693487	-3.693487	-3.693487	-3.693487	-3.693487	-3.693487	-3.693487	-3.693487
D	-2.523562	-3.693487	0.515966	2.237250	-0.835506	1.139403	0.189156	-1.445559	-2.523562	-1.445559	-3.693487
E	-1.886132	-0.408085	-0.078777	0.306513	0.306513	0.061401	-0.606024	-0.835506	-0.606024	0.515966	-3.693487
F	1.906426	-3.693487	2.047980	-1.886132	-0.835506	-1.886132	-1.445559	-3.693487	-2.523562	-0.606024	0.935870
G	-3.693487	-3.693487	-1.886132	1.317740	1.525682	0.861102	1.317740	1.619396	0.189156	-0.234055	-3.693487
H	0.515966	-3.693487	-1.445559	-2.523562	0.610294	-1.108524	0.698830	-0.606024	0.515966	-0.835506	-2.523562
I	-1.445559	-2.523562	0.861102	-2.523562	0.306513	-0.078777	-0.408085	0.935870	0.935870	-1.886132	-3.693487
K	-0.078777	-2.523562	-0.234055	-3.693487	-0.835506	0.415037	0.306513	-0.408085	-0.078777	0.415037	-3.693487
L	-3.693487	-0.606024	-2.523562	-1.445559	-1.886132	0.189156	0.306513	0.935870	1.260709	0.061401	1.906426
M	-3.693487	-3.693487	-0.835506	-2.523562	-3.693487	-1.886132	-1.886132	-2.523562	-1.886132	-2.523562	-1.108524
N	-1.886132	-3.693487	-1.445559	-0.606024	-0.078777	-1.108524	-0.606024	-0.234055	-0.234055	-1.108524	-3.693487
P	-3.693487	-1.886132	-1.108524	1.830075	1.619396	1.749457	0.698830	-0.234055	-1.108524	-1.445559	-3.693487
Q	-1.886132	0.610294	-0.835506	-1.108524	-0.234055	-0.078777	0.189156	-0.835506	1.260709	0.698830	-3.693487
R	0.306513	-3.693487	-2.523562	-1.886132	0.189156	-1.445559	0.415037	-0.606024	0.610294	-0.606024	-3.693487
S	1.260709	1.476438	0.415037	0.610294	0.515966	0.610294	0.861102	1.074697	1.074697	1.201331	-3.693487
T	-0.408085	1.317740	-1.445559	-0.234055	-1.445559	0.415037	0.861102	1.317740	0.189156	1.476438	-2.523562
V	-0.234055	1.006953	-0.078777	-1.445559	-0.606024	0.189156	-0.606024	0.306513	0.189156	0.861102	-0.606024
W	-3.693487	-3.693487	-3.693487	-1.886132	-3.693487	-2.523562	-1.886132	-2.523562	-3.693487	-3.693487	-2.523562
Y	2.456260	-0.078777	2.047980	-1.445559	0.061401	-1.886132	-1.886132	0.061401	-3.693487	0.610294	3.544918
