A	-1.285402	2.924051	-1.285402	-0.115477	1.299560	-1.285402	-0.115477	-0.115477	0.521953	-1.285402	1.299560	-1.285402
C	-1.285402	-1.285402	-1.285402	-1.285402	-1.285402	-1.285402	-1.285402	-1.285402	-1.285402	-1.285402	-1.285402	-1.285402
D	-1.285402	-1.285402	0.521953	1.572579	-1.285402	-0.115477	-0.115477	0.521953	-0.115477	-0.115477	-1.285402	-1.285402
E	-1.285402	-1.285402	-0.115477	-0.115477	-1.285402	0.521953	0.521953	-0.115477	-0.115477	-0.115477	0.962525	-1.285402
F	1.802061	-1.285402	2.000000	-0.115477	-0.115477	-0.115477	-1.285402	-0.115477	-1.285402	-1.285402	-1.285402	0.962525
G	-1.285402	-0.115477	-1.285402	0.962525	-0.115477	0.521953	1.802061	0.962525	0.521953	-0.115477	-1.285402	-1.285402
H	-0.115477	-1.285402	-1.285402	-1.285402	-0.115477	-0.115477	-1.285402	0.962525	-0.115477	0.521953	-1.285402	-1.285402
I	-1.285402	-1.285402	0.521953	-1.285402	-1.285402	-0.115477	-1.285402	-1.285402	0.521953	-1.285402	-1.285402	-1.285402
K	-1.285402	-1.285402	0.521953	-1.285402	-0.115477	0.521953	-1.285402	-0.115477	-1.285402	-0.115477	-0.115477	-1.285402
L	-1.285402	-1.285402	-1.285402	-1.285402	-0.115477	-1.285402	0.521953	0.521953	-0.115477	-0.115477	-0.115477	1.572579
M	-0.115477	-1.285402	-1.285402	-1.285402	-1.285402	-1.285402	-1.285402	-1.285402	-1.285402	-1.285402	-1.285402	0.521953
N	-1.285402	-1.285402	-1.285402	-0.115477	0.521953	-1.285402	-0.115477	0.521953	0.962525	-0.115477	-1.285402	-1.285402
P	-1.285402	0.521953	-0.115477	2.174029	2.000000	-0.115477	0.521953	0.521953	0.521953	-1.285402	-1.285402	-1.285402
Q	-1.285402	-0.115477	-1.285402	0.521953	-1.285402	0.962525	-1.285402	-1.285402	-0.115477	-0.115477	-1.285402	-1.285402
R	0.962525	-1.285402	0.521953	-1.285402	-0.115477	0.962525	-0.115477	-1.285402	-1.285402	-1.285402	-1.285402	-1.285402
S	1.572579	0.962525	-1.285402	-0.115477	0.521953	1.572579	0.521953	0.962525	0.521953	2.174029	2.174029	-1.285402
T	-0.115477	-0.115477	-1.285402	-1.285402	-0.115477	-1.285402	0.962525	-0.115477	-0.115477	0.962525	-0.115477	-1.285402
V	-1.285402	-0.115477	-1.285402	-1.285402	-1.285402	-1.285402	-0.115477	-0.115477	0.962525	0.521953	1.299560	0.521953
W	-1.285402	-1.285402	-0.115477	-1.285402	-1.285402	-1.285402	-1.285402	-1.285402	-1.285402	-1.285402	-1.285402	-1.285402
Y	1.802061	-1.285402	1.572579	-1.285402	-0.115477	-0.115477	-0.115477	-1.285402	-0.115477	-0.115477	-0.115477	2.597241
