A	-0.523562	1.724366	-0.523562	-0.523562	-0.523562	0.646363	0.646363	-0.523562	-0.523562	-0.523562	-0.523562	0.646363	-0.523562
C	-0.523562	-0.523562	-0.523562	-0.523562	-0.523562	-0.523562	-0.523562	-0.523562	-0.523562	-0.523562	-0.523562	-0.523562	-0.523562
D	-0.523562	-0.523562	-0.523562	1.724366	-0.523562	0.646363	-0.523562	-0.523562	-0.523562	-0.523562	-0.523562	-0.523562	-0.523562
E	-0.523562	-0.523562	0.646363	0.646363	-0.523562	-0.523562	-0.523562	-0.523562	-0.523562	-0.523562	-0.523562	0.646363	-0.523562
F	2.061401	-0.523562	0.646363	-0.523562	-0.523562	-0.523562	-0.523562	-0.523562	-0.523562	-0.523562	-0.523562	-0.523562	-0.523562
G	-0.523562	-0.523562	-0.523562	0.646363	1.724366	0.646363	-0.523562	0.646363	1.283793	1.724366	-0.523562	-0.523562	-0.523562
H	-0.523562	-0.523562	-0.523562	-0.523562	-0.523562	0.646363	0.646363	-0.523562	-0.523562	1.283793	-0.523562	-0.523562	-0.523562
I	-0.523562	-0.523562	1.283793	-0.523562	-0.523562	-0.523562	-0.523562	-0.523562	-0.523562	-0.523562	-0.523562	-0.523562	-0.523562
K	-0.523562	-0.523562	-0.523562	-0.523562	-0.523562	0.646363	-0.523562	-0.523562	-0.523562	-0.523562	0.646363	-0.523562	-0.523562
L	-0.523562	-0.523562	-0.523562	-0.523562	0.646363	0.646363	0.646363	0.646363	-0.523562	-0.523562	1.283793	0.646363	-0.523562
M	-0.523562	-0.523562	-0.523562	-0.523562	-0.523562	-0.523562	-0.523562	-0.523562	-0.523562	-0.523562	-0.523562	-0.523562	-0.523562
N	-0.523562	-0.523562	-0.523562	-0.523562	0.646363	-0.523562	-0.523562	0.646363	-0.523562	-0.523562	-0.523562	-0.523562	-0.523562
P	-0.523562	-0.523562	-0.523562	1.283793	0.646363	-0.523562	-0.523562	1.283793	0.646363	-0.523562	-0.523562	-0.523562	-0.523562
Q	-0.523562	-0.523562	-0.523562	-0.523562	-0.523562	-0.523562	-0.523562	-0.523562	0.646363	-0.523562	0.646363	0.646363	-0.523562
R	-0.523562	-0.523562	0.646363	-0.523562	-0.523562	-0.523562	-0.523562	-0.523562	0.646363	-0.523562	1.283793	-0.523562	-0.523562
S	1.724366	0.646363	-0.523562	-0.523562	0.646363	0.646363	-0.523562	0.646363	0.646363	1.283793	0.646363	0.646363	-0.523562
T	-0.523562	1.283793	-0.523562	-0.523562	-0.523562	-0.523562	1.724366	-0.523562	-0.523562	-0.523562	-0.523562	-0.523562	-0.523562
V	-0.523562	0.646363	-0.523562	-0.523562	-0.523562	-0.523562	0.646363	0.646363	-0.523562	-0.523562	-0.523562	0.646363	-0.523562
W	-0.523562	-0.523562	-0.523562	-0.523562	-0.523562	-0.523562	-0.523562	-0.523562	-0.523562	-0.523562	-0.523562	-0.523562	-0.523562
Y	-0.523562	-0.523562	1.283793	-0.523562	-0.523562	-0.523562	-0.523562	-0.523562	0.646363	-0.523562	-0.523562	0.646363	2.761840
