A	0.740844	3.440661	1.073241	-0.491009	0.348526	0.149807	0.921059	-5.569012
C	-5.569012	-4.931582	-6.738937	-6.738937	-4.153974	-5.569012	-4.931582	-6.738937
D	-1.569012	-6.738937	0.730705	-1.066511	-3.880956	-2.529483	-2.984049	-6.738937
E	-1.727709	-6.738937	-1.844119	0.829019	-2.263203	-0.964150	1.741854	-6.738937
F	1.695692	-2.109580	1.073241	-1.031578	-1.139024	-2.109580	-2.184348	0.866543
G	-3.880956	-1.672847	-0.153974	-0.899733	0.720495	-2.263203	-2.738937	-6.738937
H	0.710212	-5.569012	-0.045450	-0.011016	0.678916	0.438483	-0.838070	-4.491009
I	0.308187	-2.109580	-0.333795	0.603138	1.246905	0.071635	-0.514935	0.760909
K	-0.080725	-3.124227	1.196228	0.866543	-0.045450	0.511362	0.668331	-6.738937
L	-0.421524	-2.984049	-0.640905	0.894059	0.209431	0.982163	-0.080725	2.851650
M	-0.838070	-3.651474	-1.139024	-2.435156	-2.263203	-1.906047	-2.630412	0.071635
N	-0.868572	-4.491009	0.022615	-0.376993	-0.514935	-0.539264	-2.038497	-6.738937
P	-6.738937	-2.435156	0.523158	0.829019	0.657668	0.875773	-3.651474	-6.738937
Q	-1.844119	0.591980	-1.472150	-0.376993	-0.539264	0.569402	0.194754	-6.738937
R	-0.444316	-3.651474	0.087612	0.646926	0.809885	1.658738	-0.589190	-6.738937
S	0.809885	1.766875	0.005897	-0.172883	-0.098692	0.689423	1.196228	-5.569012
T	0.266688	0.557980	-0.750252	0.252585	0.387768	0.149807	1.181416	-5.569012
V	0.800222	-0.011016	-0.640905	1.181416	1.530190	0.511362	1.700894	1.761905
W	-4.931582	-6.738937	-3.279505	-3.880956	-4.931582	-3.880956	-4.931582	-4.153974
Y	1.553385	-1.844119	0.657668	-1.619996	-3.279505	-1.784740	-1.727709	2.193278
