A	0.841227	1.889394	1.189629	0.057529	0.140255	0.380957	0.098150	1.005421	-1.965171
C	-6.256912	-4.502564	-4.228057	-6.676815	-4.926266	-4.398428	-4.398428	-4.264216	-5.047064
D	-0.992967	-9.078913	0.305100	1.439108	-0.985401	-2.097550	-2.652648	-2.929166	-10.886268
E	0.015730	-2.504725	-1.570552	1.560040	-0.166879	-0.833361	-0.275705	1.095121	-8.638341
F	0.539472	-1.474757	0.719211	-1.847349	-0.257367	-0.316650	-1.258734	-1.515036	1.498313
G	-0.964799	-1.628291	-2.216497	0.806238	0.534876	0.125483	-1.889089	-1.211634	-10.886268
H	-0.031205	-1.725766	-0.130963	-1.105318	0.282561	-0.400942	0.369203	-0.540863	-2.554232
I	0.038173	-0.062702	0.629678	-1.722618	0.366249	1.181250	0.202023	-1.140594	0.566745
K	0.991112	-0.571685	0.724411	0.144571	0.794751	-0.448256	0.125483	0.661952	-3.600866
L	-0.244894	0.957162	-0.296617	-0.712903	0.436927	0.843884	1.381396	0.206159	2.554893
M	-1.417644	-1.348079	-0.835059	-3.191040	-2.515581	-1.710095	-1.430427	-2.261473	-0.255091
N	-1.039211	-4.028287	-0.149866	-0.388416	-0.191693	-0.933527	-0.486456	-1.015903	-10.886268
P	-7.798805	0.679310	-0.211414	1.794531	0.555120	0.772613	0.151450	-2.764735	-8.638341
Q	-1.086987	1.259744	-0.983516	-0.153041	-0.238135	-0.194961	0.751828	0.518341	-10.886268
R	1.110205	-0.738109	0.328810	-1.151135	0.578916	0.004376	0.784277	0.104368	-3.798805
S	1.226741	0.678120	0.692930	0.729017	0.407060	0.459969	0.785383	1.537570	-7.131381
T	0.228288	0.729017	-0.482457	-0.461315	0.024187	0.691161	0.534218	1.210776	-5.667100
V	0.495545	1.258549	0.139391	-1.245120	0.782617	1.368539	0.877981	0.859721	1.473824
W	-4.398428	-5.443325	-3.165169	-3.894746	-2.973379	-4.502564	-3.511229	-6.256912	-1.991450
Y	0.500941	-0.334560	0.742177	-2.220932	-0.894038	-1.402452	-1.425300	-0.709783	2.407527
