A	-5.661670 0.717012 1.940347 1.967877 0.284706 2.749877 0.475187 0.800953 1.245386
C	-5.722510 -5.722510 -5.722510 -5.722510 -5.722510 -5.722510 -5.722510 -5.722510 -5.722510
D	-5.711267 -2.205071 -5.722354 -5.713833 0.508717 0.294684 -1.431863 -2.263085 -5.316330
E	-5.311922 0.486980 -5.656225 0.749893 -1.243557 0.067149 0.226304 -0.007452 -2.264582
F	2.692325 -1.316909 -0.695456 1.367729 -1.264367 -0.721130 0.658817 -5.721503 -5.722268
G	-2.001455 -2.204353 -1.374337 -5.722495 -2.224088 0.459834 -0.358125 1.075423 0.797257
H	-5.613548 -0.365020 -1.287783 -0.686164 -2.264804 -5.722447 0.991824 -0.329247 -5.721890
I	0.970458 -0.392914 0.818406 -1.268427 -1.247108 -5.718320 -2.206322 -2.263168 0.688093
K	-5.718581 1.172564 -0.705721 -2.262725 1.124977 -5.722028 0.940376 0.663388 0.025403
L	-0.367322 0.036052 0.662791 1.229145 0.257781 -5.721340 0.624099 0.670050 2.288211
M	-5.719741 -5.714997 -1.260366 -1.282004 -2.262933 -5.722405 -2.263099 -2.220009 -5.722501
N	-5.717473 0.018130 -5.706860 -2.238980 -0.050323 0.601118 0.827980 -0.374213 -2.148238
P	-5.668622 -5.719782 1.122275 -5.721066 1.035765 -0.062192 0.333536 2.138507 -5.662714
Q	-4.626205 0.499719 -0.291112 0.012592 0.615062 -2.256756 -0.356905 0.386014 -2.232349
R	-5.709323 0.792201 -0.407643 -5.722315 0.209086 -5.396585 0.836970 0.650301 1.258350
S	-5.558731 0.983862 0.550554 -0.774093 1.271438 2.357952 -1.269721 0.472157 0.235663
T	-5.717556 0.652038 0.244317 -2.160389 1.207918 0.014304 -0.338298 -1.269735 -0.615495
V	-2.376743 1.542466 1.433504 -0.086952 0.269466 -5.543726 0.259057 -0.678381 1.744419
W	-2.262670 -2.263182 -2.268400 -2.258190 -5.721613 -5.722479 -5.722508 -5.722510 -5.722510
Y	3.303237 -1.264076 -0.015368 2.186139 -1.247156 -5.719546 -0.333247 -5.722499 -5.721634
