A	-9.022939 0.545205 1.533075 0.092846 0.443259 2.589735 0.784067 0.425837 1.456375
C	-9.558632 -5.040810 -4.190081 -4.524553 -5.949832 -4.518761 -5.108729 -5.164864 -2.766412
D	-7.885434 -1.523654 -1.849461 1.777586 -0.058785 -1.026652 -0.298566 -1.020586 -2.010727
E	-8.720045 0.416016 -0.677573 0.865471 0.279773 -1.071864 0.898739 -0.167163 -2.459733
F	2.500909 -1.613352 -0.130283 -1.108369 -2.092648 -1.283927 -0.991215 -1.652121 -0.066038
G	-6.600694 -1.503257 -0.586779 -3.355557 -0.346148 1.534331 -0.588556 0.126103 -0.145037
H	-7.503612 -0.221186 -0.932868 -2.786076 -0.701384 -3.822236 0.096623 -0.546031 -4.250544
I	2.209946 0.514865 0.588895 0.160409 -0.846340 -1.446565 -0.320108 -0.757023 1.386436
K	-9.397787 1.075286 0.002494 -4.935219 1.429343 -1.240820 -0.189167 1.133485 -3.003524
L	1.029601 0.425057 0.825305 2.675360 -0.853105 -2.466007 0.725781 0.891811 1.992587
M	-2.319060 -3.910137 -0.601348 0.041706 -2.729355 -9.457871 -2.613231 -2.231359 -0.393277
N	-9.374563 -0.756960 -1.383763 0.047918 -0.256297 -0.024549 0.672376 -0.571493 -1.951864
P	-8.839406 -9.487297 0.227275 -9.292879 1.324096 0.865506 0.534807 1.498139 -5.713747
Q	-9.282692 0.402644 -0.212190 -0.096308 0.414452 -2.877683 0.808584 -0.047300 -2.793139
R	-4.633886 1.562963 0.386336 -9.308797 0.828752 -2.317563 0.345533 1.178797 -1.043604
S	-9.101228 -0.092014 0.923590 -0.687079 0.499309 1.542941 -0.134753 0.352524 -0.520778
T	-9.397052 0.267694 -0.323899 -0.602775 0.666449 0.434342 -0.541223 -0.251209 -0.694671
V	0.590938 1.269332 0.652590 -0.179250 -0.133049 0.208345 0.638597 -0.053712 2.013434
W	-0.110445 -1.820423 -2.110916 -2.828726 -4.346723 -6.086910 -2.564336 -6.110692 -3.646398
Y	2.311090 -0.643045 -0.176339 -3.479417 -1.156981 -4.553741 -1.150670 -1.081412 -0.077342
