A	0.997091 0.153383 0.047360 1.435159 2.202568 3.278892 1.498802 0.208764 1.360443
C	-6.770093 -6.770106 -6.770093 -6.770065 -6.071135 -2.366193 -6.612789 -6.458441 -4.349832
D	1.177357 1.235948 -5.528850 -1.661127 0.098139 -6.424279 -1.117975 0.332191 -0.689669
E	1.016454 1.450929 -0.436545 0.655310 -3.193397 -5.328209 1.680774 0.167255 1.346009
F	-1.386559 -0.931882 -1.732069 -6.730250 -0.163452 -1.402611 -2.230316 -1.284616 -3.299809
G	1.327354 -0.403473 -6.458418 -0.692427 3.033335 2.577982 -2.068011 -6.536420 -0.851266
H	-2.031999 -1.339031 -3.341297 1.097476 -1.376373 -6.745222 -1.793137 -6.168788 -0.501398
I	-0.257269 0.225075 1.079265 -0.042968 -3.237994 -6.595372 0.306603 1.895683 -0.542996
K	-0.184293 -0.705617 -6.612760 -0.148583 -2.494394 -6.297974 0.539950 -1.733354 -1.005875
L	0.734156 0.264402 1.723026 -0.927606 -1.694844 -6.716017 0.693607 2.624157 0.666944
M	-3.265503 -2.386011 -1.170933 -1.198792 -3.297339 -6.744897 -6.476290 1.287709 -2.256742
N	-0.031094 0.867209 2.636065 1.215032 -3.507448 -1.552131 -1.599672 -6.492844 0.710686
P	0.466083 -1.603797 -2.567018 -6.674997 0.585397 -2.439052 -1.802759 -1.673095 -0.176192
Q	-1.315472 0.390333 -0.496167 -0.544725 -2.557891 -6.627140 0.915402 -4.039809 1.677143
R	-0.012810 0.076690 -6.749022 0.865146 -6.694087 -6.629498 -1.076055 -6.508626 0.149634
S	-0.101140 0.326627 0.691797 0.368324 -0.563744 1.042084 -0.238946 -2.669263 -0.401654
T	-0.402085 -0.029520 -1.309274 1.198280 -0.464572 -1.202379 0.223361 -1.684698 -1.490935
V	0.134481 0.377739 1.294241 0.057396 -3.862425 -1.142544 1.649772 1.276020 0.707749
W	-3.170490 -2.283281 -6.769435 -6.768564 -1.982768 -2.635896 -6.766417 -3.443013 -3.157979
Y	-1.187937 -0.551069 -1.584709 -1.644623 -0.856084 -6.691227 -1.743115 -6.768020 -2.389874
