A	-0.850506 1.107058 -2.062409 3.406425 1.275818 0.468371 0.770993 1.650204 1.927563
C	-7.449547 -7.449744 -7.449744 -7.449744 -7.449744 -7.449744 -7.449744 -7.449714 -3.948548
D	-1.980682 -1.251676 -1.646184 -3.985983 -1.022525 -1.867647 -2.057176 -1.218303 -1.174973
E	0.343497 -0.247611 -4.012296 -7.424944 2.184966 0.885946 1.702968 1.102363 -1.044425
F	-3.984466 -2.025524 -3.040058 -7.423601 -2.331153 -1.871633 -0.359509 -1.066566 -1.704103
G	-3.976314 -2.087415 -1.842056 2.783360 -1.297325 -7.445734 -4.048921 -0.662246 0.425852
H	-3.988546 1.180606 -7.441079 -7.377608 -2.498058 -7.444125 -0.692394 -1.276045 -7.449270
I	1.355558 -1.740355 -7.443427 -7.157807 -0.368443 1.979184 -0.884327 -0.234306 0.430688
K	-7.412227 0.107182 -5.484279 -7.349088 0.032022 -3.985535 -2.272200 -0.293988 -2.067467
L	1.915169 -1.036555 -7.420953 -7.440663 0.620740 2.821024 0.735974 0.662654 0.537729
M	-0.420893 -3.382602 -7.431578 -7.446721 -3.734986 1.144908 -0.897517 -2.047136 0.393785
N	2.099174 1.354994 -7.445724 -3.711451 -7.448277 -7.447521 0.415787 -1.913227 -1.733517
P	-3.206953 -7.440141 -7.448761 -3.940543 -7.449699 -1.729560 -0.019144 1.059397 -7.448695
Q	0.708318 0.104873 -3.213247 -7.447043 0.535470 -1.058966 1.864905 -0.404359 -0.302055
R	-7.389136 0.427338 -7.433138 -7.448811 0.333089 -7.449260 0.304184 0.523662 -3.914064
S	0.279267 1.388443 2.080903 1.054876 0.195078 -2.643966 0.319051 0.569927 2.083962
T	-0.846490 1.507140 3.855982 -7.206040 0.458115 -3.011388 -1.728746 0.061030 0.113540
V	1.474379 0.157284 -3.660295 -3.364028 1.451963 0.873251 0.345923 0.767019 1.247186
W	-7.449734 -2.923411 -7.432590 -7.449714 -7.449744 -7.449638 -3.992136 -2.933408 -7.444372
Y	-4.119166 -2.479947 -7.191079 -4.032991 -1.472201 -7.449683 -1.731896 -1.463390 -1.687734
