A	-1.879701 0.830848 1.734456 1.505586 1.059618 1.032834 1.578746 1.359791 1.921726
C	-9.075341 -9.280581 -2.346564 -2.533146 -8.776852 -4.093566 -7.283112 -9.278865 -2.817790
D	-1.768479 -1.452791 -1.674770 1.805969 0.176450 1.664865 1.027777 -0.649657 0.204341
E	-1.689753 0.460413 -0.617910 0.239911 0.635766 -0.546203 0.992390 1.021394 0.873575
F	1.470906 -1.193437 -0.679305 -0.446903 -1.896684 -1.429397 -1.810470 -2.135935 -1.450337
G	-3.494291 -1.785338 0.436096 -1.022332 -0.100852 -2.971327 -0.428721 -0.312004 1.402646
H	-5.197176 -0.189703 -1.786562 -4.270152 -1.165337 -3.802608 -1.536478 -0.467577 -2.806516
I	2.787495 0.550284 0.716675 1.444614 -0.748932 -0.240500 -0.735701 -0.784473 -0.441940
K	-7.584695 0.846374 -1.563958 -8.108520 0.809429 -1.605868 -2.763780 0.841398 -3.663418
L	0.622220 0.221400 -0.003658 1.040387 -1.003577 -1.114622 0.804881 0.710099 -0.679499
M	-2.195457 -2.557273 -1.618934 -0.327968 -3.817477 -8.671872 -2.316126 -4.260641 -1.712693
N	-4.346882 -0.367516 -0.684132 -1.325648 -0.179489 0.337325 1.428100 -1.037947 -1.177940
P	-0.768907 -4.470646 0.130981 -5.079107 1.176323 -0.385805 0.895410 1.384028 -5.041171
Q	-6.138370 0.073552 -0.982015 -0.095253 0.017839 -7.524253 -0.382841 0.134071 1.035863
R	-4.736058 1.305258 -0.272071 -8.977476 -0.081718 -2.725167 -2.183677 0.664366 -2.306559
S	-3.294839 -0.218874 1.202813 -0.022578 0.731162 1.262108 0.225260 -0.035949 1.777350
T	-2.863055 0.531559 0.682789 -0.445940 1.010622 2.077578 -1.041114 -0.742999 -1.252480
V	1.479386 1.449957 1.036271 1.082594 0.729167 1.569190 0.514049 0.186668 0.299718
W	-0.789003 -2.675282 -4.094276 -3.599109 -7.448524 -4.755660 -3.738733 -4.116010 -5.496471
Y	1.710957 -0.436201 -0.199766 -2.573594 -2.140597 -5.590787 -2.225531 -1.321863 -1.465110
