A	-0.018859	-1.096862	-0.018859	-1.096862	-1.096862	0.820676	1.018616	-0.018859	-1.096862	-2.266787
C	-2.266787	-2.266787	-2.266787	-2.266787	-2.266787	-2.266787	-2.266787	-2.266787	-2.266787	-2.266787
D	-1.096862	-2.266787	0.820676	1.018616	1.018616	0.591194	-2.266787	0.318176	-0.459432	-2.266787
E	0.318176	-1.096862	-0.018859	1.841738	0.318176	-0.018859	0.820676	1.018616	0.591194	-2.266787
F	-0.459432	-0.459432	0.820676	-0.459432	-2.266787	-0.018859	-1.096862	-0.459432	-0.459432	2.566103
G	-2.266787	-1.096862	-1.096862	0.318176	0.318176	1.018616	1.192645	0.318176	-0.459432	-2.266787
H	0.820676	-2.266787	0.591194	-0.459432	-1.096862	-0.018859	0.591194	-2.266787	-0.018859	-2.266787
I	0.591194	-2.266787	-0.459432	-2.266787	0.318176	-1.096862	1.018616	-0.018859	-2.266787	-2.266787
K	0.591194	-2.266787	-1.096862	-0.459432	0.591194	-1.096862	-0.018859	-0.018859	0.591194	-2.266787
L	0.591194	-0.459432	1.192645	-1.096862	-0.459432	0.820676	-0.459432	0.318176	-0.018859	-2.266787
M	-1.096862	-2.266787	-0.459432	-1.096862	-2.266787	-0.459432	-1.096862	-2.266787	-1.096862	-2.266787
N	-1.096862	-2.266787	-1.096862	-1.096862	-0.459432	-1.096862	0.318176	-0.018859	-0.018859	-2.266787
P	-2.266787	2.433653	0.318176	0.591194	2.036994	0.318176	0.318176	-1.096862	-0.459432	-2.266787
Q	-0.459432	-2.266787	-0.459432	-0.459432	-2.266787	0.318176	-2.266787	0.820676	1.018616	-2.266787
R	0.591194	-0.459432	-0.459432	-1.096862	0.318176	-1.096862	-0.018859	-0.018859	-0.459432	-2.266787
S	-0.018859	-0.018859	0.591194	0.591194	-0.018859	0.591194	1.018616	-1.096862	1.192645	-2.266787
T	0.318176	-1.096862	-0.018859	0.820676	-1.096862	0.318176	-2.266787	1.347923	1.841738	-2.266787
V	0.820676	0.820676	0.820676	-0.459432	1.018616	-0.018859	-2.266787	1.018616	-1.096862	-2.266787
W	-2.266787	-2.266787	-2.266787	-2.266787	-2.266787	-2.266787	-2.266787	-2.266787	-2.266787	-2.266787
Y	1.192645	2.566103	-1.096862	0.820676	-1.096862	-0.459432	-0.018859	-1.096862	-1.096862	3.369838
