A	-0.392317	-0.392317	-0.392317	-0.392317	-0.392317	-0.392317	-0.392317	-0.392317
C	-0.392317	-0.392317	-0.392317	-0.392317	-0.392317	-0.392317	-0.392317	-0.392317
D	-0.392317	-0.392317	1.855610	-0.392317	-0.392317	-0.392317	-0.392317	-0.392317
E	-0.392317	-0.392317	-0.392317	0.777608	-0.392317	-0.392317	0.777608	-0.392317
F	-0.392317	1.415037	-0.392317	-0.392317	0.777608	-0.392317	-0.392317	1.415037
G	-0.392317	-0.392317	-0.392317	-0.392317	0.777608	0.777608	-0.392317	-0.392317
H	0.777608	-0.392317	-0.392317	-0.392317	-0.392317	1.415037	-0.392317	-0.392317
I	0.777608	0.777608	-0.392317	-0.392317	0.777608	-0.392317	-0.392317	-0.392317
K	-0.392317	-0.392317	-0.392317	0.777608	-0.392317	-0.392317	-0.392317	-0.392317
L	-0.392317	-0.392317	-0.392317	-0.392317	-0.392317	-0.392317	-0.392317	-0.392317
M	-0.392317	-0.392317	-0.392317	-0.392317	-0.392317	-0.392317	-0.392317	-0.392317
N	-0.392317	-0.392317	0.777608	-0.392317	-0.392317	-0.392317	-0.392317	-0.392317
P	-0.392317	0.777608	-0.392317	0.777608	0.777608	-0.392317	-0.392317	-0.392317
Q	-0.392317	-0.392317	-0.392317	-0.392317	-0.392317	-0.392317	1.855610	-0.392317
R	-0.392317	-0.392317	-0.392317	-0.392317	-0.392317	-0.392317	-0.392317	-0.392317
S	0.777608	-0.392317	-0.392317	-0.392317	-0.392317	-0.392317	0.777608	-0.392317
T	0.777608	-0.392317	-0.392317	1.415037	-0.392317	-0.392317	-0.392317	-0.392317
V	-0.392317	-0.392317	0.777608	-0.392317	0.777608	0.777608	-0.392317	-0.392317
W	-0.392317	-0.392317	-0.392317	-0.392317	-0.392317	-0.392317	-0.392317	-0.392317
Y	0.777608	0.777608	-0.392317	-0.392317	-0.392317	0.777608	-0.392317	1.855610
