A	0.330786	0.330786	1.177957	-0.203037	0.367498	0.293116	0.690875	0.214689	-5.269127
C	-5.269127	-5.269127	-5.269127	-5.269127	-5.269127	-5.269127	-5.269127	-2.684164	-5.269127
D	-0.965346	-3.021199	1.136015	1.777997	0.043756	-1.809695	-0.639770	-1.269127	-5.269127
E	0.043756	-4.099202	-0.965346	1.389085	-0.374309	-0.876809	0.930546	0.690875	-5.269127
F	-0.639770	1.334500	0.214689	-1.386484	-0.876809	1.114578	0.131753	-0.203037	3.418249
G	-0.793393	-3.021199	0.131753	0.403299	0.043756	0.214689	-1.809695	-0.568687	-5.269127
H	-0.793393	-3.461772	-1.809695	-0.374309	-0.002340	0.043756	0.505660	-0.150186	-5.269127
I	0.880620	-1.654417	0.828905	-0.639770	1.238668	0.775267	-0.049958	-2.684164	-1.983724
K	0.854995	-5.269127	-1.514239	0.367498	-0.099202	-1.160602	-1.654417	1.025494	-5.269127
L	-0.150186	-1.514239	1.092817	-0.793393	0.570077	1.002336	0.954875	1.218713	1.604317
M	-1.983724	-2.684164	-0.314930	-5.269127	-1.654417	-1.160602	-1.809695	-1.809695	-0.714538
N	0.438232	-2.684164	-0.049958	-0.002340	-0.002340	-1.386484	-0.150186	-0.203037	-5.269127
P	-2.411146	1.136015	-0.049958	1.258350	-0.568687	0.719558	-0.002340	-4.099202	-5.269127
Q	-1.809695	-4.099202	-0.203037	-0.714538	-0.568687	-0.639770	0.570077	0.367498	-5.269127
R	0.505660	-5.269127	-3.461772	-0.714538	-0.639770	-0.568687	-1.809695	0.293116	-5.269127
S	0.828905	-3.021199	0.570077	0.505660	0.570077	0.131753	0.403299	0.802336	-5.269127
T	0.978801	-4.099202	0.131753	-0.203037	0.293116	0.719558	0.505660	1.334500	-5.269127
V	1.441680	0.088425	0.661611	-0.568687	1.458794	1.238668	0.880620	0.043756	-4.099202
W	-4.099202	-4.099202	-5.269127	-5.269127	-3.021199	-5.269127	-5.269127	-5.269127	-5.269127
Y	-0.314930	3.486595	-1.654417	-1.160602	-0.639770	-1.059673	0.293116	-0.639770	2.317713
