A	3.124696	-2.896907	1.332575	0.792007	1.332575	0.772590	0.671377	0.671377	1.850592	3.577709
C	-4.584963	-3.947533	-4.584963	-3.947533	-3.947533	-3.506960	-3.947533	-2.667425	-2.896907	-2.667425
D	-1.754888	-2.896907	-0.397335	1.358855	0.115477	-0.311944	-0.271072	-1.279154	-1.754888	-5.754888
E	1.662965	4.172150	2.259133	1.850592	0.493040	0.316575	0.145979	0.712718	1.087463	-5.754888
F	-2.667425	-3.506960	-1.279154	-1.054448	-0.013421	-0.688798	-0.635946	-1.451107	-2.469485	-0.688798
G	-1.545434	-3.947533	-0.800691	0.732953	1.222392	0.903324	1.118557	-2.469485	-0.860070	-5.754888
H	-2.000000	-5.754888	-0.488101	-1.754888	-0.800691	-0.860070	-0.535719	0.539733	-2.000000	-5.754888
I	-3.169925	-3.506960	0.420038	-1.279154	-0.921997	-0.743660	-0.535719	1.023190	-1.054448	-2.000000
K	-1.754888	-5.754888	-0.488101	-0.082462	-0.860070	0.516576	0.650254	-0.354008	0.394860	-3.947533
L	-3.947533	-3.947533	-0.743660	0.175850	0.562525	0.885357	0.792007	0.444785	0.316575	0.175850
M	-0.584963	-4.584963	-0.800691	-1.451107	-1.754888	-2.000000	-1.362570	-1.125531	-2.469485	-3.169925
N	-0.860070	-3.506960	-0.311944	-0.231326	-0.635946	0.175850	-0.047528	-0.635946	-1.200299	-4.584963
P	-5.754888	-3.947533	-2.295456	0.562525	1.507207	0.145979	-0.271072	-0.047528	-1.200299	1.163976
Q	0.289507	-4.584963	1.264703	0.205114	-0.986703	0.233797	0.369234	0.394860	0.084316	-5.754888
R	-0.442005	-5.754888	-0.397335	-0.192645	-0.860070	0.175850	0.562525	0.084316	-0.743660	-5.754888
S	1.178803	-1.279154	0.145979	0.052467	0.772590	0.921070	-0.013421	-0.743660	1.345775	-2.295456
T	-1.125531	-1.279154	-0.986703	-0.688798	-0.311944	0.052467	0.115477	0.650254	1.148994	-2.140178
V	-1.754888	-3.506960	-0.986703	-2.000000	-0.635946	-0.154975	0.084316	1.587187	1.071661	0.084316
W	-5.754888	-5.754888	-3.947533	-2.295456	-3.947533	-2.469485	-2.000000	-3.506960	-5.754888	-5.754888
Y	-1.646363	-3.169925	-0.688798	-1.872244	-1.279154	-1.200299	-0.800691	-1.646363	-2.140178	0.867164
