A	3.178585	-3.495411	1.629285	0.818480	1.739806	0.692216	0.971289	1.076131	0.777608	1.822504	3.732339
C	-3.495411	-4.665336	-4.665336	-4.665336	-2.417408	-4.665336	-4.665336	-3.495411	-4.665336	-3.495411	-3.495411
D	-3.495411	-1.807355	-0.035979	1.379058	0.553833	0.504589	-0.273018	-0.556811	-1.807355	-1.807355	-4.665336
E	1.076131	4.167554	1.674514	2.145236	1.007089	0.735544	0.647547	0.400753	1.007089	1.042023	-4.665336
F	-4.665336	-4.665336	-0.910448	-1.807355	-0.273018	-1.379934	-1.807355	-1.807355	-0.782693	-2.857981	-0.189602
G	-1.379934	-4.665336	-2.417408	0.288860	0.504589	1.294666	1.323349	1.109451	-2.080373	-2.080373	-4.665336
H	-2.857981	-4.665336	-0.273018	-2.417408	-0.910448	-1.807355	-1.050626	-2.080373	0.504589	-1.577873	-4.665336
I	-3.495411	-2.417408	0.858226	-0.782693	-1.205904	0.553833	-0.556811	0.504589	0.345891	0.167554	-2.417408
K	-0.782693	-4.665336	-0.273018	-0.556811	-1.050626	-0.782693	0.692216	1.142019	-0.556811	0.647547	-4.665336
L	-1.379934	-1.379934	-0.665336	0.035104	0.692216	0.647547	0.035104	0.288860	0.647547	0.035104	-0.455883
M	-0.556811	-3.495411	-0.455883	-1.577873	-2.857981	-1.807355	-2.080373	-1.577873	-1.577873	-3.495411	-2.857981
N	-1.379934	-3.495411	-0.110747	-0.455883	-0.665336	-0.455883	-0.361555	-0.361555	-1.050626	-0.782693	-4.665336
P	-4.665336	-2.080373	-2.857981	1.007089	0.288860	-0.110747	-0.189602	-0.455883	-2.417408	-0.782693	0.692216
Q	0.102848	-4.665336	1.294666	0.229482	-0.910448	-0.361555	0.453605	-0.035979	0.167554	0.400753	-4.665336
R	-0.035979	-4.665336	-1.379934	-0.910448	-0.910448	-0.665336	0.345891	0.553833	1.109451	-0.361555	-3.495411
S	1.534336	-3.495411	0.777608	0.288860	0.971289	1.007089	1.007089	0.553833	-0.910448	0.647547	-1.807355
T	-1.205904	-2.417408	-1.807355	-1.050626	0.102848	0.647547	-0.035979	-0.455883	0.971289	1.294666	-1.379934
V	-1.807355	-4.665336	-0.665336	-1.205904	-0.665336	0.229482	0.035104	0.453605	1.323349	0.971289	0.553833
W	-3.495411	-4.665336	-4.665336	-2.857981	-2.857981	-3.495411	-2.417408	-2.080373	-2.857981	-2.857981	-4.665336
Y	-2.417408	-4.665336	-0.782693	-2.857981	-0.273018	-1.577873	-1.807355	-2.417408	-0.361555	-2.857981	-0.910448
