A	3.141661	-1.977280	1.308122	1.110183	1.482152	0.607683	1.308122	1.482152	1.308122	0.270648	1.482152	3.797507
C	-1.977280	-1.977280	-1.977280	-1.977280	-1.977280	-1.977280	-1.977280	-1.977280	-1.977280	-0.807355	-0.807355	-1.977280
D	-0.807355	-0.807355	-0.169925	1.308122	-0.169925	-0.807355	-0.807355	-0.169925	-1.977280	-0.169925	-1.977280	-1.977280
E	0.270648	3.830075	0.880701	1.637430	1.482152	0.607683	0.880701	0.270648	0.607683	-1.977280	0.607683	-1.977280
F	-1.977280	-1.977280	-0.807355	-0.169925	0.607683	-0.807355	-0.169925	-1.977280	-0.807355	-1.977280	-1.977280	-0.807355
G	-1.977280	-1.977280	-0.169925	1.308122	-0.807355	1.308122	1.110183	1.637430	1.777608	-0.169925	-1.977280	-1.977280
H	-0.169925	-1.977280	-1.977280	-0.807355	-0.807355	-1.977280	-0.807355	-0.169925	-1.977280	0.270648	-0.807355	-1.977280
I	-1.977280	-1.977280	0.270648	-0.807355	-0.169925	-1.977280	-0.169925	-0.169925	0.607683	-1.977280	-0.169925	-1.977280
K	-0.807355	-1.977280	0.270648	-0.807355	-1.977280	1.308122	0.880701	-0.169925	0.270648	0.880701	0.270648	-1.977280
L	-1.977280	-0.169925	-0.169925	0.607683	-0.169925	0.270648	-0.169925	-0.169925	0.270648	0.270648	0.270648	-0.807355
M	-1.977280	-1.977280	0.270648	-0.807355	-0.807355	-1.977280	-1.977280	-0.169925	-1.977280	-1.977280	-0.807355	-1.977280
N	-1.977280	-1.977280	0.880701	-0.807355	-0.169925	-1.977280	-1.977280	-0.807355	-0.807355	0.607683	-0.169925	-1.977280
P	-1.977280	-1.977280	-0.807355	-1.977280	0.880701	-0.169925	-0.807355	-0.169925	0.270648	-0.807355	-1.977280	-0.169925
Q	0.607683	-1.977280	1.637430	-0.169925	-0.807355	1.110183	-0.807355	-0.169925	-0.169925	-1.977280	0.607683	-1.977280
R	0.270648	-1.977280	-1.977280	-1.977280	-1.977280	-1.977280	0.270648	-0.169925	-0.807355	1.637430	-0.169925	-1.977280
S	0.607683	-1.977280	-0.807355	0.270648	-0.807355	1.308122	0.607683	-0.169925	0.880701	0.270648	0.607683	-1.977280
T	-0.169925	-1.977280	-1.977280	-0.807355	-1.977280	-1.977280	0.880701	0.270648	-0.169925	0.607683	0.607683	-1.977280
V	-1.977280	-1.977280	-0.169925	-1.977280	0.880701	0.607683	-0.807355	-0.169925	-0.807355	1.110183	1.482152	-1.977280
W	-1.977280	-1.977280	-1.977280	-1.977280	-1.977280	-1.977280	-1.977280	-1.977280	-1.977280	-1.977280	-1.977280	-1.977280
Y	-1.977280	-1.977280	-0.807355	-0.807355	0.607683	-0.807355	-0.807355	-0.807355	-1.977280	-0.807355	-1.977280	-1.977280
