A	1.952247	-5.333155	1.213739	0.229087	1.658366	0.303469	1.585708	2.470976
C	-5.333155	-5.333155	-5.333155	-5.333155	-4.163230	-4.163230	-3.085228	-1.578268
D	0.961465	-3.085228	-0.857422	-1.224631	-3.525800	-2.748193	-3.085228	-5.333155
E	1.868968	4.266757	-0.020272	1.270471	-3.085228	-0.321928	1.251807	-4.163230
F	-3.525800	-5.333155	1.050549	-1.333155	0.961465	-0.163230	-3.525800	0.961465
G	-2.047753	-5.333155	-1.123702	-1.029375	0.266757	-4.163230	-1.333155	-5.333155
H	-0.113987	-5.333155	-0.163230	-0.857422	-0.703799	2.063449	-0.940838	-3.085228
I	-2.475174	-5.333155	1.050549	0.597582	1.071986	-0.163230	-0.778566	-0.500265
K	-2.047753	-5.333155	-0.163230	1.411678	-1.718446	0.597582	1.232899	-4.163230
L	-1.718446	-3.085228	0.266757	1.006695	-0.214214	-0.857422	-0.564971	2.063449
M	-0.857422	-4.163230	0.229087	-2.475174	-2.047753	-1.873724	-2.047753	-0.857422
N	0.626847	-5.333155	0.067724	-1.578268	-1.578268	-0.564971	-1.873724	-5.333155
P	-5.333155	-5.333155	-3.525800	1.113928	-1.718446	-0.113987	-1.718446	-0.632716
Q	-0.214214	-3.525800	-0.321928	-0.113987	-0.778566	0.229087	-0.020272	-5.333155
R	-1.333155	-5.333155	-1.873724	-0.267066	-4.163230	0.866517	-0.500265	-5.333155
S	1.629741	-5.333155	0.190407	-0.632716	1.325056	-0.214214	1.050549	-3.085228
T	0.339270	-5.333155	-0.564971	0.109788	0.816592	0.339270	1.093109	-2.748193
V	-1.578268	-5.333155	0.816592	0.890846	1.819129	0.626847	1.585708	1.658366
W	-5.333155	-5.333155	-1.123702	-4.163230	-3.085228	-1.450512	-5.333155	-4.163230
Y	-1.224631	-5.333155	0.150660	-1.873724	-3.085228	-0.378959	-5.333155	1.174639
