A	2.549512	-7.969387	1.219202	0.580398	0.438943	0.506347	0.570742	1.592856	3.237323
C	-5.384424	-7.969387	-3.074569	-5.384424	-4.214499	-3.493653	-3.268947	-2.958159	-0.908691
D	0.065412	-3.414798	-0.222872	0.713608	-0.479539	-1.745385	-1.564245	-1.769714	-7.969387
E	1.744430	4.288001	0.955426	1.609458	0.009324	-0.572782	0.531455	0.944251	-5.721459
F	-3.414798	-7.969387	-0.638470	-1.441910	0.184166	0.422931	-0.181484	-2.702600	0.373799
G	-1.127036	-7.969387	-0.562119	0.623071	0.887039	0.215489	-2.332762	-0.274158	-4.086743
H	-1.191309	-7.969387	0.058519	-1.794461	-0.079122	-0.551534	0.650833	-1.769714	-2.611835
I	-2.656504	-7.969387	0.428288	-0.605252	-0.318335	0.511404	0.511404	-0.530595	-1.481546
K	-0.449750	-7.969387	0.475628	0.496180	0.940507	0.177818	0.152147	0.682562	-4.509955
L	-1.794461	-6.162032	0.085896	0.132589	0.190485	0.917834	0.910197	-0.181484	-0.520238
M	-0.755067	-7.969387	-0.345505	-2.068520	-1.819639	-1.258580	-1.142838	-1.980702	-2.407144
N	-0.133336	-7.969387	0.454780	-0.583524	-0.239766	-0.214499	-0.829835	-1.224553	-5.721459
P	-5.721459	-4.881924	-3.759933	1.184799	0.761084	0.065412	0.618391	-0.469541	1.563943
Q	0.270212	-1.924992	0.790502	0.092660	-0.274158	0.139138	-0.300502	0.454780	-7.969387
R	-0.173347	-7.969387	-0.520238	-0.117637	0.177818	-0.133336	0.145657	-0.181484	-4.881924
S	1.478730	-7.969387	0.526469	0.384863	0.565889	0.691501	-0.291667	1.237628	-1.481546
T	-0.479539	-7.969387	-0.327335	-0.572782	0.099392	0.599520	0.016455	0.863503	-1.721459
V	-1.897924	-7.969387	-0.265483	-0.206174	0.072273	0.798798	1.106761	1.152794	0.966515
W	-5.721459	-7.969387	-3.136497	-2.903297	-2.099022	-1.794461	-2.099022	-5.721459	-4.683984
Y	-2.750218	-7.969387	-0.401430	-1.819639	-1.142838	-1.347335	-0.189667	-3.201202	0.623071
