A	-4.175914 -0.121239 1.381029 -0.238327 0.131213 1.463350 0.279429 0.618423 1.483034
C	-8.422397 -4.851092 -4.987534 -8.446726 -8.446625 -8.440307 -4.054682 -8.443678 -3.495762
D	-8.346428 -0.914923 -1.990120 -4.694008 -0.026957 0.459914 -0.693490 -0.971188 -2.767620
E	-7.966159 0.457872 -0.453075 -1.469913 0.089257 -0.642410 0.013532 -0.134658 -0.752539
F	2.656441 -0.493000 -0.522169 1.860852 -1.463597 -3.814132 0.277159 -1.093781 -1.611279
G	-8.138095 -1.094261 0.239591 -3.844441 -0.151006 1.748564 -0.192427 0.719911 0.331056
H	-5.267121 -0.513527 -1.132382 -0.142481 -1.875968 -3.067445 0.308990 -0.356236 -2.526066
I	1.134247 -0.346441 0.749507 0.060673 -0.854080 -2.381208 -0.303807 -0.625770 0.466002
K	-8.308016 0.979831 -0.444871 -1.784553 1.191878 -3.765876 0.426310 0.922652 -1.464281
L	1.389523 0.462664 0.879507 0.601042 -0.036470 -1.706870 0.421757 0.720627 2.167107
M	-1.448005 -2.296162 -1.952244 -0.846221 -3.254455 -3.904777 -2.066113 -2.742456 -2.255240
N	-7.337659 0.020348 -0.969028 -3.096396 -0.106666 1.800107 0.718189 -0.338768 -2.264097
P	-8.355046 -5.984080 0.760444 -7.458385 1.482528 -1.575392 1.078583 1.376335 -1.718189
Q	-7.937201 0.538775 -0.390079 -0.117659 0.230316 -1.569925 0.038894 0.123052 -1.289200
R	-8.287325 1.132577 -0.173811 -1.454269 0.765124 -4.372670 0.575854 0.634705 -0.164160
S	-8.262072 1.024958 0.540884 -1.871622 0.724713 2.460449 -0.118674 0.546630 0.586956
T	-4.603791 0.379071 0.086928 -2.229098 0.509882 -0.116526 -0.606970 -0.193922 0.649225
V	0.057061 1.027451 0.853009 0.112580 0.118115 -1.852813 -0.419573 0.037118 1.651343
W	-1.119197 -2.492450 -2.262767 -0.602022 -4.047961 -8.415218 -2.966330 -4.054227 -4.919712
Y	2.776984 -0.524023 0.199763 2.827803 -0.772510 -2.997878 0.391897 -1.500063 -3.133839
