A	-1.254324 0.479862 1.100170 -1.376845 0.014070 0.874342 0.511759 0.619049 1.134642
C	-6.013138 -4.646044 -4.630480 -4.685169 -4.607184 -6.659717 -4.051000 -7.027943 -3.687086
D	-1.725689 -0.378037 0.505137 -1.981958 0.553736 3.167727 0.373827 -0.448182 0.985423
E	0.407649 0.739508 -0.029835 -1.748903 0.922833 0.387246 1.233360 0.764463 0.794783
F	0.903612 -0.903555 0.264255 2.241816 -1.022414 -6.011862 -0.535010 -0.526406 -0.584051
G	-1.572686 -0.870688 0.791347 -5.503339 -0.643482 0.017204 -1.163339 -0.425176 0.256769
H	-1.823575 0.071988 -0.454917 -2.240970 -0.976146 -6.176827 0.126132 -1.051441 -2.669424
I	2.245027 0.026097 -0.119141 0.379612 0.049224 -0.827072 -0.148433 -0.297598 0.735739
K	-1.593851 0.891214 -1.290674 -7.051461 1.149077 -4.545747 -0.798863 0.477787 -3.623532
L	1.636729 0.244507 -0.462058 1.638565 0.053945 -1.271517 0.131115 0.932478 1.763072
M	-1.310497 -2.923924 -1.591432 -0.235654 -2.746368 -4.700115 -2.063144 -2.156666 -1.336858
N	-0.498770 -0.237432 -0.538941 -3.864819 -0.173931 0.844709 0.621080 -0.127409 -2.151400
P	-2.427259 -4.501397 -0.169329 -6.776611 0.582084 -0.589776 1.358936 1.124381 -2.514425
Q	-0.603661 0.209875 0.029155 -1.846957 0.237064 -2.826241 0.437040 -0.306734 -0.183281
R	-1.911348 1.427756 -1.045324 -10.110825 0.360465 -6.499442 -0.541862 0.388073 -2.434999
S	-1.289439 0.201684 1.096788 -6.098058 0.374072 0.702691 0.116918 0.265514 0.260040
T	-1.061698 0.273657 0.087392 -3.024345 0.516239 -0.525966 -1.292037 0.096570 -0.978407
V	1.066523 0.790645 -0.177046 0.010069 0.280878 -0.275406 0.229558 0.463342 1.495112
W	-1.942385 -2.177725 -1.256590 1.426479 -3.153702 -10.320998 -1.716377 -2.885397 -5.483181
Y	0.849737 -0.404981 0.833272 2.202092 -0.723287 -10.249649 -0.485568 -0.384245 -1.169803
