A	-3.214776 1.171489 1.135062 0.738661 0.116285 0.017352 1.510820 0.570475 -1.534019
C	-8.777865 -6.314450 -4.382512 -8.779220 -3.816208 -8.780235 -5.241538 -8.778485 -8.780438
D	-8.505671 -0.516665 -0.233139 0.502003 0.279730 -5.173835 -1.139013 -0.158404 2.936089
E	-4.312552 0.879767 -0.351722 1.639260 0.535701 -1.564973 1.313733 1.236033 3.175627
F	-0.130460 -0.946794 0.353569 -2.428136 -0.660361 2.696372 -4.024913 -1.350552 -2.218451
G	-7.795750 -0.523533 0.726591 0.112927 -0.127258 -4.278460 -0.159982 -0.652516 -2.126833
H	-0.946811 -0.935901 -0.429568 -1.204014 -0.630220 -3.725634 -2.464051 -1.959699 -1.570721
I	-0.656949 -0.490651 -0.201530 -0.072540 -0.167659 -0.098175 -0.362310 -1.139948 -3.720764
K	1.170040 0.442919 -1.097314 -3.809902 0.523654 -8.721872 -0.887222 0.474238 -4.001852
L	0.355815 1.172167 0.838960 0.276742 1.453407 1.803756 1.819259 0.601301 -1.792037
M	-3.335233 -1.964827 -1.394358 -2.762051 -1.569137 -0.224533 -1.117487 -1.595114 -4.021151
N	-4.164988 -0.419009 -0.731163 -0.985462 -1.518263 -2.774368 0.127229 -0.660571 -2.172838
P	-7.480667 -1.694854 -0.374124 0.758597 0.285710 -0.226946 -0.660502 0.613388 -2.551192
Q	-0.974177 -0.435932 -0.495276 -0.905105 0.360708 -1.716149 -0.015701 0.563623 -1.426641
R	3.616087 0.790257 -2.118765 -3.848638 -0.162402 -8.603197 -1.045223 1.203828 -8.653224
S	-4.214894 0.319609 1.104055 1.359184 0.251650 -1.291754 0.794635 0.677525 -1.733258
T	-3.032372 0.427432 -0.078832 1.190880 0.398099 -1.587923 -0.084294 0.147023 -2.848492
V	-0.623772 0.431863 0.636928 1.027593 0.793057 0.143843 0.773851 0.054312 -1.811493
W	-8.752929 -2.059146 -1.174674 -8.736418 -2.941030 0.325485 -4.578270 -2.976393 -8.768321
Y	-1.066494 0.227576 0.615580 -5.273636 -1.099569 1.214635 -3.189730 -1.093251 -2.317103
