A	0.891194 0.599125 0.567353
C	-3.952777 -4.345220 -4.612584
D	0.291173 0.550133 0.325690
E	0.687212 0.662834 0.834717
F	-1.250652 -0.784627 -1.139232
G	0.509354 -0.368370 0.919885
H	-0.808229 -0.836628 -0.591508
I	-0.046196 -0.034123 -1.564360
K	0.452471 0.665617 1.086677
L	0.522681 0.382607 0.208291
M	-2.131278 -2.144693 -2.008653
N	-0.208044 -0.699085 0.022668
P	0.417673 1.179052 -0.018850
Q	-0.033656 -0.051822 0.274208
R	0.535173 0.397917 0.924583
S	0.542669 0.255087 0.360228
T	-0.359617 -0.322741 -0.028565
V	0.507861 0.582748 -0.584754
W	-3.432776 -3.024952 -3.391619
Y	-1.144700 -0.725718 -1.221789
