A	0.672938 0.494511 0.290216
C	-5.464582 -5.140732 -5.112201
D	0.856850 0.732683 0.398964
E	0.692225 0.660452 0.746641
F	-1.024461 -1.529751 -0.687119
G	0.873872 0.746332 0.630604
H	-1.386627 -1.212169 -1.011943
I	0.138351 -0.461093 0.095419
K	0.801095 0.639492 0.847272
L	0.562420 -0.162599 0.201511
M	-2.230132 -2.754557 -2.397489
N	-0.198452 -0.099572 -0.214853
P	-1.491966 1.405721 0.532710
Q	-0.622442 -0.151155 -0.006518
R	0.216375 0.217991 0.545768
S	0.623057 0.416164 0.236042
T	0.160517 0.011151 -0.111494
V	0.523780 0.239183 0.330202
W	-3.276340 -4.050898 -2.959115
Y	-1.060520 -1.689795 -0.674071
