A	1.171611	-1.482393	0.831024	-0.360402	-0.094122	0.743027	0.496234	0.787696	-0.266075	-4.569856
C	-4.569856	-4.569856	-2.762501	-4.569856	-4.569856	-2.762501	-4.569856	-4.569856	-3.399931	-4.569856
D	-3.399931	-4.569856	-0.569856	1.792088	0.441372	0.130584	-1.711875	-0.360402	-2.762501	-4.569856
E	-0.461331	2.727061	-1.984893	1.102570	0.696931	-0.094122	-0.569856	-0.266075	-0.015267	-4.569856
F	0.130584	1.066769	1.204931	-1.482393	0.263034	-0.687213	0.324962	-0.955146	-0.094122	0.263034
G	-0.015267	-1.284453	-0.015267	0.549085	0.913960	0.649313	1.137504	-0.461331	0.198329	-4.569856
H	-0.955146	-4.569856	0.130584	-0.177538	-1.984893	-1.711875	-0.687213	0.496234	-0.569856	-4.569856
I	-0.814968	-0.569856	1.171611	-1.984893	0.600069	0.873088	0.743027	-0.266075	-1.482393	-4.569856
K	1.554266	-4.569856	0.130584	0.130584	-0.360402	-0.177538	-0.015267	0.324962	1.066769	-4.569856
L	-1.110424	-0.015267	0.324962	-0.687213	0.441372	1.390146	0.787696	1.171611	1.554266	-3.399931
M	-1.711875	-1.284453	-0.687213	-1.984893	-0.955146	-0.687213	-0.569856	-0.687213	-0.955146	-3.399931
N	-1.482393	-1.984893	0.130584	0.059501	0.198329	-0.569856	-0.461331	-0.094122	-0.177538	-4.569856
P	-4.569856	-4.569856	-1.284453	1.137504	1.066769	-0.094122	0.384341	-1.284453	-2.762501	-4.569856
Q	0.059501	0.198329	-1.482393	-0.461331	0.198329	-0.687213	-0.360402	1.418829	0.600069	-4.569856
R	1.701607	-3.399931	-1.482393	-0.955146	-0.094122	-1.284453	0.059501	-0.461331	0.600069	-4.569856
S	0.873088	-0.814968	0.324962	0.913960	0.324962	0.059501	-0.569856	-0.266075	0.441372	-4.569856
T	0.130584	0.384341	-1.482393	0.263034	-0.814968	0.696931	-0.177538	-0.461331	0.496234	-4.569856
V	-0.094122	1.360882	0.743027	-1.284453	0.059501	0.696931	0.600069	0.496234	0.198329	-4.569856
W	-2.321928	-2.321928	-2.762501	-4.569856	-3.399931	-2.321928	-0.687213	-1.110424	-4.569856	-2.321928
Y	0.324962	1.066769	0.913960	-0.687213	-1.984893	-0.814968	-0.177538	-0.266075	0.324962	4.152098
