A	1.192645	-0.476149	1.910874	0.346973	1.006633	0.346973	0.121092	-0.146841	0.793038	0.121092	-3.761551
C	-3.761551	-3.761551	-3.761551	-3.761551	-2.591626	-3.761551	-2.591626	-3.761551	-3.761551	-2.591626	-3.761551
D	-3.761551	-3.761551	-1.176589	1.722265	0.238449	0.238449	-0.476149	-0.674088	-0.674088	-3.761551	-3.761551
E	-2.591626	1.249676	-1.954196	1.006633	0.447902	0.793038	0.346973	-0.903570	-1.954196	-0.903570	-3.761551
F	-0.674088	-0.302120	1.551332	-1.954196	-0.903570	-0.146841	-0.674088	0.714182	0.346973	-1.176589	-0.903570
G	-0.006664	-0.903570	-1.513624	1.133267	0.714182	0.447902	0.793038	0.447902	-1.513624	-0.674088	-3.761551
H	-2.591626	-3.761551	-0.674088	-0.903570	-0.146841	-1.954196	0.447902	-0.476149	-0.146841	-0.146841	-3.761551
I	-0.903570	-0.302120	0.938888	-0.903570	-0.674088	0.238449	0.447902	0.938888	-0.302120	-1.954196	-2.591626
K	2.108813	-3.761551	0.714182	-0.302120	0.238449	-0.146841	-0.476149	-0.674088	-0.302120	1.722265	-3.761551
L	-0.903570	0.867805	-0.476149	-0.302120	0.542230	0.121092	1.910874	1.006633	1.681392	1.681392	-1.176589
M	-1.176589	-0.903570	-0.674088	-3.761551	-1.954196	-0.903570	-1.513624	-0.476149	0.121092	-1.513624	-0.674088
N	-1.513624	-2.591626	-0.476149	-0.674088	-0.476149	-0.146841	-0.476149	0.346973	0.542230	-0.146841	-3.761551
P	-3.761551	-2.591626	0.121092	1.639328	1.133267	1.249676	-2.591626	-0.302120	-1.954196	-3.761551	-3.761551
Q	-0.903570	0.867805	-0.674088	-0.302120	0.346973	-0.006664	-0.006664	0.238449	1.133267	0.121092	-3.761551
R	2.282843	-3.761551	-2.591626	-1.954196	-1.954196	-0.476149	-1.513624	-0.146841	-1.176589	0.938888	-3.761551
S	0.714182	-0.302120	0.238449	1.133267	1.006633	0.867805	1.133267	0.121092	0.542230	0.714182	-3.761551
T	-0.903570	1.457617	-1.954196	-0.903570	-1.513624	0.542230	-0.674088	-0.674088	-0.903570	-0.146841	-3.761551
V	-0.674088	1.838362	-0.146841	-1.954196	0.238449	-0.476149	0.238449	0.630766	-0.006664	-0.302120	-3.761551
W	-3.761551	-2.591626	-1.513624	-1.954196	-2.591626	-1.513624	-3.761551	-0.674088	-1.513624	-3.761551	-3.761551
Y	0.121092	1.357390	0.447902	-3.761551	-0.903570	-2.591626	-0.903570	-0.302120	0.238449	0.714182	4.097984
