A	0.466568	-1.781360	-0.611435	0.025995	-0.611435	0.025995	-1.781360	-0.611435	0.025995	0.025995	0.803603	-1.781360
C	-1.781360	-1.781360	-1.781360	-1.781360	-1.781360	-1.781360	-1.781360	-1.781360	-1.781360	-1.781360	-1.781360	-1.781360
D	-1.781360	-1.781360	-1.781360	2.522421	-1.781360	0.803603	1.504043	0.025995	-0.611435	0.025995	-1.781360	-1.781360
E	-1.781360	0.466568	-0.611435	0.803603	0.025995	0.803603	0.025995	0.025995	0.466568	-0.611435	-1.781360	-1.781360
F	-0.611435	0.803603	1.833350	-1.781360	1.076621	0.803603	-1.781360	-1.781360	-1.781360	0.025995	0.466568	-0.611435
G	0.025995	-0.611435	-0.611435	0.466568	0.466568	-0.611435	1.076621	1.973528	0.025995	0.025995	0.466568	-1.781360
H	0.025995	-1.781360	-0.611435	-0.611435	-1.781360	0.025995	-1.781360	-1.781360	-1.781360	0.025995	0.466568	-1.781360
I	-0.611435	0.025995	1.833350	-1.781360	0.803603	-0.611435	-0.611435	0.466568	0.466568	0.025995	-1.781360	-1.781360
K	1.833350	-1.781360	0.025995	-1.781360	-0.611435	0.025995	0.803603	0.025995	0.803603	-0.611435	0.025995	-1.781360
L	-0.611435	0.025995	-1.781360	-0.611435	0.803603	0.466568	0.466568	0.025995	0.466568	0.803603	1.973528	-1.781360
M	-1.781360	-0.611435	-0.611435	-1.781360	0.025995	-0.611435	-1.781360	-0.611435	-1.781360	0.466568	-1.781360	-1.781360
N	-1.781360	-1.781360	0.025995	0.025995	-1.781360	0.466568	0.025995	-0.611435	0.803603	0.466568	-1.781360	-1.781360
P	-1.781360	-1.781360	-1.781360	1.678072	1.678072	-0.611435	0.466568	-1.781360	0.466568	-1.781360	-1.781360	-1.781360
Q	-0.611435	1.306103	-0.611435	-0.611435	-0.611435	-1.781360	0.025995	0.025995	0.025995	0.803603	0.025995	-1.781360
R	1.504043	-1.781360	-0.611435	-1.781360	-1.781360	-0.611435	-1.781360	-1.781360	-0.611435	-0.611435	0.025995	-1.781360
S	1.504043	0.025995	0.025995	0.025995	0.803603	1.076621	0.803603	1.678072	1.076621	-0.611435	0.803603	-1.781360
T	-0.611435	0.466568	-1.781360	-1.781360	-1.781360	-0.611435	0.466568	0.466568	0.466568	-0.611435	-1.781360	-1.781360
V	-0.611435	2.101283	-0.611435	-1.781360	0.466568	0.466568	0.466568	-0.611435	0.466568	0.466568	-0.611435	-1.781360
W	-1.781360	-1.781360	-1.781360	-1.781360	-1.781360	-1.781360	-1.781360	-1.781360	-1.781360	-0.611435	-1.781360	-1.781360
Y	0.466568	0.803603	1.504043	-1.781360	-0.611435	-0.611435	-1.781360	-0.611435	-1.781360	0.803603	1.076621	3.818553
