A	1.223989	0.423401	1.353637	0.131731	0.131731	0.556095	0.062022	0.437233	-6.596190
C	-5.426265	-5.426265	-4.348262	-6.596190	-5.426265	-4.788835	-6.596190	-5.426265	-6.596190
D	-3.508727	-4.348262	-1.426265	1.479289	-1.033947	-3.508727	0.097297	-1.895750	-6.596190
E	-1.377021	1.939086	-2.041601	1.331588	-0.695323	-1.283307	0.450934	0.292553	-6.596190
F	0.181887	0.665905	0.530515	-1.426265	0.337501	0.700726	0.677606	-0.191048	1.000000
G	-0.068713	-2.120456	-0.372188	0.581230	-0.191048	-0.695323	-2.487665	-0.636188	-6.596190
H	-1.195310	-5.426265	-0.695323	-0.788835	-0.636188	-0.256340	0.261791	-0.191048	-6.596190
I	0.277254	0.277254	0.689212	-0.725825	1.360912	0.981239	-0.607505	-1.641993	-3.738209
K	1.485959	-4.348262	1.018520	-0.128584	-0.128584	-0.446443	-0.854723	1.278792	-6.596190
L	-0.049295	1.124909	0.381090	-0.301569	1.557362	0.933241	2.104250	1.459093	-0.108350
M	-0.695323	-0.524727	-0.636188	-2.120456	-0.923764	-0.756986	-1.828005	-1.641993	-1.895750
N	-1.112374	-2.292409	0.568717	-0.049295	-1.033947	-0.788835	-0.396517	-0.607505	-6.596190
P	-6.596190	-4.011227	-0.854723	1.368151	-0.088395	0.114617	-1.072628	-3.508727	-6.596190
Q	-0.923764	0.409435	-1.426265	-0.049295	-0.498158	0.198226	0.437233	0.409435	-6.596190
R	1.045862	-4.788835	-1.153246	-0.372188	-0.088395	0.517552	-0.324727	0.923446	-6.596190
S	1.301656	0.165361	1.054862	0.689212	0.007437	0.352177	-0.256340	0.665905	-6.596190
T	-0.212485	0.642215	0.114617	-0.579381	-0.169925	0.198226	-0.256340	0.230359	-6.596190
V	0.543362	1.525344	0.165361	-0.854723	1.072695	0.981239	-0.049295	0.007437	-2.386736
W	-3.508727	-1.966833	-2.203872	-4.011227	-2.596190	-1.641993	-1.530101	-4.348262	-1.477249
Y	0.148644	0.409435	0.007437	-1.329403	-0.324727	-0.421264	0.450934	0.181887	4.003955
