A	-5.882048 0.638078 1.791864 2.022730 0.601854 2.954185 0.030644 1.001384 1.267524
C	-5.959517 -5.959504 -5.959526 -5.959526 -5.959526 -5.959526 -5.959526 -5.959526 -5.959526
D	-5.636101 -5.957003 -5.957834 -5.957896 0.281201 0.033872 -1.668464 -1.500153 -5.759946
E	-5.946278 0.742589 -0.935592 1.175914 -0.188664 0.060305 -0.547696 0.007124 -5.471061
F	2.929647 -0.567690 -0.881518 0.910202 -5.955289 -5.938646 0.862182 -2.499774 -5.959188
G	-2.611921 -2.435782 -1.017318 -5.959481 -0.234044 1.109026 -0.232664 0.864370 0.873186
H	-5.896495 -0.259164 -2.396845 -0.468879 -0.981993 -5.959323 0.605733 -0.242181 -2.428581
I	-0.027766 -0.520889 0.595194 -0.612214 -0.804300 -5.959312 -5.959449 -5.959411 0.602189
K	-5.948595 1.394229 -0.232840 -0.590701 1.336786 -5.953781 1.210551 0.618212 0.633798
L	-0.891579 0.288630 1.194831 0.762015 0.742270 -5.958905 1.146186 0.977686 1.916354
M	-5.959208 -5.955567 -0.521432 -0.520832 -2.499098 -5.959427 -2.500056 -0.943910 -2.500285
N	-5.953303 -0.257538 -5.959477 -2.484836 0.082561 0.717087 0.772688 -0.475330 -2.380981
P	-5.956399 -5.955728 1.143002 -5.957661 1.049129 -2.318974 -0.134832 1.947741 -5.951384
Q	-4.373483 0.206728 0.623515 0.012383 -0.046078 -2.481500 -0.449351 0.663962 -2.499789
R	-5.953385 0.879555 -0.278391 -1.404000 -0.513399 -5.947666 1.391614 0.270840 1.923492
S	-5.865094 1.061417 0.129193 -0.206489 1.016824 2.304511 -1.520612 0.388948 -0.234750
T	-5.954031 0.901845 -0.911576 -5.938742 0.595700 -0.176596 -1.563284 -0.972931 -1.378704
V	-1.476699 0.990532 1.118586 -0.009426 0.033928 -5.850143 -0.261850 -1.479432 1.602153
W	-1.567135 -2.500571 -5.943337 -1.568152 -5.957563 -5.959511 -5.959526 -5.959526 -5.959526
Y	3.285713 -0.958107 0.008226 1.816026 -0.554477 -5.957968 0.623365 -2.481764 -5.959176
