A	-0.415037	-0.415037	-1.584963	-1.584963	1.502500	0.662965	-1.584963	-1.584963
C	-1.584963	-1.584963	-1.584963	-1.584963	-1.584963	-1.584963	-1.584963	-1.584963
D	-1.584963	-1.584963	3.584963	0.222392	-1.584963	-1.584963	-1.584963	-1.584963
E	-1.584963	-1.584963	-1.584963	1.502500	-0.415037	-1.584963	0.662965	-1.584963
F	1.502500	2.969626	-1.584963	-1.584963	0.662965	-1.584963	0.222392	0.222392
G	-1.584963	-1.584963	-1.584963	-1.584963	0.222392	-0.415037	-1.584963	-1.584963
H	-0.415037	-1.584963	-1.584963	-1.584963	0.222392	0.222392	0.662965	-1.584963
I	1.700440	-0.415037	-1.584963	1.000000	-0.415037	-0.415037	-1.584963	-1.584963
K	-0.415037	-1.584963	0.222392	0.222392	-0.415037	-0.415037	1.502500	-1.584963
L	-1.584963	0.222392	-1.584963	0.662965	-1.584963	-0.415037	1.273018	3.634206
M	-1.584963	-1.584963	-1.584963	-1.584963	-1.584963	0.222392	-1.584963	-0.415037
N	-1.584963	-1.584963	-0.415037	-1.584963	-1.584963	-0.415037	-0.415037	-1.584963
P	-1.584963	-1.584963	-0.415037	1.874469	1.700440	-0.415037	-1.584963	-1.584963
Q	-0.415037	-1.584963	-1.584963	-1.584963	-1.584963	0.662965	0.222392	-1.584963
R	-0.415037	-1.584963	-1.584963	-0.415037	-1.584963	0.222392	0.222392	-1.584963
S	1.000000	-1.584963	-1.584963	-0.415037	0.222392	-1.584963	-1.584963	-1.584963
T	0.222392	0.222392	-1.584963	-1.584963	0.222392	1.000000	1.000000	-1.584963
V	1.273018	-0.415037	-1.584963	1.273018	0.662965	2.029747	-1.584963	-1.584963
W	-1.584963	-0.415037	-1.584963	-1.584963	-1.584963	-1.584963	-1.584963	-1.584963
Y	0.662965	1.502500	-1.584963	-1.584963	0.222392	-0.415037	1.000000	-1.584963
