A	0.551796	-0.704544	-1.874469	-0.350907	1.212994	0.169925	1.102811	-0.249978	-4.459432
C	-3.289507	-4.459432	-4.459432	-4.459432	-3.289507	-3.289507	-3.289507	-2.652077	-4.459432
D	-2.652077	-3.289507	3.889297	1.102811	-1.371969	-1.174029	-1.000000	-2.652077	-4.459432
E	-3.289507	-3.289507	-0.459432	1.715494	-0.350907	-0.350907	0.016302	1.347923	-4.459432
F	1.410933	3.218288	-1.601451	-1.000000	-0.459432	-0.704544	-1.000000	0.169925	2.717988
G	-4.459432	-2.211504	-3.289507	-0.155651	0.308753	0.308753	-0.459432	-1.371969	-4.459432
H	-0.249978	-4.459432	-4.459432	-2.211504	-1.371969	-0.704544	-0.067114	-0.067114	-4.459432
I	1.140481	-2.211504	-1.874469	-1.000000	0.551796	1.315355	-0.459432	-0.704544	0.016302
K	-0.350907	-4.459432	-1.000000	-0.155651	0.759737	0.095157	-0.844722	0.308753	-4.459432
L	0.308753	-0.576789	-2.211504	0.983512	0.710493	1.282035	-0.155651	1.315355	3.079727
M	-0.704544	-1.371969	-1.874469	-3.289507	-0.844722	-3.289507	-2.652077	-0.576789	0.807355
N	-0.704544	-4.459432	-2.211504	-0.459432	-0.704544	-0.459432	0.494765	0.095157	-4.459432
P	-4.459432	0.241008	-0.459432	1.835189	0.241008	1.102811	-0.704544	-3.289507	-4.459432
Q	-2.652077	-3.289507	-2.652077	-1.371969	-0.704544	-0.350907	0.169925	-0.155651	-4.459432
R	-0.459432	-3.289507	-4.459432	-1.874469	-0.350907	-1.000000	0.016302	-0.459432	-4.459432
S	0.710493	-2.211504	-1.174029	-0.155651	0.435386	-0.249978	0.169925	0.308753	-4.459432
T	0.807355	-0.704544	-3.289507	-0.576789	0.710493	0.494765	0.853451	0.807355	-4.459432
V	1.177193	-1.000000	-2.652077	0.710493	1.064130	1.177193	2.068045	0.241008	0.606658
W	-2.211504	0.373458	-3.289507	-2.652077	-3.289507	-3.289507	-3.289507	-3.289507	-4.459432
Y	1.247928	2.068045	-1.174029	-1.601451	-1.601451	-2.211504	-1.601451	0.807355	-4.459432
