A	-6.140811 0.934006 1.413854 0.874550 0.875173 2.830734 1.065324 0.759735 0.178820
C	-5.715432 -4.993689 -4.538963 -9.007439 -5.910913 -2.548340 -5.697956 -5.501756 -3.297069
D	-5.648163 -1.581199 -1.221744 -1.563847 -0.732515 -3.949087 -2.276681 -0.413561 -2.012333
E	-3.329380 0.686620 -0.212481 0.291457 0.292301 -2.351524 0.805322 1.202123 -1.892885
F	0.741980 0.153232 0.840564 -1.443524 -1.898791 0.807599 -1.470385 -2.923617 -2.885052
G	-8.591207 -1.315041 0.730326 -2.880940 -1.556843 0.254896 -1.930413 -0.469713 -3.349227
H	-2.338234 -0.883066 -1.228334 0.124413 -1.162060 -8.657074 0.691307 -0.133413 -2.830077
I	0.181187 0.845089 -0.200206 0.389120 0.580252 0.003444 -1.297772 -0.529552 1.418406
K	2.322736 0.246221 -2.125434 2.007167 0.733087 -5.277000 0.965925 0.983516 -3.325947
L	0.510569 1.231899 0.313118 0.121978 1.556552 -0.290843 1.159926 0.382468 2.700919
M	-3.263720 -1.505304 -2.089869 -2.573007 -1.411502 -2.800901 -1.791777 -2.918881 -1.725785
N	-8.275653 -1.305938 -1.280671 -0.749897 -0.298265 -2.670102 0.661833 0.101661 0.101978
P	-6.718170 -4.005268 -1.230079 -1.091762 0.059784 1.199399 -1.557599 0.206361 -3.018845
Q	-3.145153 -0.282456 -0.603718 -0.021670 -0.151211 -7.393942 1.592206 0.200022 -2.115210
R	2.990962 -0.067295 -2.318830 -1.209441 -0.583134 -5.596597 0.583848 0.827611 -2.772890
S	-8.358016 0.084244 0.941275 0.914531 -0.245366 0.745668 -0.609891 0.719432 -0.242072
T	-8.457366 0.100246 0.192411 0.889969 0.903157 -0.870356 -1.087488 0.019833 -0.435101
V	-1.122636 1.390216 0.746075 0.757448 0.754067 1.267668 -0.424850 0.207566 2.330472
W	-2.901156 -1.259205 -0.427902 -2.406681 -4.488696 -4.322933 -2.823316 -4.399188 -5.506799
Y	0.708772 -0.058521 1.243279 -1.622972 -0.113011 -1.484938 -1.453692 -1.518585 -3.517746
