A	-2.044394	-2.044394	1.241008	-0.237039	0.540568	0.203533	0.540568	-0.237039	-2.044394	-2.044394
C	-2.044394	-0.874469	-2.044394	-2.044394	-2.044394	-0.874469	-2.044394	-2.044394	-2.044394	-2.044394
D	-2.044394	-2.044394	-2.044394	1.415037	0.203533	0.203533	-0.874469	-0.874469	-2.044394	-2.044394
E	-0.237039	-2.044394	-2.044394	1.415037	-0.874469	0.203533	0.203533	0.813587	0.203533	-2.044394
F	-0.874469	0.540568	0.203533	-2.044394	-0.874469	-2.044394	1.043069	-0.874469	-0.237039	3.517848
G	-0.874469	-0.874469	-2.044394	-0.874469	0.813587	1.043069	1.043069	-0.874469	-0.874469	-2.044394
H	-0.874469	-2.044394	-0.874469	-0.874469	-2.044394	-0.874469	0.203533	0.203533	-0.237039	-2.044394
I	1.043069	-2.044394	1.241008	-0.874469	-0.237039	0.203533	0.203533	-0.874469	-0.874469	-0.874469
K	1.241008	-2.044394	-2.044394	-0.874469	0.540568	-0.874469	1.043069	-0.237039	0.813587	-2.044394
L	-0.237039	-2.044394	1.043069	-0.874469	0.540568	1.241008	-0.237039	1.043069	0.540568	1.710493
M	-0.874469	-0.874469	0.540568	-2.044394	-0.237039	-0.874469	-0.874469	-0.237039	-0.237039	-2.044394
N	-2.044394	-2.044394	-0.237039	-0.237039	0.813587	0.203533	0.203533	1.241008	-0.237039	-2.044394
P	-2.044394	-0.874469	1.043069	0.203533	1.241008	0.203533	0.203533	-2.044394	-2.044394	-2.044394
Q	-2.044394	-2.044394	-2.044394	1.043069	-2.044394	0.540568	-0.237039	0.813587	0.203533	-2.044394
R	0.813587	-2.044394	-2.044394	-0.874469	-0.874469	-0.874469	0.203533	-0.237039	0.540568	-2.044394
S	-0.237039	-2.044394	1.241008	0.813587	-0.237039	0.540568	-2.044394	0.540568	1.043069	-2.044394
T	0.813587	-2.044394	0.203533	1.043069	-0.237039	0.203533	-0.874469	1.241008	1.570316	-2.044394
V	1.710493	-2.044394	-2.044394	0.540568	1.241008	-2.044394	-0.237039	-2.044394	-0.874469	-2.044394
W	-2.044394	-2.044394	-2.044394	-2.044394	-2.044394	-2.044394	-2.044394	-2.044394	-2.044394	-2.044394
Y	1.241008	3.697073	0.540568	-2.044394	-2.044394	0.203533	-0.874469	-0.874469	0.813587	-0.237039
