A	-1.209453	-1.209453	-1.209453	-1.209453	-1.209453	-1.209453	1.648528	-0.039528	-0.039528	-0.039528	-1.209453
C	-1.209453	-1.209453	-1.209453	-1.209453	-1.209453	-1.209453	-0.039528	-1.209453	-1.209453	-1.209453	-1.209453
D	-1.209453	-0.039528	-0.039528	1.648528	0.597902	-1.209453	1.038474	-1.209453	-1.209453	-1.209453	-1.209453
E	0.597902	-1.209453	-0.039528	1.878009	1.038474	0.597902	-1.209453	-1.209453	1.038474	-0.039528	-1.209453
F	-0.039528	-1.209453	-0.039528	-1.209453	-1.209453	0.597902	-0.039528	1.038474	-1.209453	0.597902	3.094327
G	-1.209453	-1.209453	-1.209453	-1.209453	-0.039528	1.375509	1.375509	-1.209453	-1.209453	-0.039528	-1.209453
H	-1.209453	-1.209453	-1.209453	-1.209453	-1.209453	-1.209453	-1.209453	-0.039528	-0.039528	-1.209453	-1.209453
I	-0.039528	-1.209453	0.597902	-1.209453	-0.039528	-0.039528	-1.209453	-0.039528	0.597902	-1.209453	-0.039528
K	1.878009	-1.209453	-1.209453	-1.209453	-1.209453	-1.209453	0.597902	-0.039528	-1.209453	1.375509	-1.209453
L	-1.209453	-1.209453	1.375509	-0.039528	-0.039528	1.648528	-1.209453	1.375509	2.075949	0.597902	1.648528
M	-1.209453	-1.209453	0.597902	-1.209453	-1.209453	-1.209453	-1.209453	-0.039528	-0.039528	-1.209453	-1.209453
N	-0.039528	-1.209453	-1.209453	0.597902	1.375509	-0.039528	-0.039528	0.597902	-1.209453	-1.209453	-1.209453
P	-0.039528	-1.209453	1.038474	1.038474	-1.209453	0.597902	-0.039528	-0.039528	-0.039528	-1.209453	-1.209453
Q	-1.209453	-1.209453	-0.039528	-0.039528	-0.039528	-1.209453	0.597902	-1.209453	-0.039528	0.597902	-1.209453
R	1.648528	-0.039528	-1.209453	-1.209453	-1.209453	-0.039528	-1.209453	0.597902	-0.039528	-0.039528	-1.209453
S	-1.209453	-1.209453	-0.039528	-1.209453	0.597902	-1.209453	-0.039528	1.038474	-1.209453	-1.209453	-1.209453
T	0.597902	-1.209453	-0.039528	0.597902	1.038474	0.597902	-1.209453	-1.209453	-0.039528	0.597902	-1.209453
V	0.597902	-1.209453	1.038474	-1.209453	1.038474	-0.039528	-1.209453	-0.039528	0.597902	1.038474	-1.209453
W	-1.209453	-1.209453	-1.209453	-1.209453	-1.209453	-1.209453	-1.209453	-1.209453	-1.209453	-1.209453	-1.209453
Y	-1.209453	3.419903	-0.039528	-0.039528	-1.209453	-1.209453	-1.209453	-1.209453	-1.209453	0.597902	-1.209453
