A	0.807355	-1.000000	-1.000000	-1.000000	0.169925	0.169925	0.169925	-1.000000
C	-1.000000	-1.000000	-1.000000	-1.000000	-1.000000	-1.000000	-1.000000	-1.000000
D	-1.000000	-1.000000	0.169925	-1.000000	-1.000000	-1.000000	0.169925	-1.000000
E	-1.000000	-1.000000	0.169925	0.807355	-1.000000	1.247928	0.169925	-1.000000
F	0.169925	-1.000000	-1.000000	0.169925	-1.000000	1.857981	-1.000000	2.459432
G	-1.000000	-1.000000	2.754888	-1.000000	0.169925	-1.000000	0.169925	-1.000000
H	-1.000000	-1.000000	0.169925	-1.000000	0.807355	0.169925	0.807355	-1.000000
I	0.169925	0.169925	-1.000000	-1.000000	-1.000000	-1.000000	-1.000000	1.584963
K	1.247928	-1.000000	-1.000000	1.247928	-1.000000	-1.000000	-1.000000	-1.000000
L	0.169925	-1.000000	0.169925	-1.000000	-1.000000	-1.000000	-1.000000	1.247928
M	-1.000000	-1.000000	-1.000000	0.169925	-1.000000	-1.000000	-1.000000	-1.000000
N	0.169925	-1.000000	-1.000000	-1.000000	-1.000000	-1.000000	-1.000000	-1.000000
P	0.169925	-1.000000	-1.000000	1.857981	-1.000000	0.169925	-1.000000	-1.000000
Q	-1.000000	-1.000000	0.169925	-1.000000	-1.000000	0.169925	0.169925	-1.000000
R	0.169925	-1.000000	-1.000000	-1.000000	-1.000000	-1.000000	0.807355	-1.000000
S	-1.000000	-1.000000	0.169925	-1.000000	0.169925	-1.000000	0.807355	-1.000000
T	0.169925	-1.000000	-1.000000	0.807355	-1.000000	0.169925	1.584963	-1.000000
V	0.807355	0.169925	-1.000000	0.807355	2.882643	-1.000000	-1.000000	0.169925
W	-1.000000	-1.000000	-1.000000	-1.000000	-1.000000	0.169925	-1.000000	-1.000000
Y	0.807355	3.209453	-1.000000	-1.000000	-1.000000	0.807355	0.169925	-1.000000
