A	0.401845	-3.338912	0.753010	-0.185960	0.220515	0.537282	0.484623	-0.467899	-5.586840
C	-3.338912	-5.586840	-5.586840	-4.416915	-3.779485	-5.586840	-2.728859	-3.338912	-5.586840
D	-1.283059	-5.586840	-0.957483	1.361527	-0.229288	-2.499377	-0.229288	-2.499377	-5.586840
E	0.220515	-5.586840	-1.377386	1.473856	-0.886400	-1.283059	1.071372	0.429968	-5.586840
F	-1.586840	0.612833	-0.692022	-1.478315	-0.692022	1.332023	0.484623	-0.575613	3.246050
G	-1.586840	-5.586840	0.537282	-0.320053	0.220515	-1.283059	-1.972130	-1.972130	-5.586840
H	-1.972130	-5.586840	-2.499377	-0.367671	-0.103024	-0.024597	0.661088	0.429968	-5.586840
I	0.775104	-4.416915	1.286604	-0.886400	1.141081	0.940637	-1.111106	-2.499377	1.418785
K	1.686956	-5.586840	-0.692022	0.429968	0.960055	-0.886400	-0.957483	1.191237	-5.586840
L	-0.229288	-2.499377	1.500623	0.085586	0.562907	1.390440	0.120519	1.301903	2.739590
M	-3.001877	-3.338912	-0.273957	-1.972130	-1.704197	-1.478315	-1.972130	-1.377386	-1.377386
N	-0.229288	-5.586840	-0.185960	-0.063278	0.049785	-1.478315	0.730573	-0.185960	-5.586840
P	-0.753950	-5.586840	0.661088	0.860243	-1.377386	0.401845	0.120519	-3.779485	-5.586840
Q	-1.704197	-3.001877	0.220515	-0.467899	-0.103024	-0.886400	0.457554	0.429968	-5.586840
R	0.484623	-3.338912	-2.728859	-0.575613	-0.229288	-1.478315	-0.818655	0.484623	-5.586840
S	0.511192	-5.586840	0.343898	0.775104	0.343898	0.154627	0.343898	0.730573	-5.586840
T	0.707781	-5.586840	0.637162	0.373162	-0.143896	0.818302	0.049785	1.346851	-5.586840
V	1.698562	-3.779485	0.637162	-0.063278	1.376056	1.376056	0.401845	0.343898	-2.127408
W	-5.586840	-5.586840	-5.586840	-4.416915	-3.779485	-5.586840	-4.416915	-5.586840	-5.586840
Y	-0.520751	4.131265	-1.972130	-1.283059	-0.575613	-0.957483	0.661088	-0.185960	-1.972130
