A	-1.253017 0.873366 1.470094 1.616828 1.024788 1.016639 1.258893 1.190754 2.093851
C	-7.702564 -9.670536 -3.788716 -2.556952 -5.612588 -4.866801 -8.960499 -6.490142 -4.460630
D	-0.920685 -0.990859 -1.696414 0.896342 0.247434 1.873750 0.198620 -0.864271 -0.442720
E	-0.927776 0.509927 -0.846221 -0.263037 0.517407 -0.294272 0.561034 0.964585 0.077732
F	0.485328 -1.719709 -0.919539 -0.311238 -2.002079 -4.279715 -1.511444 -1.630841 -3.140935
G	-3.191559 -1.560532 0.240490 -2.279550 -0.693794 -1.709264 -0.965920 -0.005698 1.610464
H	-3.530779 -0.070976 -1.127494 -2.231224 -0.851443 -4.399414 -0.273239 -0.238201 -1.467980
I	2.804149 0.749339 0.543104 1.593115 -0.209168 -0.179511 -0.424014 -1.091104 -1.430058
K	-4.296366 0.889625 -1.109458 -8.157811 1.183442 -0.610151 -0.551395 0.709547 -0.995909
L	1.513147 -0.171544 -0.264443 1.298987 -0.408447 -0.902470 0.469940 0.665045 -1.156029
M	-1.989340 -3.072512 -2.006814 -0.633833 -3.243250 -3.916158 -2.786080 -3.184362 -2.626517
N	-1.854346 -0.449135 -0.522899 -2.086863 -0.222714 0.363985 1.111419 -0.907830 -1.516140
P	-2.026052 -5.109665 -0.468256 -9.465617 0.721143 0.157923 1.246432 1.449641 -2.227219
Q	-2.023188 0.396304 -1.388250 -1.133021 0.003242 -3.330419 0.585214 -0.371904 0.679764
R	-4.697380 0.884803 -1.142978 -5.893730 0.199693 -0.931679 -0.568576 0.884149 0.434339
S	-1.579465 0.416237 1.441473 0.339530 0.928611 1.123587 0.400160 0.260512 1.921193
T	-1.313506 0.733325 1.870156 0.212412 0.697546 1.498077 -0.699157 -0.599012 -1.087709
V	1.912558 1.183048 0.666938 1.695156 0.466388 1.496912 0.402585 -0.027925 -0.295535
W	-2.619487 -3.436835 -6.341440 -2.781722 -4.346600 -7.350034 -3.166738 -3.829261 -7.684448
Y	0.393102 -0.285136 -0.156225 -2.315709 -1.751786 -4.063277 -1.957120 -1.164399 -1.789861
