A	-0.151749	1.178284	1.006843	0.540854	0.391991	0.302130	0.060448	0.356715	1.313214	-4.053569
C	-6.301496	-5.131571	-4.053569	-6.301496	-6.301496	-4.494141	-3.716534	-3.716534	-4.053569	-6.301496
D	-1.235407	-3.716534	1.839334	1.358500	0.948802	0.863411	0.556485	0.245398	-2.092043	-6.301496
E	-1.182555	-0.594137	0.924916	1.428125	1.218140	0.509075	0.983906	0.785967	0.812246	-6.301496
F	1.445018	-1.909179	0.186344	-1.406678	-0.943944	-1.825763	-0.526709	-1.672140	-1.533312	2.527434
G	-2.418853	-3.016094	-2.418853	0.632194	1.147652	1.322385	1.029421	-1.082328	-1.406678	-5.131571
H	1.275933	-4.494141	-1.347300	-1.034710	-1.034710	-0.817680	-0.341494	-0.151749	-1.347300	-5.131571
I	0.225981	-1.406678	0.675784	-1.182555	-0.594137	-0.494141	0.103645	0.646871	-0.858553	-4.053569
K	-0.988613	-4.053569	-1.601056	-0.230034	-0.526709	0.374461	0.302130	-0.777934	0.374461	-6.301496
L	1.411031	-0.943944	0.038354	-0.739254	-0.177375	0.245398	0.186344	0.338749	-0.230034	2.189355
M	0.936909	-3.016094	-0.284688	-3.214033	-2.092043	-2.546609	-1.746907	-1.997715	-1.909179	0.426424
N	-0.739254	-3.214033	-0.560029	-0.526709	-0.177375	-0.526709	-0.370759	-0.257102	-0.988613	-6.301496
P	-4.494141	3.642118	0.850789	1.740163	1.137296	0.825208	0.509075	0.186344	-1.290269	-5.131571
Q	-1.347300	-1.997715	-0.739254	0.082208	-0.431131	-0.151749	0.038354	0.476581	-0.341494	-5.131571
R	-0.462292	-2.686786	-0.817680	-0.664872	-0.739254	0.206298	-0.077495	-0.431131	-0.943944	-6.301496
S	0.103645	-1.825763	-0.006875	0.632194	0.745628	0.661400	0.426424	0.206298	1.726410	-6.301496
T	0.015916	-2.092043	-1.601056	-0.701583	0.206298	0.245398	0.264558	0.888328	1.648331	-6.301496
V	-0.312812	0.103645	-0.151749	-0.739254	-0.126571	0.124769	-0.400629	1.367389	1.168146	-2.686786
W	-4.053569	-3.443515	-3.016094	-3.716534	-2.686786	-5.131571	-2.418853	-3.443515	-4.053569	-2.301496
Y	0.948802	-0.370759	-0.053569	-1.746907	-1.347300	-1.468606	-0.988613	-0.739254	-1.290269	2.932722
