A	-0.104932	1.187675	0.592221	0.395055	1.021665	0.268976	1.060242	0.333392	0.056431	1.442556	-4.335887
C	-4.335887	-5.505812	-4.335887	-3.257884	-5.505812	-3.257884	-2.920849	-3.698457	-3.257884	-4.335887	-4.335887
D	-1.397287	-3.257884	1.594851	0.765651	0.788809	0.856132	0.592221	0.017750	1.513779	-2.920849	-5.505812
E	-0.672922	-1.623169	1.272266	1.170145	1.594851	0.643936	0.454190	1.021665	1.060242	0.811601	-5.505812
F	1.304760	-2.647831	0.201548	-1.891102	-1.505812	-1.505812	-1.296358	-1.030078	-1.296358	-2.046380	2.392034
G	-2.647831	-2.920849	-1.891102	0.395055	0.742116	1.170145	0.643936	1.170145	-0.610994	-1.397287	-5.505812
H	1.170145	-3.698457	-0.951223	-1.623169	-0.951223	-0.672922	-0.494584	-0.239025	-0.062868	-1.296358	-4.335887
I	0.301543	-1.296358	0.538583	-0.951223	-0.672922	-0.148260	0.056431	-0.335887	0.235655	-0.148260	-3.698457
K	-1.623169	-4.335887	-1.505812	0.017750	-0.876455	0.166614	0.235655	0.395055	-1.397287	0.130813	-5.505812
L	1.320737	-1.397287	0.669114	-0.148260	-0.439722	-0.062868	0.693861	0.454190	0.333392	0.056431	2.369170
M	0.899330	-3.257884	0.235655	-3.698457	-2.920849	-2.647831	-1.891102	-2.647831	-2.220409	-1.505812	0.788809
N	-0.551615	-3.698457	-0.386870	-0.494584	-0.386870	-0.386870	-0.551615	0.235655	-0.386870	-1.030078	-5.505812
P	-5.505812	3.760975	-0.610994	2.282091	0.982028	0.130813	0.510997	-0.286643	-0.610994	-2.046380	-4.335887
Q	-1.030078	-1.750924	-0.672922	-0.551615	-0.494584	-0.239025	-0.104932	-0.192929	0.718190	0.235655	-5.505812
R	-0.551615	-3.698457	-1.202031	-1.505812	-1.891102	0.130813	0.201548	-0.062868	-0.672922	-0.335887	-5.505812
S	0.333392	-1.296358	0.565651	0.669114	1.116240	1.288604	0.592221	0.669114	0.693861	1.222109	-5.505812
T	0.482873	-1.891102	-1.505812	-0.239025	0.201548	0.618310	0.235655	0.424926	0.130813	1.367633	-5.505812
V	0.017750	-1.397287	0.017750	-0.494584	0.364553	-0.192929	0.017750	0.301543	1.079151	1.513779	-2.418349
W	-5.505812	-3.698457	-2.647831	-2.920849	-3.698457	-4.335887	-4.335887	-4.335887	-3.257884	-5.505812	-2.920849
Y	0.718190	-0.286643	0.017750	-1.623169	-2.220409	-2.046380	-2.418349	-1.505812	-2.046380	-1.202031	2.820618
