A	-0.309855	-0.036837	0.390584	-0.036837	0.390584	-0.309855	0.564614	1.105182	1.408963	0.192645	1.408963	-2.894818
C	-2.894818	-2.894818	-2.894818	-2.894818	-1.724893	-2.894818	-2.894818	-2.894818	-2.894818	-2.894818	-1.724893	-2.894818
D	-2.894818	-2.894818	0.987825	1.497500	0.390584	0.564614	0.390584	-0.309855	0.192645	1.497500	-1.724893	-2.894818
E	-1.724893	-1.724893	1.497500	0.564614	1.497500	0.860070	0.192645	0.390584	0.564614	1.497500	0.192645	-2.894818
F	1.497500	-1.087463	-0.036837	0.390584	-2.894818	-1.087463	-1.724893	-0.646890	-1.724893	-2.894818	-1.724893	1.938072
G	-1.724893	-1.724893	-1.724893	0.564614	0.860070	0.987825	0.987825	1.873367	0.719892	0.390584	-0.646890	-2.894818
H	1.408963	-1.724893	-1.087463	-1.724893	-1.724893	-1.724893	-1.087463	-0.646890	-0.309855	-0.036837	-0.646890	-2.894818
I	-0.036837	-1.724893	0.564614	-1.087463	-1.087463	-0.309855	-0.036837	-1.087463	-0.036837	-0.646890	-0.646890	-2.894818
K	-2.894818	-2.894818	-1.087463	0.192645	-1.087463	0.192645	-0.036837	-0.646890	0.719892	-1.724893	-0.309855	-2.894818
L	1.105182	-1.724893	0.390584	-0.646890	-0.646890	0.719892	-0.309855	0.192645	0.390584	-0.036837	0.564614	1.734539
M	1.580916	-1.724893	-0.646890	-2.894818	-0.646890	-1.724893	-1.724893	-1.087463	-1.087463	-1.087463	-1.087463	0.192645
N	-0.036837	-2.894818	-0.036837	-2.894818	0.390584	-0.309855	-0.309855	-0.036837	0.192645	-0.036837	-2.894818	-2.894818
P	-2.894818	3.883259	0.192645	1.659771	1.873367	0.192645	0.564614	0.987825	0.192645	-0.646890	-2.894818	-2.894818
Q	0.390584	-1.724893	-1.087463	-0.309855	-0.646890	-1.087463	-0.646890	-0.646890	-0.646890	-0.036837	-0.036837	-2.894818
R	-1.724893	-2.894818	-1.087463	-1.087463	-1.724893	0.192645	1.213707	-0.036837	-0.036837	-1.087463	-1.724893	-2.894818
S	0.564614	-2.894818	0.390584	1.314636	0.860070	1.105182	0.564614	0.564614	0.860070	0.192645	0.987825	-2.894818
T	-1.087463	-2.894818	-1.087463	-0.309855	0.390584	0.192645	0.987825	-0.036837	-1.087463	-0.309855	1.805622	-2.894818
V	-1.087463	-1.724893	-0.309855	-0.309855	-1.087463	0.719892	0.192645	-1.724893	-1.724893	1.213707	1.659771	-2.894818
W	-2.894818	-2.894818	-2.894818	-2.894818	-2.894818	-2.894818	-2.894818	-1.724893	-2.894818	-1.724893	-2.894818	-2.894818
Y	0.390584	-1.724893	1.213707	-1.724893	-2.894818	-1.087463	-2.894818	-1.724893	-0.309855	-0.646890	-1.724893	3.254929
