A	-1.754888	0.830075	1.332575	0.052467	0.493040	0.830075	-0.584963	-0.584963	-0.584963	1.103093	0.830075	0.493040	-1.754888
C	-1.754888	-1.754888	-1.754888	-1.754888	-1.754888	-1.754888	-1.754888	-1.754888	-1.754888	-1.754888	-0.584963	-1.754888	-1.754888
D	-0.584963	-1.754888	1.332575	1.332575	0.493040	0.830075	1.704544	0.052467	1.530515	0.052467	0.830075	-0.584963	-1.754888
E	-0.584963	-0.584963	1.332575	0.830075	0.493040	-0.584963	-0.584963	1.332575	0.052467	0.830075	0.830075	0.052467	-1.754888
F	1.103093	-1.754888	0.830075	0.052467	-0.584963	-1.754888	-1.754888	-1.754888	-1.754888	0.052467	0.052467	-0.584963	2.000000
G	0.052467	-1.754888	-1.754888	1.103093	0.830075	0.493040	1.103093	1.332575	0.830075	0.493040	0.052467	-1.754888	-1.754888
H	1.332575	-1.754888	-1.754888	-1.754888	-1.754888	0.052467	-0.584963	-1.754888	-0.584963	-1.754888	0.052467	-0.584963	-1.754888
I	-0.584963	-1.754888	-0.584963	0.052467	0.830075	0.830075	-0.584963	-0.584963	-1.754888	0.052467	-0.584963	-1.754888	-1.754888
K	-1.754888	-0.584963	-0.584963	-1.754888	-1.754888	-0.584963	0.830075	0.052467	1.103093	-0.584963	-1.754888	0.493040	-1.754888
L	0.493040	-1.754888	-1.754888	-1.754888	-0.584963	0.052467	0.052467	0.052467	-1.754888	-0.584963	1.103093	-0.584963	0.052467
M	1.332575	-1.754888	0.052467	-0.584963	-1.754888	-1.754888	-0.584963	-1.754888	-1.754888	-0.584963	-1.754888	-0.584963	0.493040
N	-1.754888	-1.754888	-0.584963	-0.584963	-0.584963	0.052467	0.052467	-0.584963	0.493040	0.052467	-0.584963	0.052467	-1.754888
P	-1.754888	3.464281	-0.584963	1.704544	0.493040	1.103093	-0.584963	1.332575	0.493040	-1.754888	0.052467	-0.584963	-1.754888
Q	-0.584963	-0.584963	0.493040	-0.584963	-0.584963	-0.584963	0.052467	0.052467	0.052467	0.052467	0.493040	0.052467	-1.754888
R	-1.754888	-1.754888	-1.754888	-0.584963	-1.754888	0.052467	-0.584963	0.493040	1.103093	0.052467	-1.754888	0.493040	-1.754888
S	0.052467	-1.754888	0.052467	-1.754888	1.103093	0.052467	0.052467	0.493040	0.052467	0.493040	1.103093	2.000000	-1.754888
T	-0.584963	-1.754888	-1.754888	0.830075	0.052467	0.493040	0.052467	-0.584963	-0.584963	0.052467	-1.754888	0.052467	-1.754888
V	-0.584963	0.052467	-0.584963	-1.754888	1.103093	-0.584963	-0.584963	0.052467	-0.584963	0.830075	0.052467	0.830075	-1.754888
W	-1.754888	-1.754888	-1.754888	-1.754888	-1.754888	-1.754888	-0.584963	-1.754888	-1.754888	-0.584963	-1.754888	-1.754888	-1.754888
Y	1.704544	-1.754888	0.830075	-0.584963	0.052467	-0.584963	0.052467	-1.754888	-0.584963	-0.584963	-1.754888	-0.584963	3.139930
