A	-0.567685	1.715955	0.879202	0.352881	0.847353	0.051225	1.164119	-3.790077
C	-4.960002	-4.960002	-3.152647	-4.960002	-3.790077	-2.712074	-3.152647	-4.960002
D	0.158939	-1.872539	2.803210	0.158939	1.586893	-0.127112	-1.205114	-4.960002
E	-0.960002	-0.005806	-0.191818	1.239670	0.602240	-0.191818	1.445140	-4.960002
F	1.357411	-0.960002	-0.005806	-1.345292	-1.500570	-1.205114	-2.102021	2.031520
G	-4.960002	-3.152647	-0.851477	0.158939	0.879202	-1.077359	-2.375039	-4.960002
H	0.563560	-4.960002	-0.750549	-1.205114	-0.330645	1.586893	-0.484269	-4.960002
I	0.209923	-2.102021	-0.065184	-0.750549	0.158939	0.158939	-0.567685	-0.484269
K	-3.790077	-4.960002	-1.872539	0.910363	-1.205114	-0.851477	0.563560	-3.790077
L	1.264000	-1.872539	-0.750549	0.712423	-0.484269	-0.005806	-0.259562	2.457851
M	0.910363	-4.960002	-0.960002	-1.205114	-3.790077	-2.375039	-2.375039	0.814785
N	-0.960002	-4.960002	-1.077359	-0.656221	-1.500570	-0.065184	-2.102021	-4.960002
P	-1.345292	3.623081	-1.077359	0.940865	0.747357	0.639911	-1.500570	-4.960002
Q	-1.872539	-1.500570	-1.077359	-0.851477	-1.077359	0.259167	-0.405413	-3.790077
R	-2.102021	-4.960002	-1.872539	-0.259562	-0.960002	-1.077359	-0.330645	-4.960002
S	-0.191818	-1.674600	0.051225	-0.484269	0.970735	0.306785	1.189745	-4.960002
T	-0.259562	-1.077359	-0.191818	0.602240	0.563560	0.602240	1.189745	-3.790077
V	0.209923	-0.960002	-0.259562	0.940865	0.781465	1.264000	1.733485	-0.330645
W	-2.102021	-4.960002	-2.102021	-3.790077	-4.960002	-3.152647	-4.960002	-1.872539
Y	1.834414	-3.152647	0.051225	-0.851477	-3.790077	-0.330645	-3.152647	2.654708
