A	0.113700	1.553115	1.026446	0.253384	0.369606	0.469365	0.523060	1.328836	-3.365871
C	-5.506353	-6.380822	-3.608232	-5.878321	-4.490051	-3.846843	-3.746616	-3.442222	-6.380822
D	-0.193470	-3.652901	1.897047	0.957543	0.589284	0.543001	-0.589659	-2.123434	-8.965784
E	-0.531156	0.944484	0.427070	1.518283	0.873420	0.577248	0.638769	0.999639	-7.158429
F	0.769349	-0.520769	0.031395	-1.351074	-0.831358	-0.382702	-1.023270	-1.763660	2.480136
G	-2.002888	-2.648372	-1.612637	0.487486	0.538041	0.130272	-1.839080	-1.060397	-8.965784
H	0.837540	-4.857260	-0.589659	-0.876996	-0.274041	-0.401635	0.572405	-0.812232	-4.490051
I	0.197865	-0.972846	0.329985	-0.944804	0.090176	0.383497	0.318461	-1.001443	-0.812232
K	-0.425656	-5.878321	-0.662004	0.133564	0.076559	-0.105473	-0.662004	0.344260	-7.158429
L	0.955685	-0.287184	0.146655	0.153157	0.219711	0.256407	0.752320	0.048934	2.454044
M	0.048934	-2.921390	-0.536378	-2.254978	-2.046921	-2.061902	-1.974262	-2.077041	0.596458
N	-0.052147	-6.380822	0.052416	-0.510457	-0.296013	-0.505328	-0.256700	-1.236164	-7.795859
P	-6.717857	3.104253	-1.416962	1.571434	0.686613	0.410884	0.416299	-1.891643	-6.107803
Q	-0.824955	-0.662004	-0.459973	-0.093879	-0.269686	-0.074760	0.495183	0.301002	-5.680382
R	-0.044687	-6.107803	-0.744197	-0.793357	-0.172994	-0.093879	-0.261016	-0.067183	-7.158429
S	0.891030	-1.416962	0.608336	0.711054	0.631803	0.769349	0.528071	1.480007	-6.380822
T	0.739416	-1.121863	-0.500218	-0.248108	0.110363	0.627140	0.547943	1.299831	-5.083141
V	0.289244	0.201006	0.182057	-0.469929	0.704429	0.792439	1.102322	1.119024	-0.420820
W	-3.095420	-4.265345	-3.064917	-3.795859	-3.095420	-4.070967	-3.190997	-5.351074	-2.582080
Y	0.435095	0.471968	-0.164884	-2.017417	-1.169745	-1.516636	-0.702515	-1.137648	2.507668
