A	-3.341563 0.535297 0.850265 0.317394 0.365594 -0.023282 0.060111 0.566457 0.515553
C	-8.834972 -4.687569 -3.313998 -5.091627 -2.965237 -7.901053 -4.567838 -5.812955 -3.149835
D	-10.517623 -0.890412 -1.287586 -2.459766 -0.432610 -2.275689 -1.666036 -1.019697 -2.459155
E	-10.195491 0.504972 0.196776 -0.897791 0.495206 -0.968300 -0.088292 0.212689 -0.455970
F	-0.074374 -0.837042 -0.322899 0.978303 -1.942695 -6.738028 -0.367073 -1.503560 -0.278521
G	-5.991180 -1.636948 -0.237408 -3.299087 0.103408 -1.468867 -1.056587 0.267843 -0.035700
H	-10.738063 -0.454178 -1.380626 1.141132 -0.341694 -0.924985 0.451689 -0.033714 -1.280888
I	2.977434 0.578852 0.960390 0.041434 -0.544746 -2.029676 -0.012376 -0.144345 -0.347362
K	-9.971807 1.138421 0.482301 1.400035 1.548654 2.733706 1.236352 0.997953 0.774678
L	2.572807 0.939055 0.764417 0.881472 -0.153392 -3.279239 1.492058 1.178504 0.479057
M	-0.661547 -2.354788 -1.552994 -0.940285 -1.916676 -5.313539 -2.071367 -2.179515 -1.360431
N	-10.512738 -1.164199 -0.613670 -0.368655 -0.018837 -0.858845 0.322766 -0.394434 -2.305075
P	-5.334796 -10.170014 0.440561 -6.074033 0.720215 -1.673104 -0.593041 0.619807 -3.080971
Q	-6.345374 0.183071 -0.464305 0.110780 0.215805 -1.339396 0.641276 0.289072 0.058848
R	-10.138303 1.120524 0.233179 0.632819 0.945540 2.672674 1.140373 0.890970 2.503522
S	-10.146580 -0.024637 0.468454 -0.368369 0.310782 -0.076883 -0.556886 0.087346 0.010132
T	-4.256053 0.305632 -0.265469 -0.826141 0.086751 0.315627 -1.172135 -0.287128 -1.922210
V	2.071941 1.209079 0.932926 0.213632 0.033049 -0.885521 -0.138915 0.018298 0.466858
W	-5.106669 -3.315094 -2.628064 -0.203090 -3.106846 -11.063036 -2.736112 -3.410714 -6.377786
Y	-2.761739 -0.422215 -0.105616 -0.135275 -1.429413 -9.349101 -0.362373 -0.818381 0.440840
