A	2.099801	-1.416363	0.264359	0.666099	0.853726	0.264359	-0.111508	-0.111508	1.645921	-1.416363
C	-4.503826	-4.503826	-4.503826	-4.503826	-4.503826	-4.503826	-4.503826	-4.503826	-4.503826	-3.333901
D	-4.503826	-4.503826	-1.416363	0.390992	-0.395301	-0.621183	-1.645845	-3.333901	-1.918863	-4.503826
E	-4.503826	-4.503826	-4.503826	1.058417	-0.111508	-1.645845	-0.889116	-0.889116	0.264359	-4.503826
F	-2.255898	-4.503826	-0.395301	-2.255898	-0.748938	-0.748938	-0.748938	-1.918863	-0.748938	0.897054
G	-1.918863	-4.503826	-1.918863	0.666099	0.809057	0.562263	1.096087	-2.255898	-1.645845	-4.503826
H	-0.111508	-4.503826	-1.044394	-2.255898	-0.621183	0.390992	-0.621183	-0.503826	-1.918863	-3.333901
I	-1.218424	-2.696471	-1.044394	-1.645845	-1.044394	0.264359	0.125531	-0.111508	0.196614	0.125531
K	1.096087	-4.503826	2.487696	0.897054	0.264359	1.335378	0.979990	1.203533	0.264359	-4.503826
L	0.050763	-3.333901	-1.044394	-0.294372	-0.889116	0.264359	0.853726	0.715343	0.264359	3.604699
M	-1.218424	-4.503826	-0.748938	-2.696471	-2.255898	-2.255898	-2.696471	-2.255898	-1.645845	0.562263
N	-1.918863	-3.333901	0.264359	-0.889116	0.050763	-0.111508	-1.044394	-1.044394	-1.645845	-4.503826
P	-4.503826	4.161510	-0.748938	2.023651	1.540568	0.507402	0.939118	0.562263	-0.503826	-2.696471
Q	-0.395301	-4.503826	-0.294372	-0.028092	-0.294372	-0.621183	-0.503826	-0.889116	-1.416363	-3.333901
R	2.290590	-4.503826	1.901316	-0.503826	0.329064	1.168600	1.203533	2.062228	-1.044394	-2.255898
S	1.303529	-2.255898	0.853726	1.132799	1.019736	0.853726	0.264359	0.390992	1.858118	-3.333901
T	-0.621183	-2.255898	-0.889116	-1.044394	0.125531	-0.028092	-0.111508	0.853726	1.096087	-3.333901
V	-0.395301	-1.218424	-2.696471	-1.218424	0.329064	-0.200045	0.666099	0.853726	1.237641	0.809057
W	-3.333901	-4.503826	-1.416363	-3.333901	-1.918863	-2.255898	-1.645845	-3.333901	-4.503826	-3.333901
Y	-2.255898	-4.503826	-1.218424	-1.645845	-1.416363	-2.696471	-1.645845	-1.218424	-1.918863	-3.333901
