A	1.673772	-1.584963	0.817136	0.817136	1.000000	-0.106915	0.817136	0.222392	0.067114	1.308122	-0.534336
C	-3.392317	-3.392317	-3.392317	-3.392317	-3.392317	-3.392317	-3.392317	-3.392317	-3.392317	-3.392317	-2.222392
D	-3.392317	-3.392317	0.607683	-0.106915	0.067114	-1.584963	-2.222392	-0.534336	-3.392317	-1.144390	-3.392317
E	-3.392317	-3.392317	-3.392317	0.067114	-0.304855	-0.807355	-0.304855	0.067114	-0.807355	-0.106915	-3.392317
F	-1.144390	-3.392317	-2.222392	-1.584963	-1.144390	-3.392317	-1.584963	-0.304855	-2.222392	-2.222392	0.817136
G	-0.807355	-3.392317	-1.584963	0.716207	0.362570	0.716207	0.911463	0.911463	-3.392317	-0.534336	-3.392317
H	-1.144390	-3.392317	-0.304855	-1.584963	0.067114	0.222392	-1.144390	-0.807355	0.607683	-1.584963	-3.392317
I	-0.807355	-2.222392	-1.144390	-0.106915	-1.144390	-0.304855	0.607683	-0.106915	0.490326	0.362570	-0.106915
K	0.817136	-3.392317	1.502500	-0.534336	0.222392	1.920566	0.067114	0.607683	0.067114	0.490326	-3.392317
L	-0.534336	-3.392317	-1.584963	0.716207	-0.807355	0.222392	0.067114	1.162271	0.607683	1.000000	3.668379
M	-1.144390	-3.392317	-1.584963	-2.222392	-1.584963	-2.222392	-1.144390	-0.534336	-3.392317	-1.584963	-0.807355
N	-3.392317	-3.392317	0.911463	-0.807355	0.067114	-0.534336	-1.584963	-0.534336	-1.144390	-3.392317	-3.392317
P	-3.392317	4.127319	-2.222392	1.777608	0.911463	0.362570	1.162271	0.067114	-0.807355	-3.392317	-1.584963
Q	-2.222392	-3.392317	-0.807355	-0.304855	0.222392	-1.144390	-1.584963	0.222392	-0.106915	0.362570	-3.392317
R	2.349150	-3.392317	1.726624	-0.534336	0.490326	1.965235	-0.534336	0.490326	2.478047	-0.534336	-3.392317
S	1.561879	-3.392317	1.826851	1.561879	1.440573	0.490326	1.502500	-0.534336	0.362570	1.000000	-3.392317
T	-0.534336	-3.392317	-1.144390	0.067114	0.362570	-0.807355	0.716207	0.716207	-0.304855	1.440573	-3.392317
V	1.083416	-1.144390	-1.584963	-1.144390	-0.304855	-0.807355	0.716207	0.362570	1.083416	1.440573	0.607683
W	-3.392317	-3.392317	-1.584963	-2.222392	-2.222392	-3.392317	-3.392317	-3.392317	-3.392317	-3.392317	-3.392317
Y	-2.222392	-3.392317	-0.807355	-2.222392	-2.222392	-2.222392	-0.807355	-1.584963	-1.144390	-3.392317	-2.222392
