A	0.794531	-1.650254	0.037802	0.267284	-0.572251	0.267284	0.639253	-2.820179
C	-2.820179	-2.820179	-2.820179	-2.820179	-2.820179	-2.820179	-2.820179	-2.820179
D	-2.820179	-2.820179	-2.820179	-2.820179	-2.820179	-1.650254	-2.820179	-2.820179
E	-2.820179	-2.820179	-2.820179	0.037802	-2.820179	-2.820179	1.179821	-2.820179
F	-1.012824	-2.820179	-1.012824	-0.572251	-1.650254	-1.650254	-1.650254	-0.572251
G	-0.572251	-2.820179	-1.012824	-2.820179	1.880261	-0.572251	-0.572251	-2.820179
H	0.037802	-2.820179	0.794531	-2.820179	-0.572251	0.037802	-2.820179	-2.820179
I	-1.012824	-2.820179	-0.235216	0.267284	-2.820179	-0.235216	-1.650254	-0.572251
K	0.639253	-2.820179	2.398990	1.655554	1.572138	1.809178	-0.235216	-2.820179
L	0.267284	-2.820179	-0.235216	0.934709	0.639253	0.267284	0.465223	3.855778
M	-0.235216	-2.820179	-1.012824	-1.650254	-2.820179	-1.012824	-2.820179	-1.650254
N	-1.012824	-2.820179	-0.572251	-0.235216	-1.650254	0.267284	-2.820179	-2.820179
P	-2.820179	4.068564	-1.650254	1.062464	1.734410	1.179821	-2.820179	-2.820179
Q	-1.650254	-2.820179	-1.012824	-0.235216	-1.650254	-1.650254	-0.235216	-2.820179
R	1.948005	-2.820179	1.572138	-0.572251	1.734410	0.465223	0.267284	-2.820179
S	2.012711	-2.820179	-1.012824	0.794531	0.037802	0.267284	1.948005	-2.820179
T	0.639253	-2.820179	-0.235216	0.639253	-2.820179	0.465223	1.062464	-2.820179
V	-1.012824	-1.012824	0.037802	0.465223	-1.650254	0.639253	1.734410	0.794531
W	-1.650254	-2.820179	-1.012824	-2.820179	-1.012824	-1.012824	-1.650254	-2.820179
Y	-1.650254	-2.820179	0.037802	-0.572251	-2.820179	-1.650254	-2.820179	-2.820179
