A	1.373141	-0.385237	0.340901	0.618129	0.361136	0.048221	-0.526792	1.312087	-1.358520
C	-6.126704	-6.126704	-6.126704	-6.126704	-4.956779	-6.126704	-4.319350	-6.126704	-4.319350
D	-6.126704	-6.126704	-3.541742	-0.319350	-1.293814	-2.244061	-1.917251	-1.822924	-6.126704
E	-3.039242	-6.126704	-1.497348	0.864817	-0.859918	-1.734387	-0.564462	0.762039	-6.126704
F	-1.293814	-6.126704	-1.231887	-0.526792	-0.419345	-0.195967	-1.734387	-1.822924	0.634847
G	-0.564462	-6.126704	-1.060615	0.618129	0.361136	1.050715	-1.358520	-0.419345	-6.126704
H	-0.419345	-6.126704	-0.725825	-1.497348	0.048221	-0.725825	-0.564462	-2.667273	-3.878777
I	-0.319350	-1.293814	-0.956779	-1.231887	-0.813822	0.634847	-0.319350	-0.256340	0.476922
K	1.181635	-6.126704	2.590972	0.495347	1.170212	0.777177	2.188445	0.235239	-4.956779
L	0.651373	-2.018180	-0.082310	0.320379	-0.642889	0.699844	0.806986	0.235239	3.694671
M	-1.358520	-6.126704	-0.859918	-1.822924	-3.268723	-1.734387	-1.572116	-1.007763	-0.166703
N	-1.007763	-4.956779	0.235239	-0.002583	-0.138020	-0.603143	-0.490080	-1.822924	-6.126704
P	-6.126704	4.074501	-3.541742	1.497177	1.928578	0.549253	1.248335	-1.060615	-3.878777
Q	-0.956779	-4.319350	0.023043	-0.385237	-0.454279	-0.642889	-0.526792	0.048221	-4.956779
R	1.837636	-6.126704	2.014125	-0.351917	0.476922	1.577199	0.850575	-0.225838	-6.126704
S	1.808461	-3.268723	-0.002583	1.123594	0.601216	0.235239	0.476922	1.644785	-6.126704
T	0.097297	-2.841302	-0.859918	-0.138020	-0.526792	-0.055242	0.144759	1.087615	-2.841302
V	-0.385237	0.320379	-2.018180	-0.419345	0.531507	0.584102	0.190708	1.259158	1.158698
W	-4.956779	-6.126704	-1.917251	-3.039242	-2.018180	-3.039242	-3.039242	-4.956779	-4.319350
Y	-1.231887	-6.126704	-1.497348	-0.859918	-1.497348	-2.371817	-2.667273	-1.650971	-3.878777
