A	-2.189917 1.078828 1.676069 1.341576 1.068891 2.506282 2.351866 1.293206 1.688834
C	-9.818115 -5.001839 -2.092956 -3.738914 -9.504281 -1.965694 -2.820027 -3.347528 -3.320829
D	-6.636819 -1.358225 -1.701285 0.669943 -0.464166 0.288642 -1.355180 -0.697088 0.521648
E	-2.847803 0.569172 -0.918589 1.440644 0.476510 -1.800586 0.596597 0.818594 -0.076712
F	0.956811 -1.011955 0.117296 -1.167630 -1.381400 -2.206988 -1.595978 -1.959273 -6.076106
G	-4.313906 -1.537047 0.885852 -0.896496 -0.842237 -0.729426 -0.558631 -0.023848 0.569567
H	-3.851580 -0.142669 -1.110991 -2.985736 -1.467629 -3.354107 -1.016611 -0.879287 0.113676
I	1.005831 0.150172 0.191530 0.968094 0.307920 -0.370885 -0.707393 -0.870720 -1.636661
K	0.008341 0.901918 -0.917259 -4.308230 1.058857 -0.677790 -1.745261 1.013555 -1.225727
L	-0.316949 0.409911 0.264719 -0.506152 0.961165 -0.753560 0.976566 0.475701 -0.723539
M	-2.567791 -2.219001 -1.550212 -2.003802 -1.503233 -4.226638 -1.719813 -2.541111 -2.483635
N	-3.168966 -0.296350 -0.791478 -0.040067 -0.752646 -0.628470 0.171896 -0.921636 1.523712
P	-7.148357 -4.818339 -0.121518 -0.990481 0.250785 1.495705 0.372535 0.577820 -2.999335
Q	-2.626348 -0.122699 -0.488451 -1.520976 0.105681 -3.842975 -0.177493 0.180596 0.099109
R	3.306568 1.210538 -1.660872 -5.875322 0.043983 -1.076116 -0.874666 1.065724 -1.071828
S	-4.325591 0.268573 1.121161 1.396302 0.472211 0.973423 0.563076 0.500447 2.015326
T	-5.074929 0.598809 -0.446820 1.059604 0.452264 0.533159 -0.641194 -0.136157 -0.738818
V	-0.434508 0.917856 0.527749 0.919720 0.870288 1.057776 0.813109 0.169432 -0.115019
W	-1.792327 -2.676186 -1.607353 -2.828689 -4.855797 -5.798985 -3.002192 -3.515193 -9.744093
Y	1.203138 -0.205074 0.940242 -1.230763 -1.505640 -3.831617 -1.674650 -1.417995 -3.965649
