A	-0.896164	0.181838	0.518873	-2.066089	-0.896164	0.181838	-0.258734	-0.258734	-0.896164	-2.066089
C	-2.066089	-0.896164	-2.066089	-2.066089	-2.066089	-2.066089	-2.066089	-2.066089	-2.066089	-2.066089
D	-2.066089	-2.066089	1.933911	0.791892	1.393342	-2.066089	-0.896164	-2.066089	-2.066089	-2.066089
E	-2.066089	-2.066089	-2.066089	1.688798	1.548621	-0.258734	-2.066089	1.219313	0.181838	-2.066089
F	-0.258734	-2.066089	0.181838	-0.896164	-0.258734	0.181838	0.518873	-0.896164	0.181838	3.052852
G	-2.066089	-0.896164	-2.066089	0.181838	0.791892	1.219313	1.548621	-2.066089	-0.896164	-2.066089
H	-2.066089	-2.066089	-2.066089	-2.066089	-0.258734	-0.896164	-0.258734	-0.896164	0.181838	-2.066089
I	0.518873	-2.066089	0.181838	-0.896164	0.181838	0.791892	1.021374	-0.258734	0.181838	-0.896164
K	2.634351	-2.066089	-0.258734	-0.896164	-2.066089	0.181838	-0.896164	-0.258734	1.219313	-2.066089
L	-2.066089	-2.066089	1.021374	-0.896164	-0.896164	-0.896164	0.791892	1.021374	0.181838	1.548621
M	-2.066089	-2.066089	-0.896164	-2.066089	-2.066089	-2.066089	-2.066089	-0.258734	-0.896164	-0.258734
N	-2.066089	-2.066089	-0.896164	-2.066089	0.181838	0.791892	-0.258734	0.181838	-0.896164	-2.066089
P	-2.066089	-2.066089	-0.896164	2.488500	1.021374	0.791892	0.518873	-0.258734	-2.066089	-2.066089
Q	-2.066089	-2.066089	-2.066089	-0.258734	-0.896164	0.181838	0.181838	0.518873	0.181838	-2.066089
R	1.933911	-2.066089	-0.258734	-0.258734	-0.258734	-0.896164	-0.896164	0.518873	-0.258734	-2.066089
S	-0.258734	2.409644	-2.066089	-0.258734	-0.258734	0.181838	0.518873	-0.258734	0.181838	-2.066089
T	-2.066089	2.766801	-0.896164	-0.896164	0.181838	1.021374	-0.258734	1.021374	2.042435	-2.066089
V	0.518873	1.219313	0.791892	-0.258734	-0.258734	-0.258734	0.181838	0.181838	-0.258734	-2.066089
W	-2.066089	-2.066089	-2.066089	-0.896164	-2.066089	-2.066089	-2.066089	-0.896164	-0.896164	-2.066089
Y	1.021374	-2.066089	1.688798	-0.896164	-0.896164	-0.896164	-0.258734	0.181838	-0.896164	1.933911
