A	-0.169925	2.881737	0.530515	-2.754888	1.127756	-1.584963	-0.506960	-2.754888
C	-2.754888	-2.754888	-2.754888	-2.754888	-2.754888	-2.754888	-1.584963	-2.754888
D	-2.754888	-2.754888	0.859822	-0.947533	-1.584963	-2.754888	-2.754888	-2.754888
E	-2.754888	-2.754888	-1.584963	0.332575	-0.947533	-2.754888	1.245112	-2.754888
F	-0.506960	-2.754888	0.530515	-0.947533	-1.584963	-2.754888	0.103093	1.353637
G	-2.754888	-2.754888	1.000000	-0.947533	-0.947533	-2.754888	-1.584963	-2.754888
H	1.245112	-2.754888	-2.754888	-1.584963	-0.947533	0.103093	-0.506960	-2.754888
I	1.454566	-0.506960	0.530515	0.704544	1.127756	-0.506960	-0.947533	2.199309
K	0.332575	-2.754888	-0.506960	1.799701	-2.754888	-0.506960	1.000000	-2.754888
L	-1.584963	-2.754888	0.704544	0.332575	0.103093	2.199309	1.353637	2.807355
M	0.332575	-2.754888	-2.754888	-1.584963	-2.754888	0.103093	-0.947533	0.103093
N	-2.754888	-2.754888	-1.584963	-1.584963	-2.754888	-1.584963	-1.584963	-2.754888
P	-2.754888	-2.754888	1.353637	1.799701	2.557995	0.530515	-2.754888	-2.754888
Q	-1.584963	-2.754888	-2.754888	-0.947533	-0.947533	0.103093	0.530515	-2.754888
R	1.127756	-2.754888	0.704544	1.353637	-0.947533	1.874469	0.332575	-2.754888
S	-0.169925	2.464281	-0.506960	0.332575	-0.169925	0.103093	0.103093	-2.754888
T	0.704544	1.874469	-0.506960	-0.947533	0.332575	-0.169925	0.704544	-2.754888
V	1.353637	-0.947533	-0.506960	-0.169925	1.245112	0.859822	1.127756	1.353637
W	-2.754888	-2.754888	-1.584963	-2.754888	-2.754888	-2.754888	-2.754888	-2.754888
Y	0.859822	-2.754888	0.704544	-2.754888	-2.754888	-1.584963	-0.947533	-2.754888
