A	0.583851	1.848182	0.019854	-0.311140	0.099758	0.690925	-0.173261	-0.510296	-6.758223
C	-4.510296	-5.588298	-5.588298	-4.950868	-4.950868	-3.900242	-4.950868	-3.900242	-6.758223
D	-0.919019	-6.758223	1.762395	1.234715	-1.158310	-2.454442	-2.282490	-3.670760	-6.758223
E	-3.670760	-6.758223	-1.121599	1.241777	0.084127	-0.887858	-0.418373	1.147164	-6.758223
F	0.084127	-6.758223	1.077827	-2.875580	-0.047417	-0.173261	-0.713829	-0.136171	2.560320
G	-1.050864	-2.203634	-2.758223	0.874772	0.741623	0.052348	-2.875580	-1.588298	-6.758223
H	-0.857356	-5.588298	-1.588298	-1.804027	0.480182	-0.558551	0.275200	-0.741415	-6.758223
I	0.204673	-0.769539	0.800197	-1.990039	0.406684	1.053954	-0.082266	-1.315280	0.901773
K	2.147916	-5.588298	0.145659	0.019854	0.492075	-0.713829	-0.634102	0.394062	-6.758223
L	-0.608476	-1.746996	0.527179	-1.121599	0.443901	0.690925	1.752541	1.283436	1.950861
M	-1.746996	-2.649699	-1.121599	-3.003336	-2.365906	-1.445340	-1.539055	-1.925333	-0.290618
N	-1.804027	-1.234661	0.219057	-0.558551	-0.030303	-0.534222	-0.608476	-0.082266	-6.758223
P	-6.758223	0.503872	-1.400671	2.344409	0.219057	0.809733	0.503872	-4.510296	-6.758223
Q	-1.050864	-1.990039	-1.692134	-0.290618	0.052348	0.315918	0.550116	0.741623	-6.758223
R	1.644789	-2.128867	-1.085798	-1.050864	-0.136171	-0.486760	1.198879	-0.486760	-6.758223
S	0.550116	2.626561	0.443901	0.690925	0.190144	0.721557	0.780936	1.004989	-6.758223
T	-0.013389	2.360718	-0.290618	-0.117978	0.329240	0.550116	0.368481	1.516737	-6.758223
V	0.659629	0.480182	-0.030303	-0.950868	0.780936	1.255797	0.659629	0.480182	1.184291
W	-3.670760	-6.758223	-3.472821	-3.900242	-2.454442	-4.510296	-3.143513	-6.758223	0.847256
Y	0.261368	-6.758223	1.139622	-2.649699	-0.558551	-1.400671	-1.588298	0.052348	1.747588
