A	-2.672425	-0.865070	0.787006	0.415037	-0.865070	0.415037	-0.087463	0.185556	1.327575	-1.502500
C	-2.672425	-2.672425	-2.672425	-2.672425	-2.672425	-2.672425	-2.672425	-2.672425	-0.865070	-2.672425
D	-2.672425	-2.672425	0.415037	1.327575	0.612977	-0.424498	-0.424498	-0.865070	-0.865070	-2.672425
E	-1.502500	-2.672425	1.082462	1.436099	0.942285	0.942285	1.537028	0.415037	1.082462	-2.672425
F	1.436099	-2.672425	0.787006	-0.424498	-0.865070	-1.502500	-0.865070	-1.502500	-2.672425	0.612977
G	-2.672425	-2.672425	-1.502500	0.942285	1.631355	1.082462	1.082462	-0.424498	-2.672425	-2.672425
H	1.631355	-2.672425	-1.502500	-0.087463	-0.865070	-0.424498	-0.424498	0.612977	-2.672425	-2.672425
I	-0.087463	-2.672425	1.631355	-0.865070	0.612977	-0.865070	0.612977	0.415037	-0.424498	-1.502500
K	-2.672425	-2.672425	-2.672425	-1.502500	-1.502500	0.942285	-0.424498	-1.502500	0.185556	-1.502500
L	1.631355	-2.672425	-0.087463	-2.672425	0.415037	-0.424498	0.185556	1.436099	-0.865070	3.599038
M	1.719892	-2.672425	-2.672425	-2.672425	-0.424498	-2.672425	-1.502500	-1.502500	-0.865070	1.537028
N	-2.672425	-2.672425	-0.087463	-0.087463	-0.087463	-0.424498	-2.672425	-0.087463	-1.502500	-2.672425
P	-2.672425	4.021062	-2.672425	1.327575	-0.865070	0.612977	-0.087463	0.612977	-1.502500	-2.672425
Q	-0.865070	-2.672425	0.185556	-0.087463	-0.087463	0.185556	-0.865070	1.327575	-2.672425	-1.502500
R	-1.502500	-2.672425	-1.502500	-1.502500	-0.865070	0.185556	0.415037	-0.424498	-2.672425	-2.672425
S	0.185556	-2.672425	-0.087463	1.210218	0.787006	0.185556	0.942285	-1.502500	1.803308	-2.672425
T	-0.424498	-2.672425	-2.672425	-2.672425	-0.865070	0.415037	0.185556	-0.087463	1.210218	-2.672425
V	-1.502500	-0.865070	1.082462	-0.424498	0.942285	0.942285	0.415037	0.942285	1.719892	-2.672425
W	-2.672425	-2.672425	-2.672425	-2.672425	-2.672425	-2.672425	-2.672425	-2.672425	-2.672425	-2.672425
Y	1.082462	-2.672425	0.942285	-1.502500	-1.502500	-2.672425	-0.865070	-1.502500	-0.865070	-2.672425
