A	-1.096862	-2.266787	-1.096862	0.318176	-0.459432	0.318176	0.591194	-0.459432	0.318176	1.192645	-1.096862
C	-2.266787	-2.266787	-2.266787	-1.096862	-2.266787	-2.266787	-2.266787	-2.266787	-2.266787	-2.266787	-2.266787
D	-2.266787	-2.266787	0.591194	1.018616	0.820676	-0.018859	-0.018859	-0.018859	-0.459432	-1.096862	-2.266787
E	-2.266787	-2.266787	1.488101	1.347923	1.488101	0.318176	0.591194	1.347923	0.820676	1.347923	-2.266787
F	1.192645	-2.266787	0.591194	0.318176	-1.096862	-0.018859	-1.096862	-2.266787	-1.096862	-2.266787	0.318176
G	-1.096862	-2.266787	-2.266787	-0.459432	1.192645	1.347923	0.318176	0.820676	-0.018859	-1.096862	-2.266787
H	1.018616	-2.266787	-0.459432	-1.096862	-1.096862	-1.096862	0.591194	-0.459432	1.192645	-0.459432	-2.266787
I	1.018616	-2.266787	1.347923	-0.018859	0.318176	0.318176	-0.459432	-0.459432	0.820676	0.820676	-0.459432
K	-2.266787	-2.266787	-2.266787	-2.266787	-1.096862	-0.459432	0.820676	0.820676	-0.459432	-2.266787	-2.266787
L	1.488101	-2.266787	1.018616	-0.459432	0.318176	1.018616	0.591194	1.018616	1.018616	-0.018859	3.721898
M	1.615857	-2.266787	-0.018859	-2.266787	-2.266787	-0.459432	-2.266787	-2.266787	-1.096862	-1.096862	-0.018859
N	-2.266787	-2.266787	0.318176	-2.266787	-0.459432	-2.266787	-0.459432	0.318176	0.591194	-0.459432	-2.266787
P	-2.266787	4.004676	-2.266787	1.347923	-1.096862	0.820676	0.318176	-0.459432	-0.459432	-2.266787	-2.266787
Q	-1.096862	-2.266787	-0.459432	-1.096862	0.318176	-0.459432	-0.459432	-2.266787	0.318176	0.318176	-2.266787
R	-1.096862	-2.266787	-2.266787	-0.459432	-1.096862	-1.096862	0.820676	0.318176	-0.018859	-0.459432	-2.266787
S	-1.096862	-2.266787	0.318176	1.192645	1.347923	0.591194	0.820676	0.820676	0.318176	1.347923	-1.096862
T	-0.018859	-2.266787	-1.096862	0.591194	-0.018859	0.591194	-0.459432	-0.018859	-1.096862	1.347923	-2.266787
V	-0.018859	-2.266787	0.318176	-1.096862	0.318176	-0.018859	-0.459432	0.591194	-0.459432	-0.018859	-2.266787
W	-2.266787	-2.266787	-2.266787	-2.266787	-2.266787	-2.266787	-2.266787	-2.266787	-2.266787	-2.266787	-2.266787
Y	1.018616	-2.266787	0.318176	-0.459432	-2.266787	-2.266787	-1.096862	-2.266787	-2.266787	-1.096862	-2.266787
