A	-0.078003	-1.247928	-0.078003	0.559427	-1.247928	0.559427	1.610053	-1.247928
C	-1.247928	-1.247928	-1.247928	-1.247928	-1.247928	-1.247928	-1.247928	-1.247928
D	-0.078003	-1.247928	1.337035	0.559427	1.000000	-1.247928	-0.078003	-1.247928
E	-1.247928	-1.247928	0.559427	1.000000	-1.247928	-0.078003	1.610053	-1.247928
F	1.610053	-0.078003	1.000000	-0.078003	-0.078003	-1.247928	-1.247928	-0.078003
G	-1.247928	-1.247928	1.337035	-1.247928	2.366782	-1.247928	-0.078003	-0.078003
H	0.559427	-1.247928	-0.078003	-1.247928	-1.247928	1.000000	-1.247928	-1.247928
I	-1.247928	-1.247928	-1.247928	0.559427	-1.247928	-0.078003	1.000000	-1.247928
K	-1.247928	-1.247928	-1.247928	-1.247928	-1.247928	-0.078003	-1.247928	-1.247928
L	1.610053	-1.247928	0.559427	-1.247928	-1.247928	0.559427	-1.247928	3.381429
M	-0.078003	-1.247928	-0.078003	-1.247928	-1.247928	-1.247928	-1.247928	-0.078003
N	-1.247928	-1.247928	-1.247928	-1.247928	-1.247928	-0.078003	-1.247928	-1.247928
P	-1.247928	3.520257	-1.247928	1.839535	1.000000	-1.247928	-0.078003	-1.247928
Q	-1.247928	-1.247928	-1.247928	-0.078003	-1.247928	-1.247928	-1.247928	-1.247928
R	-1.247928	-1.247928	-0.078003	-1.247928	-1.247928	-1.247928	-1.247928	-1.247928
S	-0.078003	-1.247928	-0.078003	-0.078003	1.337035	1.337035	-1.247928	-1.247928
T	-1.247928	-1.247928	0.559427	0.559427	0.559427	-0.078003	-0.078003	-1.247928
V	-1.247928	-1.247928	-1.247928	-1.247928	-1.247928	1.839535	1.610053	-1.247928
W	-1.247928	-1.247928	-1.247928	-1.247928	-1.247928	-1.247928	-1.247928	-1.247928
Y	1.839535	-1.247928	-1.247928	0.559427	-1.247928	-1.247928	-1.247928	-1.247928
