A	-0.609075	1.320333	0.785556	0.134360	0.438754	1.232604	0.438754	1.573403	-2.499846
C	-3.277453	-5.084808	-5.084808	-5.084808	-5.084808	-5.084808	-5.084808	-2.226827	-5.084808
D	-1.329921	-5.084808	1.362275	1.382797	0.722547	0.932000	-0.692491	-1.084808	-5.084808
E	-0.976284	-5.084808	0.272744	1.788636	0.228075	0.785556	0.477434	1.660025	-5.084808
F	1.114864	-1.329921	0.085117	-1.202165	0.085117	-0.692491	-0.781028	-2.836881	0.085117
G	-3.277453	-3.914883	-1.799406	0.477434	0.358135	-0.530220	-2.836881	-3.277453	-3.914883
H	1.442669	-5.084808	-0.781028	-0.018719	-0.316624	-0.609075	0.656659	-1.329921	-3.914883
I	0.477434	-2.836881	0.622551	-1.202165	0.438754	0.438754	0.656659	-0.875355	-1.329921
K	-2.836881	-5.084808	-2.499846	-0.692491	-0.130612	-0.384369	-0.692491	-0.189991	-5.084808
L	1.518818	-0.609075	0.587617	-0.692491	0.272744	-0.316624	0.515104	-0.316624	3.901745
M	0.689979	-3.914883	-0.976284	-2.226827	-2.499846	-1.799406	-1.329921	-2.836881	1.362275
N	-0.189991	-5.084808	0.477434	-0.455452	-0.384369	-0.875355	-0.455452	-1.470099	-5.084808
P	-5.084808	3.908838	-5.084808	1.209812	0.272744	-0.073581	0.754395	-3.277453	-5.084808
Q	-1.625377	-5.084808	-0.018719	-0.189991	-0.455452	-0.384369	0.134360	0.034133	-3.914883
R	-1.202165	-5.084808	-2.499846	-1.084808	-0.251918	-0.251918	-0.692491	-1.202165	-5.084808
S	0.477434	-3.914883	1.039313	1.090117	0.438754	1.139193	0.228075	1.298896	-3.914883
T	1.186655	-3.914883	0.316071	-0.609075	0.551816	-0.384369	0.689979	1.064939	-3.914883
V	-0.130612	-0.976284	1.232604	-0.692491	1.090117	1.320333	1.422986	1.643112	-2.226827
W	-3.277453	-5.084808	-5.084808	-5.084808	-5.084808	-5.084808	-3.914883	-5.084808	-5.084808
Y	-0.018719	-1.997346	-0.875355	-1.799406	-1.084808	-2.226827	-0.692491	-0.875355	-3.914883
