A	0.450313	2.788872	0.734106	-1.850857	-0.800230	0.224432	0.096676	0.224432	1.511714	-3.658211
C	-3.658211	-3.658211	-3.658211	-3.658211	-2.488286	-3.658211	-2.488286	-3.658211	-3.658211	-3.658211
D	-3.658211	-3.658211	2.516714	2.636409	0.224432	-0.043502	-0.043502	0.096676	-3.658211	-3.658211
E	-1.850857	-0.198780	-1.073249	1.654671	0.551242	0.224432	0.224432	0.645569	0.817522	-3.658211
F	1.941701	-0.800230	-0.043502	-0.198780	-1.850857	-1.410284	0.224432	-1.850857	-1.073249	1.353016
G	-2.488286	-1.410284	-1.850857	0.224432	1.353016	1.042228	1.295985	-0.800230	-1.410284	-3.658211
H	-1.073249	-3.658211	-1.410284	-2.488286	-1.073249	0.341789	0.734106	0.645569	-1.850857	-3.658211
I	0.341789	0.224432	0.450313	-1.410284	-0.800230	-1.410284	-0.570749	0.341789	-1.073249	-1.850857
K	0.096676	-3.658211	-1.410284	-0.570749	-0.570749	-0.372809	-0.372809	-1.073249	-0.198780	-3.658211
L	0.450313	-0.800230	-0.372809	-1.850857	-0.198780	-0.198780	0.645569	1.042228	-0.198780	3.770149
M	-1.850857	-3.658211	-1.073249	-3.658211	-1.850857	-1.410284	-1.850857	-0.800230	-1.850857	0.096676
N	-1.850857	-3.658211	-3.658211	-0.570749	0.224432	-0.372809	0.551242	-0.198780	-1.850857	-3.658211
P	-3.658211	1.904031	-0.372809	1.742668	2.083256	1.295985	0.817522	-0.198780	-0.800230	-3.658211
Q	-1.850857	-1.850857	-0.800230	-1.410284	-0.043502	-0.043502	-0.570749	0.551242	-0.043502	-3.658211
R	1.109973	-2.488286	-0.570749	-2.488286	-0.800230	0.450313	-0.570749	-0.570749	-0.198780	-3.658211
S	0.896377	0.341789	0.224432	0.224432	0.341789	0.817522	0.450313	0.224432	1.699341	-2.488286
T	-0.800230	-0.800230	-2.488286	-0.800230	0.341789	0.341789	-0.043502	0.817522	1.407878	-3.658211
V	0.645569	1.295985	1.109973	-3.658211	-0.198780	0.734106	-0.570749	1.042228	1.174679	-0.198780
W	-1.850857	-2.488286	-1.850857	-3.658211	-1.850857	-3.658211	-2.488286	-2.488286	-1.850857	-3.658211
Y	1.407878	-1.410284	0.645569	-2.488286	-1.850857	-2.488286	-1.850857	-1.850857	-1.073249	-1.410284
