A	0.975752	3.432959	0.847997	-1.099536	0.552541	0.552541	0.180572	-0.321928	-0.658963	1.485427	-2.906891
C	-2.906891	-1.736966	-2.906891	-2.906891	-2.906891	-2.906891	-2.906891	-2.906891	-2.906891	-2.906891	-2.906891
D	-2.906891	-1.736966	2.405992	2.359896	1.093109	0.847997	0.847997	0.180572	-0.321928	-0.658963	-2.906891
E	-2.906891	-2.906891	-0.321928	1.568843	-0.321928	0.180572	-1.099536	0.378512	0.847997	1.302563	-2.906891
F	2.212050	-2.906891	1.093109	-1.736966	-1.099536	-0.658963	-1.099536	-1.099536	-0.658963	-0.321928	1.093109
G	-1.099536	-2.906891	-1.736966	1.093109	1.201634	0.847997	0.378512	0.975752	-0.658963	-1.736966	-2.906891
H	-0.321928	-2.906891	-0.658963	-1.736966	-0.658963	-0.048910	0.180572	0.180572	1.302563	-1.099536	-2.906891
I	0.180572	-0.321928	-0.048910	-2.906891	-1.099536	-0.321928	-0.048910	-0.321928	0.847997	-0.658963	-2.906891
K	-0.321928	-2.906891	-2.906891	-0.321928	-1.736966	0.975752	-1.099536	0.378512	-1.099536	-0.658963	-2.906891
L	0.180572	-1.736966	0.707819	-1.099536	-0.048910	0.552541	0.707819	-0.048910	0.552541	0.180572	3.837943
M	-1.736966	-1.736966	-1.736966	-1.736966	-2.906891	-2.906891	-1.736966	-2.906891	-1.099536	-2.906891	0.180572
N	-0.658963	-2.906891	-2.906891	-1.099536	-0.321928	-0.321928	-0.048910	0.975752	-0.048910	-1.736966	-2.906891
P	-2.906891	1.093109	-2.906891	1.302563	2.159199	0.847997	0.180572	0.180572	-0.048910	-0.048910	-2.906891
Q	-2.906891	-0.321928	-1.099536	-1.736966	-1.099536	-0.658963	0.847997	-0.321928	0.975752	-1.099536	-2.906891
R	-0.048910	-2.906891	-1.099536	-2.906891	-1.099536	-0.658963	-1.099536	0.378512	-0.321928	-0.321928	-2.906891
S	0.180572	0.180572	-0.658963	0.378512	0.975752	0.378512	-0.048910	-0.658963	0.707819	1.302563	-2.906891
T	0.180572	-1.099536	-1.736966	-0.048910	-1.099536	0.378512	0.975752	0.378512	-1.099536	0.707819	-2.906891
V	0.552541	0.378512	0.707819	-0.048910	0.378512	-1.099536	1.302563	-0.048910	0.552541	1.396890	-1.736966
W	-2.906891	-1.736966	-1.099536	-2.906891	-2.906891	-1.736966	-2.906891	-2.906891	-2.906891	-2.906891	-2.906891
Y	1.396890	-2.906891	0.707819	-2.906891	-2.906891	-1.099536	-1.736966	0.707819	-1.736966	-1.099536	-2.906891
