A	0.320401	2.637430	0.992346	-0.276840	0.192645	0.052467	1.067114	-3.562242
C	-3.562242	-3.562242	-3.562242	-3.562242	-3.562242	-3.562242	-3.562242	-3.562242
D	-3.562242	-0.704261	2.777608	-0.102811	-2.392317	-0.977280	-0.704261	-3.562242
E	-2.392317	-2.392317	0.192645	1.270648	-0.276840	-0.474780	1.880701	-3.562242
F	1.503847	-1.314315	-0.474780	-1.754888	-0.704261	-0.977280	-0.977280	0.437758
G	-3.562242	-0.474780	0.546282	-0.102811	0.741538	-1.314315	-0.977280	-3.562242
H	-0.704261	-2.392317	-0.276840	-0.474780	1.838637	0.992346	-1.754888	-3.562242
I	0.913491	0.437758	-1.314315	0.647211	0.647211	0.192645	-0.704261	-1.314315
K	-0.977280	-3.562242	-1.754888	-0.977280	-2.392317	-0.474780	0.192645	-3.562242
L	0.913491	-0.276840	0.052467	0.437758	-0.102811	0.992346	0.052467	3.790904
M	-0.474780	-1.754888	-2.392317	-2.392317	-1.754888	-1.754888	-0.977280	0.741538
N	0.052467	-1.754888	-1.314315	0.830075	0.192645	-1.314315	-2.392317	-3.562242
P	-3.562242	-1.314315	0.052467	1.448985	1.448985	0.546282	-1.754888	-3.562242
Q	-1.754888	1.332575	-0.977280	-0.977280	-0.474780	0.830075	-0.977280	-3.562242
R	-1.314315	-3.562242	-3.562242	-0.276840	0.052467	-1.314315	-0.474780	-3.562242
S	-0.276840	1.205942	-0.474780	-1.754888	-0.102811	1.503847	0.546282	-3.562242
T	0.647211	0.546282	-1.314315	0.647211	-0.102811	0.546282	1.448985	-3.562242
V	1.270648	0.741538	-0.276840	0.647211	-0.102811	0.992346	1.205942	-0.474780
W	-1.754888	-3.562242	-3.562242	-2.392317	-3.562242	-2.392317	-3.562242	-3.562242
Y	1.556699	-2.392317	-0.102811	-0.474780	-1.314315	-3.562242	-0.704261	-0.276840
