A	0.918333	2.582804	1.382623	0.335858	-0.120780	-0.033919	0.354378	1.495391	-1.993545
C	-6.090407	-6.090407	-6.090407	-7.260332	-6.090407	-6.090407	-5.012404	-7.260332	-7.260332
D	-1.136210	-4.172869	1.839016	1.548633	-0.199636	-0.988868	-0.675369	-2.090407	-7.260332
E	0.103803	-0.146589	-0.855190	1.409439	-0.386887	-0.549525	0.502881	1.431412	-7.260332
F	1.082854	-2.427442	0.417388	-1.012404	-0.433783	0.622312	-0.584374	-1.329594	0.417388
G	-2.194242	-0.898388	-1.993545	0.660021	0.103803	0.519388	-2.630975	-1.552972	-7.260332
H	-0.213208	-4.402351	-0.656705	-1.188869	-0.186190	-0.240741	0.788155	-0.965711	-5.452977
I	0.025071	-0.082912	0.519388	-1.817388	0.841644	0.753689	0.001763	-1.110584	-0.482254
K	0.269099	-3.377688	-1.902780	-0.449760	-0.095425	-0.449760	-0.732855	0.048008	-6.090407
L	-0.033919	-0.515498	0.136273	0.168029	0.527571	0.801715	1.322751	-0.172869	3.732076
M	-0.920482	-2.868014	-0.732855	-3.050878	-2.306135	-1.452977	-0.920482	-2.306135	-0.058208
N	-0.186190	-2.427442	-0.675369	-0.792726	-0.532411	-0.311964	-0.584374	-1.188869	-7.260332
P	-7.260332	1.704731	-0.876627	1.704731	1.299046	0.794951	0.307625	-1.587906	-7.260332
Q	-1.587906	0.136273	-1.162299	-0.226909	-0.498780	-0.386887	0.494556	0.125531	-7.260332
R	0.527571	-2.194242	-0.326641	-1.136210	0.874095	0.125531	-0.584374	-0.515498	-7.260332
S	1.158575	0.452195	0.629933	0.689495	-0.095425	0.381720	0.278827	1.675570	-6.090407
T	0.219449	0.682183	-0.433783	-0.732855	-0.082912	0.417388	0.599203	1.054818	-4.402351
V	0.781328	1.099418	0.326508	-1.300330	1.174297	0.936885	0.997056	0.955201	1.115794
W	-3.974929	-6.090407	-2.141390	-2.630975	-2.784598	-3.260332	-2.956551	-4.402351	-4.172869
Y	0.848193	-1.012404	0.527571	-1.162299	-1.359465	-1.243523	-0.675369	-0.772491	0.103803
