A	-0.754888	0.415037	-0.754888	0.415037	-0.754888	0.415037	1.052467	1.052467	-0.754888
C	-0.754888	-0.754888	-0.754888	-0.754888	-0.754888	-0.754888	-0.754888	-0.754888	-0.754888
D	0.415037	-0.754888	2.332575	1.052467	1.052467	-0.754888	-0.754888	-0.754888	-0.754888
E	0.415037	-0.754888	-0.754888	0.415037	-0.754888	0.415037	-0.754888	-0.754888	-0.754888
F	0.415037	-0.754888	-0.754888	-0.754888	0.415037	1.052467	-0.754888	-0.754888	0.415037
G	-0.754888	-0.754888	-0.754888	-0.754888	-0.754888	-0.754888	-0.754888	-0.754888	-0.754888
H	-0.754888	-0.754888	-0.754888	0.415037	-0.754888	-0.754888	1.052467	0.415037	-0.754888
I	0.415037	-0.754888	-0.754888	0.415037	0.415037	0.415037	-0.754888	-0.754888	-0.754888
K	-0.754888	-0.754888	1.052467	-0.754888	0.415037	-0.754888	-0.754888	1.052467	-0.754888
L	1.052467	1.052467	-0.754888	1.493040	0.415037	1.052467	1.493040	-0.754888	1.493040
M	-0.754888	-0.754888	-0.754888	-0.754888	-0.754888	-0.754888	-0.754888	-0.754888	-0.754888
N	0.415037	-0.754888	0.415037	-0.754888	0.415037	0.415037	-0.754888	-0.754888	-0.754888
P	-0.754888	1.052467	-0.754888	0.415037	0.415037	0.415037	-0.754888	-0.754888	-0.754888
Q	-0.754888	-0.754888	0.415037	-0.754888	-0.754888	-0.754888	1.052467	-0.754888	-0.754888
R	0.415037	0.415037	-0.754888	-0.754888	0.415037	0.415037	-0.754888	1.830075	-0.754888
S	-0.754888	1.493040	-0.754888	-0.754888	-0.754888	0.415037	0.415037	1.052467	-0.754888
T	-0.754888	1.052467	-0.754888	-0.754888	-0.754888	-0.754888	-0.754888	-0.754888	-0.754888
V	0.415037	-0.754888	-0.754888	-0.754888	0.415037	-0.754888	0.415037	-0.754888	-0.754888
W	-0.754888	-0.754888	0.415037	-0.754888	-0.754888	-0.754888	-0.754888	-0.754888	-0.754888
Y	1.052467	-0.754888	-0.754888	0.415037	0.415037	-0.754888	-0.754888	-0.754888	2.530515
