A	1.969274	0.357229	0.962710	0.297905	0.640676	0.317952	0.474990	0.489793	0.553180	-5.308753
C	-4.768184	-4.292451	-3.873367	-3.813988	-4.885541	-5.013297	-4.375867	-3.598259	-3.935294	-7.598259
D	-3.702095	-3.205942	-0.129748	1.293187	0.096002	-0.194537	-0.940048	-1.941636	-2.057378	-8.768184
E	-1.200228	-2.520257	-0.775246	1.153285	0.314630	-0.059101	-0.436148	-0.540568	0.417311	-7.598259
F	-1.990107	-3.549016	1.088630	-0.761157	-0.171063	-0.493224	0.141709	-0.008296	-0.185102	-4.000000
G	0.932689	-1.319036	-0.719697	0.822403	1.264206	0.659129	0.808300	-0.833019	0.301265	-6.520257
H	-1.437267	-4.768184	-1.957613	-1.437267	-0.980282	-1.219362	-1.117133	-0.818358	-1.099299	-4.464404
I	-0.719697	0.624670	0.767577	-0.712902	-0.242664	0.480929	0.544699	1.045196	-1.339824	-6.520257
K	1.020942	-4.659660	-0.900906	-0.262373	-0.012462	0.084345	-0.171063	-0.726525	0.682511	3.944128
L	-0.811082	0.945632	0.947778	0.032716	0.429647	0.627350	1.331492	1.428418	1.478259	-3.026717
M	-2.406241	-1.805288	-0.328353	-2.363043	-2.260390	-1.990107	-1.541772	-1.126133	-1.790904	-5.910203
N	-2.260390	-3.284369	-0.175727	0.048799	-0.323169	-0.436148	-0.180407	-0.447384	-0.267342	-8.768184
P	-5.153474	-2.897820	-0.157160	0.996273	1.171762	1.188192	0.861628	0.334448	0.501527	-6.960829
Q	-1.117133	-0.237778	0.171395	-0.218400	-0.424999	-0.282355	-0.185102	-0.447384	0.495672	-6.960829
R	1.071019	-2.450772	-2.057378	-1.171995	-1.329392	-0.996695	-1.329392	-1.013297	-0.213595	1.553462
S	2.040378	1.347835	0.695340	0.956330	0.710585	0.897596	0.480929	0.501527	0.616599	-8.768184
T	0.175063	2.318450	-0.292451	0.193265	0.096002	0.638021	0.321266	0.745543	0.270735	-6.520257
V	0.347510	2.372166	0.370087	-0.552651	0.429647	0.702983	0.567206	1.386317	-0.076441	-5.680721
W	-5.910203	-6.520257	-2.473564	-3.131560	-2.450772	-2.644063	-2.593259	-2.341920	-3.455301	-5.910203
Y	-1.834494	-3.649243	0.558807	-1.238754	-1.072956	-1.437267	-0.972145	-1.004972	-0.089584	0.376474
