A	2.157926	0.069140	0.900933	0.245440	0.972860	0.562048	0.705676	0.588456	0.142265	0.407476	-5.245307
C	-5.855360	-5.245307	-4.103288	-5.855360	-4.643856	-4.817886	-4.348400	-3.799507	-4.103288	-3.548699	-8.103288
D	-5.015825	-3.627554	-0.390761	1.276091	0.315619	0.484490	0.417331	-0.390761	-1.518325	-2.058894	-8.103288
E	-2.702408	-3.402848	-0.696020	1.229308	0.592810	0.713696	0.701650	0.050264	-0.976583	0.362279	-8.103288
F	-2.466663	-3.149091	1.154689	-1.358454	-0.544867	-0.852989	-0.623508	-0.340075	0.553137	0.118299	-5.245307
G	0.817809	-1.358454	-0.938381	0.883265	0.772462	0.677252	0.705676	0.427119	-1.029146	0.069140	-6.933363
H	-1.855360	-4.817886	-2.232923	-1.719584	-1.276739	-1.375367	-0.901164	-1.427331	-0.750141	-1.184425	-4.348400
I	-0.664496	0.843618	0.942472	-0.593513	-0.299157	-0.034510	-0.307248	0.825231	1.163499	-0.901164	-6.933363
K	1.009152	-4.643856	-1.556393	-0.739153	-0.356773	0.018246	0.326119	-0.138947	-0.864883	0.669027	4.079650
L	-1.154921	0.749242	1.360237	-0.175510	0.427119	0.622930	0.575312	1.278796	1.776678	1.586710	-3.710970
M	-2.395929	-2.361821	0.239898	-2.884119	-1.855360	-1.928362	-2.361821	-1.427331	-0.573857	-2.114603	-6.933363
N	-2.660344	-3.799507	-0.633646	-0.390761	-0.408060	-0.168123	-0.213024	-0.283109	-0.461236	-0.205442	-6.933363
P	-5.245307	-3.270398	-0.654139	1.142859	1.082207	0.341727	0.465618	0.100060	-0.416787	0.272838	-6.295933
Q	-0.963736	-0.356773	0.451301	0.043917	-0.251539	-0.205442	-0.267237	0.136311	-0.236009	0.507737	-6.933363
R	1.103727	-2.933363	-2.232923	-1.409801	-2.172550	-0.963736	-0.976583	-0.913463	-1.184425	-0.048005	1.206757
S	2.024062	1.430042	0.479795	1.139886	1.015653	1.310869	1.257011	0.725642	0.136311	0.530616	-8.103288
T	0.272838	2.402028	-1.375367	0.493834	0.171673	0.456089	0.183270	0.326119	0.489169	0.130332	-8.103288
V	0.605796	2.424189	0.310340	-0.291111	0.588456	0.272838	0.194775	0.669027	1.265219	0.130332	-6.295933
W	-6.933363	-5.855360	-2.264084	-3.149091	-2.660344	-2.660344	-2.619472	-2.619472	-2.232923	-3.037199	-6.295933
Y	-2.466663	-4.348400	0.709692	-1.785875	-1.056164	-1.463043	-1.392481	-1.126008	-0.603442	-0.138947	-0.976583
