A	2.329659	-0.093397	0.862281	0.339903	0.997845	0.764268	0.764268	0.942900	0.954057	0.139460	0.373534	-6.388017
C	-6.388017	-5.218092	-5.218092	-4.580662	-4.140090	-5.218092	-5.218092	-5.218092	-3.530036	-5.218092	-4.580662	-6.388017
D	-5.218092	-3.530036	-0.945074	1.333082	-0.026074	0.589263	0.390060	-0.004313	-0.715592	-1.619833	-2.279493	-6.388017
E	-3.300554	-3.530036	-1.168849	1.008587	0.530846	0.617607	0.530846	0.422554	0.270194	-1.168849	0.603505	-6.388017
F	-2.388017	-2.928586	1.597825	-1.433821	-0.548813	-0.289985	-1.121231	-0.517653	-0.680658	0.686124	-0.070605	-6.388017
G	1.081625	-2.505374	-0.548813	0.776890	0.931655	0.826302	1.111829	0.965130	0.751534	-0.580662	0.469964	-6.388017
H	-2.084237	-4.140090	-2.773307	-1.376790	-1.321928	-1.912284	-1.433821	-1.269076	-1.433821	-1.376790	-1.376790	-5.218092
I	-1.269076	0.686124	0.850387	-0.987138	-0.213092	0.059066	-0.093397	-0.487150	0.485427	1.254034	-0.904202	-6.388017
K	0.862281	-2.388017	-1.121231	-0.213092	-1.121231	-0.213092	0.099823	0.287940	-0.371209	-1.619833	0.530846	4.182787
L	-1.833428	0.485427	1.307211	-0.004313	0.234035	0.751534	0.699446	0.059066	0.699446	1.700771	1.639889	-5.218092
M	-2.388017	-2.928586	0.158877	-2.928586	-2.633130	-1.995700	-2.178564	-2.388017	-1.433821	-0.428015	-1.433821	-6.388017
N	-2.388017	-4.580662	-0.788104	-0.026074	-0.945074	-0.164016	-0.548813	-0.048167	-0.164016	-0.904202	-0.646550	-6.388017
P	-6.388017	-2.633130	-0.213092	1.341603	1.008587	0.038247	0.712645	0.589263	0.764268	0.234035	0.215609	-5.218092
Q	-1.121231	-0.238270	0.356817	-0.188345	-0.487150	-0.070605	0.099823	0.196945	-0.343623	-0.646550	0.454333	-6.388017
R	0.920322	-3.102615	-2.633130	-1.493200	-1.687578	-1.433821	-1.321928	-1.376790	-1.030465	-2.388017	-0.613230	0.545673
S	2.185630	1.263034	-0.164016	1.131619	1.179939	0.997845	0.814107	1.071414	0.801807	0.234035	0.631573	-6.388017
T	0.079588	2.491566	-1.376790	0.139460	0.838395	0.500726	0.373534	0.438531	0.645406	0.659107	0.515865	-6.388017
V	0.270194	2.558889	0.322789	-0.646550	0.631573	0.530846	0.305470	0.373534	0.686124	1.254034	-0.371209	-6.388017
W	-5.218092	-5.218092	-2.178564	-3.530036	-3.102615	-3.803055	-2.928586	-2.505374	-2.388017	-1.168849	-3.102615	-5.218092
Y	-2.388017	-4.140090	0.885778	-1.218092	-0.751393	-1.433821	-1.121231	-0.864455	-1.555127	-0.715592	0.079588	-3.102615
