A	2.379118	0.166124	0.674125	0.256890	0.738541	0.640805	0.422900	0.674125	0.571763	0.800204	-0.332478	0.422900	-5.100662
C	-5.100662	-5.100662	-5.100662	-3.930737	-3.930737	-5.100662	-5.100662	-5.100662	-3.930737	-5.100662	-3.930737	-3.293307	-5.100662
D	-5.100662	-2.515700	-0.891209	1.239188	0.069263	0.212221	0.674125	0.706693	-0.146466	-1.100662	-1.345775	-1.641231	-5.100662
E	-2.852735	-3.293307	-1.218019	0.769702	-0.034573	1.023459	0.018279	0.422900	0.888022	0.300217	-0.708345	0.342281	-5.100662
F	-3.930737	-2.852735	1.592825	-0.992138	-0.891209	-1.345775	-0.146466	-1.100662	-0.400223	-0.471306	0.300217	0.018279	-5.100662
G	0.706693	-1.641231	-0.624929	1.557549	0.859340	0.461580	0.166124	1.023459	0.800204	0.674125	-0.992138	0.499251	-5.100662
H	-2.013199	-5.100662	-3.293307	-1.815260	-0.796882	-1.218019	-2.515700	-1.641231	-0.546073	-1.218019	-1.218019	-0.796882	-5.100662
I	-1.345775	0.383153	0.997370	-0.708345	-0.205845	0.300217	0.342281	0.018279	-0.546073	-0.089435	1.346421	-0.992138	-5.100662
K	1.074263	-2.515700	-1.345775	-0.796882	-0.546073	-1.218019	-0.146466	-0.546073	0.342281	-0.400223	-1.815260	0.342281	4.223518
L	-1.485952	0.166124	1.465392	-0.089435	-0.205845	0.118506	0.888022	0.571763	0.166124	1.023459	2.137742	1.946462	-5.100662
M	-1.815260	-3.293307	0.069263	-2.242681	-1.218019	-1.815260	-1.100662	-2.515700	-2.013199	-1.345775	-0.400223	-1.815260	-5.100662
N	-3.930737	-3.293307	-1.345775	-0.471306	-0.400223	-0.146466	0.256890	-0.146466	-0.891209	-0.267772	-0.546073	-0.267772	-5.100662
P	-5.100662	-2.013199	0.212221	1.346421	1.304479	0.212221	0.212221	0.571763	0.674125	0.859340	0.342281	-0.034573	-5.100662
Q	-1.815260	-1.485952	0.300217	-0.891209	0.018279	-0.146466	-0.205845	0.256890	-0.089435	0.069263	-0.708345	0.422900	-5.100662
R	1.147265	-2.852735	-2.852735	-1.815260	-2.852735	-0.708345	-1.345775	-1.815260	-0.546073	-1.100662	-2.515700	-1.100662	-0.471306
S	2.161433	1.170801	0.069263	1.147265	1.123339	1.283042	0.970800	1.123339	1.261281	0.997370	-0.089435	0.300217	-5.100662
T	0.212221	2.585838	-1.218019	0.166124	0.769702	1.123339	0.069263	0.212221	0.212221	0.499251	0.674125	0.069263	-5.100662
V	0.069263	2.628958	0.118506	-0.471306	0.706693	0.499251	0.859340	0.571763	0.640805	0.499251	0.970800	0.422900	-5.100662
W	-5.100662	-5.100662	-2.515700	-2.515700	-2.242681	-3.930737	-2.242681	-3.293307	-3.293307	-2.852735	-1.485952	-3.293307	-5.100662
Y	-2.242681	-3.930737	0.830075	-1.815260	-1.485952	-1.641231	-0.546073	-1.218019	-2.242681	-0.891209	-1.345775	-0.471306	-3.293307
