A	2.167727	-0.331844	0.810175	0.565063	0.269607	0.269607	0.692818	0.810175	0.565063	0.095578	0.692818	0.918700	-0.331844	-3.189825
C	-3.189825	-3.189825	-3.189825	-3.189825	-3.189825	-3.189825	-3.189825	-3.189825	-2.019900	-3.189825	-1.382470	-3.189825	-3.189825	-3.189825
D	-3.189825	-0.604862	-1.382470	1.510615	-0.331844	0.565063	-0.604862	0.424885	0.692818	-0.941897	-1.382470	-1.382470	-2.019900	-3.189825
E	-3.189825	-2.019900	-3.189825	1.113956	0.269607	-0.604862	-2.019900	-0.102362	0.269607	0.692818	0.095578	-3.189825	-0.331844	-3.189825
F	-3.189825	-3.189825	2.076962	-1.382470	-0.604862	-0.102362	-0.331844	-0.331844	-0.102362	-1.382470	0.810175	-0.331844	0.095578	-3.189825
G	1.113956	-2.019900	-0.102362	1.821403	1.202493	1.578360	1.285909	0.269607	1.113956	1.364764	1.019629	-0.331844	-0.941897	-3.189825
H	-3.189825	-2.019900	-0.941897	-0.941897	-1.382470	-1.382470	-2.019900	-1.382470	-0.604862	-2.019900	-1.382470	-1.382470	-2.019900	-3.189825
I	-1.382470	-0.604862	1.019629	-1.382470	-0.941897	-0.331844	-1.382470	0.424885	-0.331844	-0.331844	-0.102362	1.285909	-0.941897	-3.189825
K	-0.102362	-3.189825	-0.941897	-0.604862	-1.382470	-2.019900	-0.102362	-0.941897	-0.102362	-0.331844	-1.382470	-1.382470	0.692818	4.118514
L	-0.941897	0.095578	1.285909	-1.382470	0.424885	-1.382470	0.810175	0.424885	0.424885	0.565063	0.424885	1.510615	1.764372	-3.189825
M	-2.019900	-3.189825	-0.331844	-1.382470	-3.189825	-2.019900	-2.019900	-0.941897	-1.382470	-3.189825	-0.941897	-0.102362	-0.941897	-3.189825
N	-3.189825	-2.019900	-1.382470	0.269607	-0.331844	0.269607	-0.604862	0.424885	-0.102362	-0.102362	-0.941897	-0.941897	0.424885	-3.189825
P	-3.189825	-3.189825	-1.382470	0.918700	1.704993	0.565063	0.095578	-1.382470	1.113956	1.439532	0.810175	-0.102362	-0.102362	-3.189825
Q	-2.019900	-0.941897	-2.019900	-0.941897	-0.941897	-0.331844	0.095578	-0.331844	-0.604862	0.095578	-0.331844	-2.019900	0.269607	-3.189825
R	1.364764	-2.019900	-0.941897	-2.019900	-2.019900	-3.189825	-0.604862	-0.941897	-0.941897	-0.941897	-2.019900	-0.941897	-2.019900	-0.604862
S	2.482601	1.578360	0.565063	-0.102362	1.285909	1.876265	1.113956	1.364764	0.918700	1.019629	1.285909	1.019629	0.810175	-3.189825
T	-0.604862	2.798860	-1.382470	0.269607	0.692818	1.019629	1.578360	0.424885	-0.331844	-0.102362	0.918700	-0.102362	1.019629	-3.189825
V	0.095578	2.076962	-0.941897	-0.604862	0.424885	-0.941897	0.424885	0.424885	-0.604862	0.424885	-0.102362	1.578360	-0.102362	-3.189825
W	-3.189825	-3.189825	-0.331844	-2.019900	-1.382470	-3.189825	-2.019900	-0.941897	-3.189825	-3.189825	-3.189825	-1.382470	-2.019900	-3.189825
Y	-2.019900	-2.019900	0.565063	-2.019900	-1.382470	-0.604862	-1.382470	-0.102362	-0.941897	-0.604862	-0.941897	-1.382470	0.565063	-3.189825
