A	1.827397	-0.396605	0.870182	-0.396605	0.232752	-0.187151	0.498213	-4.396605
C	-4.396605	-4.396605	-3.226680	-4.396605	-4.396605	-4.396605	-4.396605	-4.396605
D	-4.396605	-4.396605	0.371580	0.870182	-2.148677	-4.396605	-4.396605	-4.396605
E	-3.226680	-4.396605	-0.641717	0.303835	-1.111203	-2.148677	0.722336	-4.396605
F	-2.589250	-1.309142	1.240020	0.303835	-0.288080	0.916278	0.436285	-4.396605
G	0.722336	-4.396605	0.498213	0.371580	0.669484	-2.148677	-0.641717	-4.396605
H	-1.538624	-4.396605	-0.937173	-0.396605	-1.538624	-0.781895	-0.641717	-4.396605
I	-1.111203	0.436285	0.232752	-0.187151	1.046339	1.803068	-1.538624	-4.396605
K	0.870182	-4.396605	-0.937173	0.079129	-1.811642	-3.226680	0.870182	4.177042
L	-1.538624	1.046339	0.870182	0.157984	1.126957	1.753142	1.504262	-4.396605
M	-3.226680	-2.589250	-2.148677	-3.226680	-1.811642	-0.396605	-1.538624	-4.396605
N	-4.396605	-3.226680	-0.641717	-0.288080	-0.781895	-0.513962	-0.396605	-4.396605
P	-4.396605	-4.396605	0.916278	1.874858	1.592080	-0.187151	0.773320	-4.396605
Q	-1.111203	-2.148677	-1.111203	-0.396605	-0.396605	-0.937173	0.614622	-4.396605
R	0.371580	-4.396605	-1.309142	-1.811642	-2.589250	-1.811642	-1.538624	0.079129
S	2.243640	1.534133	0.557592	0.303835	1.004275	-0.288080	0.157984	-4.396605
T	1.310754	2.461376	-2.148677	-0.288080	0.669484	-0.187151	-0.092824	-4.396605
V	1.004275	2.537086	-0.092824	0.669484	0.870182	1.803068	0.079129	-4.396605
W	-4.396605	-4.396605	-1.538624	-2.589250	-1.538624	-1.111203	-3.226680	-4.396605
Y	-2.148677	-1.811642	0.773320	-1.538624	-2.148677	-1.538624	0.371580	-4.396605
