A	1.854889	0.722471	1.158940	0.355683	0.280118	0.595600	0.285749	0.543670	-8.870193
C	-4.169754	-4.727235	-3.745498	-5.271934	-4.403494	-3.700268	-4.232764	-3.722706	-10.040118
D	-2.665079	-6.040118	-0.167828	1.020577	-0.551274	-1.849059	-2.165137	-2.149854	-10.040118
E	-0.584278	-5.736338	-1.280230	1.113750	0.119122	-1.235181	-0.827014	0.670688	-10.040118
F	-1.770992	-3.968656	0.894494	-0.994359	0.034692	0.480009	0.386146	-0.354494	-3.346631
G	0.816891	-1.495154	-0.181360	0.776465	0.409546	0.287153	-1.168213	0.043028	-10.040118
H	-1.085922	-8.870193	-1.251400	-1.259579	-0.663450	-0.892278	-0.548766	-0.848442	-1.219142
I	-0.501930	0.901846	0.826581	-1.145301	0.281528	0.974251	1.128710	-1.215160	-8.232764
K	0.947856	-7.792191	-0.977398	0.231345	0.218153	-0.927679	-0.625962	0.604639	3.610597
L	-0.713127	1.055608	1.028996	-0.065704	0.561188	1.203502	1.779562	1.214615	-4.974029
M	-2.416237	-2.040118	-0.419440	-2.801714	-2.268629	-1.397164	-1.207228	-1.747797	-7.792191
N	-1.925075	-3.436492	0.066117	-0.210792	-0.433251	-0.845362	-0.860831	-0.030290	-10.040118
P	-4.773332	-6.040118	-1.753561	1.254646	1.243838	0.438904	-0.039062	0.204840	-10.040118
Q	-0.566413	0.234260	0.034692	-0.000857	-0.477876	-0.162068	-0.414866	0.672838	-8.870193
R	0.957590	-6.952656	-2.276906	-0.752983	-0.811901	-0.994359	-0.566413	-0.018097	1.970410
S	1.863387	1.469657	0.949631	0.991583	0.762398	0.785437	0.258803	0.834287	-10.040118
T	0.350319	2.247882	-0.358880	0.150324	0.270210	0.725582	0.482463	0.472622	-10.040118
V	0.438904	2.271488	0.273048	-0.421733	0.841951	1.053959	1.273190	0.039700	-6.285231
W	-5.564385	-8.870193	-2.778024	-3.262041	-2.040118	-3.136237	-2.227941	-3.942086	-7.455156
Y	-1.569460	-5.564385	0.604639	-1.504843	-0.761669	-0.977398	-0.663450	-0.444861	1.708494
