A	-3.137137 0.487781 1.299327 0.443288 0.607558 0.842805 1.207780 0.173828 1.280944
C	-7.759929 -7.763216 -2.820996 -4.311962 -7.769643 -4.314779 -4.259596 -4.229450 -2.368535
D	-7.652997 -0.716282 -0.582568 1.078678 0.595981 -2.642897 -1.256563 -0.061381 0.337921
E	-3.102012 0.669504 -0.961659 2.308774 0.398423 -2.370525 1.702711 0.760243 -1.298375
F	2.782027 -1.016588 -1.177882 -1.733152 -1.713630 3.148033 -4.077811 -2.971146 -2.815365
G	-4.119376 -2.059315 1.207593 -0.752413 -1.096807 -2.898724 -0.583134 -0.641550 -0.767899
H	-6.691866 -0.220433 -0.023150 -1.948586 -0.538727 -2.333139 -0.440655 -0.622798 -2.649365
I	1.434700 0.466770 0.000989 -0.527625 -0.928149 -1.044985 -1.615137 -1.373051 1.009562
K	-7.419357 0.971548 -1.337805 -0.809297 1.750263 -6.074906 -0.252556 1.498976 -4.846818
L	1.892080 0.615799 -1.443116 -0.278104 0.567059 0.379186 1.866006 0.315256 1.044996
M	-0.007136 -1.527658 -2.169161 -1.544039 -3.468399 -2.212608 -5.390363 -2.815777 -1.059982
N	-7.736430 -0.770319 -0.342097 -0.948135 -0.022402 -1.608699 1.225077 0.404513 0.359872
P	-7.020143 -4.306876 -0.733008 -3.091902 0.546662 -1.270932 -3.063482 0.517713 -2.318470
Q	-3.987740 0.335236 -1.267330 0.219133 -0.003530 -2.976561 0.601641 0.314935 -1.983304
R	-6.190883 1.080207 -2.354965 -3.620065 0.185390 -6.357611 -1.307823 1.006765 -2.501895
S	-3.953694 0.073357 1.768544 1.082539 0.562172 0.239036 0.104197 0.680314 1.117748
T	-3.525609 0.173181 0.185803 1.106509 0.622945 -0.142748 -1.510498 0.270476 0.987049
V	-0.131661 1.348708 0.856614 0.659411 -0.373881 0.212634 0.800006 0.160368 1.961957
W	-1.681455 -4.253491 -2.717155 -2.343652 -7.558094 -2.288657 -5.713196 -4.239215 -7.771445
Y	1.975990 -0.344659 0.989296 -6.732691 -1.529972 1.175620 -3.305460 -2.626798 -1.942562
