A	0.967579	-0.243926	1.390790	0.366128	1.508147	0.967579	-0.243926	0.366128	0.793549	-1.321928
C	-2.491853	-2.491853	-2.491853	-2.491853	-2.491853	-2.491853	-2.491853	-2.491853	-2.491853	-2.491853
D	-2.491853	-2.491853	1.390790	1.508147	0.595610	0.595610	0.093109	-0.684498	-2.491853	-2.491853
E	-2.491853	0.366128	-0.243926	2.062736	0.366128	1.263034	0.093109	0.366128	-0.684498	-2.491853
F	0.093109	-2.491853	0.967579	-1.321928	-2.491853	-1.321928	-1.321928	-1.321928	-1.321928	0.366128
G	1.263034	-2.491853	-0.684498	0.093109	1.390790	1.263034	0.793549	0.093109	-1.321928	-2.491853
H	0.093109	2.865699	-1.321928	-0.684498	-0.684498	-0.684498	-0.243926	-0.243926	-0.684498	-2.491853
I	-0.684498	-2.491853	0.967579	-2.491853	-1.321928	-0.243926	-0.243926	-0.243926	-2.491853	-1.321928
K	0.093109	0.366128	-1.321928	-0.684498	-0.684498	-2.491853	0.366128	-1.321928	-0.684498	-2.491853
L	-1.321928	0.366128	-0.243926	-2.491853	-0.243926	0.595610	0.366128	-0.684498	-0.684498	3.870091
M	-1.321928	-2.491853	-0.684498	-2.491853	-2.491853	-1.321928	-2.491853	-1.321928	-2.491853	-1.321928
N	-0.684498	-2.491853	-0.243926	-1.321928	-2.491853	-0.243926	0.793549	0.967579	-0.243926	-2.491853
P	-2.491853	-2.491853	-1.321928	1.616671	0.793549	-0.684498	0.366128	-0.684498	-1.321928	-2.491853
Q	0.366128	2.276331	0.093109	0.793549	0.093109	0.793549	0.366128	1.122857	0.793549	-2.491853
R	1.508147	-1.321928	-2.491853	-2.491853	-0.684498	-1.321928	-0.684498	-0.684498	-0.243926	-2.491853
S	0.595610	-2.491853	-0.684498	0.793549	1.122857	0.366128	0.793549	1.390790	1.717600	-2.491853
T	1.122857	-2.491853	-1.321928	-1.321928	-0.243926	0.366128	0.967579	-0.243926	2.137504	-2.491853
V	-1.321928	-0.684498	1.263034	-2.491853	0.595610	0.093109	-0.243926	1.390790	0.967579	-1.321928
W	-2.491853	-2.491853	-2.491853	-2.491853	-2.491853	-2.491853	-2.491853	-2.491853	-2.491853	-2.491853
Y	0.366128	-2.491853	-0.243926	-1.321928	-1.321928	-2.491853	-0.684498	-1.321928	-0.684498	-2.491853
