A	0.770518	0.160465	1.371969	-0.280108	0.770518	0.497500	1.197939	-2.087463
C	-2.087463	-2.087463	-2.087463	-2.087463	-2.087463	-2.087463	-2.087463	-2.087463
D	-2.087463	-2.087463	-2.087463	-2.087463	-0.917538	-2.087463	-0.917538	-2.087463
E	-2.087463	-0.917538	-2.087463	0.770518	-0.917538	1.000000	1.912537	-2.087463
F	0.160465	-2.087463	-0.917538	-2.087463	-0.917538	-0.280108	-2.087463	-2.087463
G	1.000000	-2.087463	-0.917538	-2.087463	1.197939	-2.087463	-2.087463	-2.087463
H	1.527247	-2.087463	-0.280108	-0.917538	-0.917538	0.497500	-0.917538	-2.087463
I	-2.087463	-2.087463	0.770518	0.160465	-0.280108	-0.917538	-0.917538	-0.280108
K	0.497500	-0.280108	-0.917538	-0.280108	-2.087463	-0.917538	-0.917538	-2.087463
L	-0.917538	-2.087463	1.000000	1.197939	1.197939	-2.087463	-0.280108	3.843274
M	-0.917538	-2.087463	-2.087463	-0.917538	0.160465	-2.087463	-2.087463	-0.280108
N	-0.917538	-2.087463	-2.087463	-0.917538	-2.087463	-0.917538	-0.917538	-2.087463
P	-2.087463	-2.087463	-2.087463	0.770518	-0.280108	1.371969	-0.917538	-2.087463
Q	-0.917538	3.782902	-0.280108	1.000000	1.912537	0.160465	0.160465	-2.087463
R	1.371969	-2.087463	0.160465	-2.087463	-2.087463	-2.087463	-0.917538	-2.087463
S	0.497500	-2.087463	0.160465	-2.087463	0.160465	1.371969	1.197939	-2.087463
T	-0.917538	-2.087463	0.497500	1.667425	-0.917538	0.770518	0.497500	-2.087463
V	-0.280108	-2.087463	1.667425	1.371969	0.770518	1.000000	1.667425	-2.087463
W	-2.087463	-2.087463	-0.917538	-2.087463	-2.087463	-0.917538	-2.087463	-2.087463
Y	1.000000	-2.087463	0.770518	-0.917538	-0.917538	-0.280108	-2.087463	-2.087463
