A	1.405960	1.560043	1.339403	0.541215	0.698184	0.194798	0.378379	1.594697	-1.590143
C	-6.709084	-6.709084	-5.539159	-6.709084	-6.709084	-6.709084	-5.539159	-6.709084	-5.539159
D	-2.499630	-6.709084	1.297943	1.634102	0.018837	-0.720399	-0.869880	-2.826441	-6.709084
E	-0.901729	-0.124121	-1.442297	1.672459	0.529321	0.296541	0.430468	1.173559	-6.709084
F	0.085332	-6.709084	0.164360	-2.233350	-1.185522	-0.838719	-1.754888	-2.826441	0.085332
G	0.941968	-2.600559	-1.442297	0.687521	0.541215	0.621833	-2.709084	-1.072459	-6.709084
H	-1.001725	2.284562	-1.266140	-3.851103	-0.808217	-1.266140	0.310507	-0.967617	-6.709084
I	0.035750	-1.109171	0.868345	-1.351532	0.365058	0.719276	0.068993	-2.499630	0.698184
K	0.868345	0.268196	-2.405303	-1.109171	-0.534158	-0.534158	-2.079727	-0.485082	-6.709084
L	-1.225268	1.650666	0.770696	-0.509411	0.296541	0.310507	0.018837	-0.181607	3.842624
M	-2.316766	-1.036658	0.101488	-2.600559	-2.079727	-2.154495	-1.442297	-2.600559	-0.967617
N	-1.754888	-5.539159	-0.414463	-0.437621	-0.087032	-0.221244	0.148897	-0.325380	-6.709084
P	-5.539159	-6.709084	-1.489915	1.766650	0.810552	0.541215	1.070636	-3.094374	-4.461156
Q	-0.221244	1.683234	-0.181607	0.417621	0.133267	0.239283	1.126967	0.849337	-6.709084
R	0.932968	-2.499630	-3.621621	-2.600559	-1.351532	-1.539159	-0.808217	-1.109171	-6.709084
S	1.240743	-1.396201	1.003443	0.517328	0.587832	1.062406	0.338040	1.781767	-6.709084
T	0.941968	-2.008644	-0.181607	-0.325380	0.687521	0.780764	0.923911	1.639644	-6.709084
V	0.493040	-0.901729	0.820347	-0.808217	1.240743	1.450788	1.494264	0.529321	0.959801
W	-4.461156	-5.539159	-2.316766	-3.851103	-4.901729	-5.539159	-4.461156	-6.709084	-6.709084
Y	-0.241478	0.224607	0.001723	-3.094374	-1.697857	-1.754888	-1.185522	-1.642995	-6.709084
