A	-3.013586 0.516725 1.381228 0.472552 0.491155 2.139555 0.106163 0.566577 0.866533
C	-9.853575 -5.561876 -3.249671 -3.242824 -6.434500 -3.549100 -4.416411 -9.905255 -2.977697
D	-4.497468 -1.159499 -0.654872 -0.666714 0.067633 1.322067 0.941685 -0.551086 0.225628
E	-2.399794 0.624614 -0.748951 -0.190372 0.494309 0.282649 0.992271 0.793403 0.520180
F	1.478672 -1.446706 -0.239726 1.727877 -1.877621 -0.956655 -1.071627 -1.646419 -1.518073
G	-4.531236 -1.547417 -0.231922 -2.833483 -0.416311 -0.120743 -1.653509 -0.033788 0.126529
H	-3.697447 0.339582 -0.477076 -1.155894 0.021542 -4.874414 0.804967 -0.071154 -1.886598
I	2.619009 0.030997 0.079222 0.807216 -0.382243 -0.830896 -0.205477 -0.770373 0.937412
K	-6.217725 1.195385 -0.892285 -3.391813 1.638880 -3.186506 0.356484 0.861465 -0.138635
L	1.352171 -0.050771 -0.141758 0.883640 -0.401822 -0.611094 0.280341 0.621982 1.079006
M	-1.836491 -3.031650 -1.338367 -0.843577 -2.742999 -4.199459 -2.966531 -2.364817 -1.736437
N	-3.494294 -0.531431 -1.583835 -3.668901 -0.661730 -0.047711 0.054368 -0.805989 -1.983852
P	-1.250680 -9.720681 -0.729579 -9.306821 0.325980 0.059070 0.628723 1.306356 -3.636765
Q	-2.934180 0.155454 -0.201025 -0.123035 0.179154 -2.533571 0.809032 -0.165910 -1.010675
R	-8.953344 1.332553 -0.330581 -5.621836 0.750378 -3.867373 0.345401 1.021082 1.520478
S	-3.682807 0.365437 1.570366 0.173941 0.357507 1.896698 0.154067 0.297501 0.249802
T	-1.917842 0.672018 1.336272 0.500959 0.590383 0.411825 -0.965993 -0.238048 -0.754193
V	1.642249 0.876942 0.171458 1.106737 0.435010 0.611981 -0.092845 -0.014613 1.327365
W	-0.590119 -1.756321 -2.332445 -0.163048 -3.222918 -4.890876 -2.643112 -3.647117 -3.059002
Y	1.572511 -0.242250 0.405463 1.165327 -1.490140 -3.738517 -0.721468 -0.724397 -1.361446
