A	-1.169925	1.415037	1.688056	-1.169925	0.000000	0.637430	0.000000	-1.169925	0.637430	-1.169925
C	-1.169925	-1.169925	-1.169925	-1.169925	-1.169925	-1.169925	-1.169925	-1.169925	-1.169925	-1.169925
D	-1.169925	-1.169925	0.000000	1.078003	1.078003	-1.169925	0.000000	-1.169925	-1.169925	-1.169925
E	-1.169925	1.415037	-1.169925	1.415037	1.078003	0.000000	-1.169925	0.000000	0.000000	-1.169925
F	0.000000	-1.169925	0.000000	-1.169925	-1.169925	-1.169925	-1.169925	0.000000	-1.169925	1.415037
G	-1.169925	-1.169925	0.000000	-1.169925	1.415037	0.000000	0.000000	-1.169925	-1.169925	-1.169925
H	0.637430	-1.169925	0.000000	0.000000	-1.169925	0.000000	0.000000	-1.169925	-1.169925	-1.169925
I	0.637430	-1.169925	1.078003	-1.169925	-1.169925	0.000000	-1.169925	0.000000	-1.169925	-1.169925
K	-1.169925	0.000000	-1.169925	-1.169925	-1.169925	0.637430	1.078003	0.000000	0.000000	-1.169925
L	0.000000	0.000000	-1.169925	0.000000	0.000000	0.000000	0.000000	0.637430	-1.169925	3.133856
M	-1.169925	-1.169925	-1.169925	-1.169925	-1.169925	-1.169925	-1.169925	-1.169925	-1.169925	-1.169925
N	0.000000	-1.169925	-1.169925	-1.169925	0.637430	-1.169925	-1.169925	0.637430	-1.169925	-1.169925
P	-1.169925	-1.169925	-1.169925	2.115477	1.078003	1.688056	1.078003	0.000000	-1.169925	-1.169925
Q	-1.169925	0.000000	-1.169925	-1.169925	-1.169925	0.000000	0.637430	0.000000	0.000000	-1.169925
R	0.637430	-1.169925	0.000000	-1.169925	-1.169925	0.000000	0.637430	-1.169925	1.078003	-1.169925
S	1.415037	-1.169925	0.637430	0.637430	0.000000	0.000000	-1.169925	1.415037	1.415037	-1.169925
T	-1.169925	0.637430	-1.169925	0.000000	-1.169925	0.637430	1.415037	0.637430	1.917538	-1.169925
V	0.637430	2.115477	1.415037	-1.169925	0.637430	0.000000	0.000000	1.415037	0.000000	-1.169925
W	0.000000	-1.169925	-1.169925	-1.169925	-1.169925	-1.169925	-1.169925	-1.169925	-1.169925	-1.169925
Y	1.415037	-1.169925	0.000000	0.000000	-1.169925	-1.169925	-1.169925	-1.169925	0.000000	0.000000
