A	0.819965	2.446922	1.635125	-0.024384	0.398827	0.398827	0.624709	1.411002	-3.483816
C	-2.313891	-3.483816	-3.483816	-2.313891	-3.483816	-3.483816	-3.483816	-1.676461	-3.483816
D	-3.483816	-3.483816	0.991918	1.582273	-1.676461	-3.483816	-1.676461	-1.676461	-3.483816
E	-1.676461	-0.898853	0.271072	1.349074	-0.396353	-0.198414	-0.898853	0.991918	-3.483816
F	1.145541	-2.313891	-0.625835	-0.396353	-0.198414	-2.313891	-2.313891	-1.676461	2.257651
G	-2.313891	-0.625835	-1.676461	1.070773	1.070773	1.349074	-0.898853	-1.235888	-3.483816
H	-0.898853	-3.483816	-1.676461	-2.313891	-0.625835	-1.235888	0.725638	-1.235888	-3.483816
I	0.516184	0.130894	1.411002	-1.676461	0.130894	0.271072	-0.198414	-2.313891	-1.676461
K	-0.198414	-2.313891	0.624709	-1.235888	0.725638	0.398827	0.725638	0.130894	-3.483816
L	1.284369	-0.024384	-0.898853	-2.313891	-1.676461	-0.396353	0.725638	-0.898853	3.244105
M	-3.483816	-1.676461	-1.676461	-3.483816	-3.483816	-2.313891	-3.483816	-3.483816	-0.898853
N	-1.235888	-3.483816	0.516184	-0.898853	0.398827	-0.625835	-0.898853	-0.898853	-3.483816
P	-3.483816	-3.483816	-3.483816	2.078427	2.000000	-0.024384	0.271072	-0.396353	-3.483816
Q	-2.313891	1.686109	0.130894	-0.198414	-0.898853	-0.198414	0.130894	0.271072	-3.483816
R	-1.235888	-3.483816	-0.396353	-3.483816	0.130894	0.130894	1.782971	-1.235888	-3.483816
S	1.782971	0.819965	-0.198414	0.130894	0.516184	1.070773	0.819965	1.917064	-3.483816
T	0.271072	1.145541	-0.625835	0.516184	-0.024384	1.582273	0.271072	1.349074	-3.483816
V	1.145541	1.349074	0.130894	-1.235888	-0.024384	0.725638	0.271072	0.819965	-0.625835
W	-3.483816	-3.483816	-3.483816	-2.313891	-2.313891	-3.483816	-3.483816	-3.483816	-2.313891
Y	0.819965	-2.313891	0.271072	-1.676461	-2.313891	-0.898853	-1.676461	-0.898853	1.527411
