A	-1.485863	1.324980	0.501858	0.438848	0.406281	0.532360	0.193736	-0.010954	-0.249565	-5.368506
C	-5.368506	-3.120579	-5.368506	-3.120579	-5.368506	-4.198581	-5.368506	-3.120579	-5.368506	-5.368506
D	-1.613619	-4.198581	0.755615	0.926114	1.178388	0.532360	-0.055624	0.372961	-1.909075	-5.368506
E	-1.159053	-3.561152	1.036635	1.393045	1.139288	0.268118	0.438848	0.831166	0.562231	-5.368506
F	1.796400	-2.083104	0.781241	-1.753797	-1.064726	-1.368506	-0.149338	-1.159053	-0.414310	2.300379
G	-1.485863	-3.561152	-1.613619	0.532360	1.376327	0.902957	0.755615	-1.159053	-0.535616	-4.198581
H	1.678617	-5.368506	-0.976189	-1.159053	-0.600322	-1.064726	-0.600322	0.438848	0.032373	-5.368506
I	0.155055	-2.510525	0.879421	-0.892773	-0.249565	-0.055624	-0.055624	0.338853	-0.668067	-0.668067
K	-5.368506	-5.368506	-2.783544	-0.357279	-0.739150	0.620178	0.562231	-0.976189	1.235120	-5.368506
L	1.057758	-2.510525	0.781241	-0.357279	0.372961	0.438848	0.781241	1.036635	0.971344	0.562231
M	0.948906	-3.120579	-1.259982	-3.120579	-2.083104	-2.281044	-1.909075	-1.753797	-1.159053	-2.281044
N	-0.010954	-4.198581	-0.357279	-0.302417	0.074437	-0.249565	-0.149338	-0.600322	-0.302417	-5.368506
P	-3.561152	3.901205	-0.149338	1.869898	0.501858	1.015198	0.948906	0.032373	-2.510525	-5.368506
Q	-0.813918	-5.368506	-1.159053	-0.535616	-0.535616	-0.813918	-0.302417	0.470697	-0.149338	-4.198581
R	-2.783544	-5.368506	-1.753797	-0.892773	-1.259982	-0.249565	0.032373	-0.357279	0.675888	-5.368506
S	0.074437	-2.783544	0.303919	0.902957	0.155055	0.675888	0.501858	0.193736	0.532360	-5.368506
T	0.155055	-3.561152	-1.259982	-0.010954	-0.535616	0.231406	0.032373	0.438848	1.359414	-5.368506
V	-0.535616	-0.473689	0.993437	-0.668067	0.406281	0.675888	0.231406	1.119334	0.032373	-3.120579
W	-2.083104	-4.198581	-0.892773	-4.198581	-2.510525	-3.561152	-4.198581	-3.120579	-2.083104	3.301264
Y	0.831166	-1.485863	0.620178	-1.485863	-0.739150	-1.613619	-0.976189	-0.302417	-0.357279	1.271738
