A	-1.166277	1.821374	0.858107	0.858107	0.269109	0.385518	0.817235	0.142475	-0.149975	-0.517184	-3.455784
C	-4.625709	-4.625709	-4.625709	-3.455784	-4.625709	-3.455784	-4.625709	-4.625709	-3.455784	-3.455784	-4.625709
D	-2.040746	-4.625709	0.493232	0.858107	1.645754	0.544216	0.207181	-0.071120	0.440380	-2.818354	-3.455784
E	-0.233391	-4.625709	1.334293	1.046716	1.445754	1.010916	0.385518	-0.321928	0.593460	-0.517184	-4.625709
F	1.841897	-3.455784	0.974204	-1.166277	-0.743066	-2.377781	-0.870821	-0.517184	0.207181	-0.071120	2.050248
G	-2.818354	-4.625709	-3.455784	0.731843	-0.321928	1.305028	0.493232	1.081650	-2.040746	-0.149975	-3.455784
H	0.936534	-4.625709	-0.743066	-1.538246	-0.870821	-1.340307	0.440380	-0.416255	0.328487	0.544216	-4.625709
I	0.142475	-2.818354	0.641078	-1.538246	-0.149975	0.003648	0.731843	0.544216	0.142475	-0.233391	-0.321928
K	-4.625709	-3.455784	-2.818354	-1.010999	-1.166277	-0.625709	0.593460	0.775171	-1.538246	0.731843	-4.625709
L	1.244656	-2.040746	1.445754	-0.321928	0.074731	0.328487	0.074731	0.936534	0.775171	1.445754	0.687174
M	1.213495	-2.040746	-0.321928	-2.377781	-2.818354	-2.377781	-1.340307	-1.767728	-2.377781	-1.010999	-3.455784
N	-0.321928	-3.455784	-0.416255	0.003648	-0.321928	0.440380	-0.071120	0.074731	-0.149975	-0.416255	-4.625709
P	-4.625709	3.860120	-2.040746	1.977918	1.391099	0.385518	0.269109	0.074731	-0.743066	-4.625709	-4.625709
Q	-0.625709	-4.625709	-1.340307	0.074731	-0.870821	-0.743066	-0.870821	-1.340307	0.641078	0.328487	-4.625709
R	-1.538246	-4.625709	-1.340307	-1.166277	-1.010999	-0.870821	0.003648	-0.149975	0.493232	0.641078	-4.625709
S	-0.071120	-2.040746	-0.149975	0.687174	0.544216	1.275158	-0.416255	-0.517184	0.593460	0.385518	-4.625709
T	0.817235	-2.818354	-1.767728	0.003648	0.003648	0.493232	0.858107	0.440380	-0.233391	1.081650	-4.625709
V	-0.517184	-2.818354	0.593460	-1.340307	0.142475	0.269109	0.142475	1.081650	1.149078	0.328487	-4.625709
W	-3.455784	-4.625709	-1.166277	-4.625709	-2.377781	-4.625709	-3.455784	-3.455784	-2.377781	-2.377781	3.331393
Y	0.687174	-2.377781	0.493232	-1.166277	-2.377781	-3.455784	-1.538246	-1.010999	-0.149975	-0.233391	1.362976
