A	-0.252387	1.554968	0.415037	0.768674	-0.481869	-0.054448	-0.054448	0.660150	0.542793	0.119582	0.415037	-3.339850
C	-3.339850	-3.339850	-3.339850	-2.169925	-3.339850	-3.339850	-2.169925	-3.339850	-3.339850	-3.339850	-3.339850	-3.339850
D	-3.339850	-2.169925	-1.091922	1.779091	-0.054448	0.963931	0.869603	-1.091922	-0.054448	0.660150	-3.339850	-3.339850
E	-1.091922	-3.339850	0.415037	-0.054448	1.289507	1.135883	0.274860	0.542793	-0.252387	0.660150	0.119582	-3.339850
F	1.614346	-1.532495	0.660150	-1.532495	-1.532495	-2.169925	-1.091922	-1.532495	-0.252387	0.274860	-0.481869	1.879319
G	-1.532495	-3.339850	-3.339850	0.274860	1.052467	1.135883	1.135883	1.289507	0.542793	-1.532495	-0.252387	-3.339850
H	0.963931	-2.169925	-0.481869	-0.754888	-1.532495	-1.091922	-0.754888	-0.754888	0.119582	0.274860	-0.054448	-3.339850
I	-0.054448	-3.339850	0.768674	-2.169925	-0.481869	-1.091922	-0.054448	0.274860	0.660150	0.119582	-0.481869	-0.481869
K	-2.169925	-3.339850	-3.339850	-0.754888	-2.169925	-0.252387	0.415037	1.214739	0.542793	-3.339850	-0.252387	-3.339850
L	1.493040	-3.339850	1.973033	-0.754888	1.052467	-0.054448	-0.481869	-0.054448	0.768674	0.869603	1.671377	0.119582
M	0.963931	-2.169925	-1.091922	-1.091922	-1.532495	-3.339850	-3.339850	-1.091922	-3.339850	-1.532495	-1.091922	-2.169925
N	-0.754888	-3.339850	-0.754888	0.119582	-1.532495	0.542793	-0.252387	-0.054448	-1.091922	-0.754888	-1.091922	-3.339850
P	-2.169925	3.862274	-2.169925	1.360590	1.671377	0.963931	0.963931	0.660150	0.274860	-0.054448	-2.169925	-3.339850
Q	-0.252387	-3.339850	-0.252387	0.415037	-0.481869	0.119582	-1.091922	-1.091922	0.415037	0.768674	0.660150	-3.339850
R	-2.169925	-3.339850	-1.091922	-0.754888	-2.169925	-0.481869	-0.252387	0.274860	-0.481869	-1.091922	0.963931	-3.339850
S	0.274860	-3.339850	-0.754888	0.869603	1.052467	1.214739	1.135883	-0.054448	1.289507	0.274860	-0.754888	-3.339850
T	-0.754888	-3.339850	-2.169925	0.119582	-0.252387	-0.252387	0.415037	-1.091922	-0.481869	-0.252387	1.135883	-3.339850
V	0.119582	-3.339850	1.052467	-0.481869	0.274860	-0.481869	0.415037	0.660150	0.274860	1.052467	0.415037	-3.339850
W	-3.339850	-3.339850	0.415037	-3.339850	-1.532495	-3.339850	-3.339850	-2.169925	-3.339850	-1.532495	-3.339850	3.470722
Y	1.214739	-2.169925	0.869603	-1.532495	-0.481869	-1.532495	-1.532495	-0.754888	-2.169925	0.415037	0.274860	0.869603
