A	-1.807355	0.000000	0.440573	0.777608	1.050626	0.000000	0.000000	0.440573	0.000000	0.000000	0.440573	-0.637430	-1.807355
C	-1.807355	-1.807355	-1.807355	-1.807355	-1.807355	-1.807355	-1.807355	-1.807355	-1.807355	-1.807355	-1.807355	0.000000	-1.807355
D	-1.807355	-1.807355	-0.637430	1.807355	1.050626	0.777608	1.050626	1.478047	1.050626	0.440573	-0.637430	-1.807355	-1.807355
E	-1.807355	-1.807355	0.777608	0.777608	1.280108	1.050626	1.050626	0.000000	0.777608	1.050626	0.777608	0.000000	-1.807355
F	1.280108	-1.807355	1.050626	-0.637430	-0.637430	-1.807355	-1.807355	0.000000	0.000000	-0.637430	0.000000	-1.807355	1.947533
G	-1.807355	-1.807355	-1.807355	-0.637430	1.478047	2.192645	0.000000	1.807355	0.440573	1.280108	0.000000	0.777608	-1.807355
H	1.652077	-1.807355	-1.807355	-0.637430	-1.807355	0.000000	0.440573	-0.637430	-1.807355	-1.807355	0.440573	-1.807355	-1.807355
I	0.777608	-1.807355	0.777608	-1.807355	0.777608	-0.637430	-1.807355	-0.637430	-0.637430	0.440573	-1.807355	-0.637430	-0.000000
K	0.000000	-1.807355	-1.807355	-1.807355	-1.807355	-1.807355	1.050626	0.777608	-0.637430	0.777608	-0.637430	1.478047	-1.807355
L	0.440573	-1.807355	1.280108	-0.637430	0.440573	-0.637430	0.000000	0.440573	-0.637430	0.000000	1.280108	1.050626	-0.637430
M	1.280108	-1.807355	-1.807355	-0.637430	-1.807355	-1.807355	-0.637430	-1.807355	-1.807355	-1.807355	-1.807355	-1.807355	-1.807355
N	-1.807355	-1.807355	-0.637430	-1.807355	-0.637430	-0.637430	0.777608	-1.807355	-1.807355	-0.637430	-0.637430	0.440573	-1.807355
P	-1.807355	3.676461	-1.807355	1.478047	-1.807355	0.777608	0.440573	0.000000	1.652077	-0.637430	-1.807355	-1.807355	-1.807355
Q	-1.807355	-0.637430	-0.637430	-1.807355	0.000000	-0.637430	0.000000	-1.807355	0.000000	-1.807355	0.440573	-0.637430	-1.807355
R	0.000000	-1.807355	0.000000	-0.637430	-1.807355	0.000000	-1.807355	0.000000	0.000000	1.280108	0.000000	0.777608	-1.807355
S	-0.637430	-1.807355	-0.637430	1.280108	0.440573	0.440573	0.440573	-0.637430	0.777608	0.777608	0.440573	0.000000	-1.807355
T	-1.807355	-1.807355	-0.637430	-0.637430	0.000000	-1.807355	0.000000	-0.637430	0.440573	-1.807355	0.000000	0.000000	-1.807355
V	-1.807355	0.000000	1.050626	-0.637430	-1.807355	0.000000	-0.637430	-0.637430	0.000000	-0.637430	0.777608	0.000000	-1.807355
W	-0.637430	-1.807355	0.000000	-0.637430	-0.637430	-1.807355	-1.807355	-1.807355	-1.807355	-1.807355	-0.637430	-1.807355	3.146841
Y	1.478047	-1.807355	0.777608	-0.637430	-1.807355	-1.807355	-1.807355	-0.637430	-1.807355	-0.637430	0.000000	0.777608	0.440573
