A	-1.584963	1.375867	1.502500	0.067114	1.726624	-0.304855	-0.304855	-3.392317
C	-3.392317	-3.392317	-3.392317	-3.392317	-3.392317	-3.392317	-3.392317	-3.392317
D	0.067114	-3.392317	0.067114	-0.534336	0.716207	-0.534336	-1.584963	-3.392317
E	-0.807355	-3.392317	-1.144390	0.362570	-0.807355	0.490326	-0.304855	-3.392317
F	1.777608	-1.584963	-0.304855	-2.222392	-3.392317	1.083416	-0.304855	2.169925
G	-3.392317	-2.222392	1.561879	0.490326	1.440573	-1.144390	-0.106915	-3.392317
H	0.067114	-3.392317	0.222392	-1.144390	-3.392317	1.440573	1.083416	-3.392317
I	-0.304855	-3.392317	0.490326	-0.534336	-1.584963	-0.807355	-0.106915	-0.106915
K	-3.392317	-3.392317	-3.392317	1.440573	-3.392317	-0.304855	1.726624	-3.392317
L	1.920566	-3.392317	1.000000	1.000000	-3.392317	0.490326	0.607683	-0.534336
M	0.607683	-3.392317	-2.222392	-2.222392	-3.392317	-3.392317	-2.222392	-1.144390
N	-1.144390	-3.392317	-0.304855	-0.807355	-3.392317	-0.106915	-3.392317	-3.392317
P	-0.534336	3.916022	-0.807355	0.716207	0.490326	0.222392	-1.144390	-3.392317
Q	-1.144390	-3.392317	-1.584963	0.362570	-2.222392	-0.534336	-0.534336	-3.392317
R	-2.222392	-3.392317	-0.534336	0.067114	-2.222392	-0.534336	0.817136	-3.392317
S	-0.534336	-2.222392	0.362570	0.607683	2.679145	-0.106915	1.000000	-3.392317
T	-0.304855	-3.392317	0.362570	0.490326	0.362570	-0.304855	0.067114	-3.392317
V	-0.106915	-3.392317	0.067114	0.222392	-0.106915	-0.106915	-0.106915	-3.392317
W	-0.304855	-3.392317	-1.584963	-3.392317	-3.392317	0.067114	-1.584963	3.496426
Y	1.083416	-2.222392	-0.807355	-1.144390	-2.222392	0.716207	-0.304855	-0.304855
