A	-1.047772	1.820860	1.106915	0.364679	-0.035424	0.762532	-0.005008	-0.244557	-6.324931
C	-6.324931	-6.324931	-5.246928	-5.246928	-5.687501	-4.909893	-4.407393	-3.612213	-6.324931
D	-0.733304	-7.494856	0.714598	1.306044	0.251659	-0.407393	-0.684284	-1.858231	-7.494856
E	-0.209453	-2.228069	-0.221060	1.473811	0.356893	-0.152781	0.567191	0.462246	-7.494856
F	1.322128	-0.700440	0.652349	-1.534854	-0.152781	0.243237	-0.197939	-0.531960	2.083989
G	-2.794416	-2.726671	-0.947961	0.702361	0.301184	-0.317436	-2.137304	-0.652505	-7.494856
H	1.218531	-5.246928	-0.256451	-0.590974	-0.561165	-0.394193	0.546804	0.395409	-3.880146
I	0.200373	-1.007016	0.387787	-0.891229	1.020844	0.690020	-0.209453	-1.370734	0.505144
K	-2.137304	-7.494856	-3.494856	-0.056064	-0.035424	-0.368151	-1.089714	1.285684	-7.494856
L	1.334074	-0.531960	0.939773	-0.621411	1.059733	0.560427	1.999000	1.256688	1.357674
M	0.620188	-2.093976	-0.854611	-2.600038	-1.687501	-1.932613	-2.228069	-1.655652	-1.223393
N	-0.035424	-4.209453	0.380126	-0.268443	-0.801369	-0.461433	-0.546488	-0.447732	-7.494856
P	-6.324931	3.465327	-2.137304	1.462972	-0.461433	0.483855	0.317322	-3.102538	-7.494856
Q	-0.489231	-3.285402	-0.987061	-0.394193	-0.447732	0.217671	0.553631	0.063565	-7.494856
R	-2.275687	-7.494856	-2.865499	-0.700440	-0.947961	-0.606112	-0.606112	1.010956	-7.494856
S	0.512172	-1.932613	1.256688	0.908156	0.165140	0.380126	0.091984	0.600541	-7.494856
T	0.652349	-1.089714	0.110624	-0.317436	0.469485	0.425497	0.053966	0.886687	-7.494856
V	-0.317436	0.645974	0.613669	-0.818899	1.357674	1.297935	0.567191	0.174029	-2.228069
W	-3.191075	-5.687501	-1.822430	-3.494856	-2.483628	-4.909893	-2.093976	-3.612213	2.518467
Y	0.859394	-1.027250	0.101334	-2.428766	-0.928802	-0.590974	-0.197939	-0.394193	2.394648
