A	0.135947	-0.028797	-0.679213	-1.368284	-0.214809	0.459950	-0.428405	0.028234	0.374558	-3.813069
C	-4.982994	-4.982994	-4.982994	-4.982994	-4.982994	-4.982994	-3.813069	-3.175639	-3.175639	-4.982994
D	-3.813069	-3.813069	1.524801	2.603846	1.191932	-0.679213	-0.874469	-2.398031	-3.813069	-4.982994
E	-2.125013	-1.697591	-1.368284	0.856210	0.616919	-0.773540	-1.228106	-0.353637	0.236175	-4.982994
F	1.524801	0.500822	1.061401	-2.398031	-2.125013	-1.368284	-0.088176	-0.679213	-0.214809	2.876541
G	-1.228106	-3.175639	-2.125013	-0.282554	1.464090	1.264934	0.856210	-1.895531	-1.697591	-4.982994
H	-0.150104	0.824361	-0.679213	-2.735066	0.135947	-0.353637	-0.353637	0.186931	-0.773540	-4.982994
I	0.374558	-0.679213	0.724366	-2.398031	-2.125013	0.028234	0.616919	0.329889	-1.100351	-0.679213
K	0.417886	-3.175639	-0.679213	-0.353637	0.236175	0.758473	-0.214809	-1.228106	0.186931	-4.982994
L	-1.228106	1.935870	0.887371	-1.895531	-0.590676	-0.282554	0.653631	0.917873	0.236175	3.079053
M	-1.895531	-1.523562	-0.507260	-4.982994	-3.813069	-3.813069	-2.398031	-0.874469	-3.813069	-1.368284
N	-1.523562	-2.735066	-0.507260	-0.282554	-0.507260	0.135947	0.236175	0.374558	-0.679213	-4.982994
P	-4.982994	-0.088176	0.616919	2.594435	1.761840	1.657251	1.443271	0.236175	-2.398031	-4.982994
Q	-2.125013	0.028234	-0.874469	-0.982994	-0.773540	0.236175	0.186931	0.758473	0.724366	-4.982994
R	1.141128	0.724366	-0.214809	-3.175639	-0.282554	-0.428405	-0.282554	-0.773540	-0.150104	-4.982994
S	1.033815	-1.895531	-0.507260	-0.028797	0.283793	0.856210	0.283793	0.540568	1.504846	-4.982994
T	-0.282554	-1.697591	-2.735066	-0.982994	-0.282554	0.283793	0.689432	1.061401	1.979902	-4.982994
V	0.653631	-0.214809	-0.353637	-2.735066	0.028234	-0.507260	0.417886	1.378950	0.616919	0.977008
W	-4.982994	-2.398031	-3.813069	-3.813069	-2.125013	-3.175639	-3.813069	-2.398031	-4.982994	-3.813069
Y	1.905750	2.325345	1.563901	-3.813069	-1.895531	-2.398031	-1.228106	-0.590676	0.028234	-0.507260
