A	-0.119299	-0.729352	0.308122	-0.729352	0.482152	-0.392317	0.110183	-0.392317	-1.807355	-0.119299	-2.977280
C	-2.977280	-2.977280	-2.977280	-2.977280	-2.977280	-2.977280	-2.977280	-2.977280	-2.977280	-2.977280	-2.977280
D	-2.977280	-2.977280	1.652077	1.976916	1.326501	1.326501	-0.119299	-1.169925	-1.169925	-1.807355	-2.977280
E	-2.977280	-2.977280	0.308122	0.308122	-0.392317	0.637430	0.308122	0.308122	-2.977280	1.022720	-2.977280
F	2.141661	0.110183	1.131245	-1.807355	-0.729352	-1.807355	-1.169925	-0.729352	-0.729352	-1.169925	2.380272
G	-2.977280	-2.977280	-2.977280	0.482152	0.482152	1.131245	1.131245	0.637430	-1.807355	-2.977280	-2.977280
H	-1.807355	0.308122	-2.977280	-0.729352	-0.392317	-1.169925	0.905363	-1.169925	0.637430	0.110183	-2.977280
I	1.022720	-1.169925	0.482152	-1.807355	-0.392317	-0.729352	-1.169925	0.777608	0.308122	-1.807355	-1.169925
K	0.482152	-2.977280	-2.977280	-1.169925	0.905363	0.110183	0.777608	-0.119299	-0.392317	-0.119299	-2.977280
L	-1.169925	1.577309	1.498454	-0.392317	-0.729352	-1.169925	-0.392317	0.777608	1.976916	1.022720	3.448985
M	-1.807355	-1.807355	-1.169925	-1.807355	-0.729352	-1.807355	-1.807355	-2.977280	-1.807355	-2.977280	-1.169925
N	-1.169925	-2.977280	0.110183	-0.392317	-0.392317	-1.169925	-0.729352	0.110183	0.308122	-1.169925	-2.977280
P	-2.977280	0.482152	0.482152	2.584963	1.790904	1.723160	0.777608	0.637430	-0.729352	-1.169925	-2.977280
Q	-1.807355	-0.729352	-1.807355	-1.169925	-0.119299	-0.119299	0.308122	-0.392317	0.637430	0.637430	-2.977280
R	1.232173	0.777608	-1.807355	-0.729352	-0.392317	-2.977280	-0.119299	-0.729352	-0.119299	0.110183	-2.977280
S	0.905363	-1.807355	0.308122	0.308122	0.308122	1.131245	1.022720	0.777608	0.110183	1.498454	-2.977280
T	-0.729352	-2.977280	-2.977280	-2.977280	-0.729352	0.110183	0.110183	0.905363	0.482152	1.415037	-2.977280
V	-0.392317	-0.392317	-0.392317	-1.169925	-1.169925	0.482152	-0.119299	0.637430	1.326501	0.482152	0.110183
W	-2.977280	-2.977280	-2.977280	-2.977280	-2.977280	-2.977280	-2.977280	-1.807355	-2.977280	-2.977280	-2.977280
Y	1.652077	2.923587	0.777608	-1.807355	-1.807355	-2.977280	-1.807355	-0.119299	-0.119299	0.110183	-2.977280
