A	0.072675	1.518873	-0.282713	-1.374211	0.072675	-0.453646	0.837097	-5.766529
C	-5.766529	-5.766529	-5.766529	-5.766529	-5.766529	-5.766529	-4.596604	-5.766529
D	-2.908548	-2.908548	1.963092	0.304933	-3.959174	-2.679066	-1.766529	-5.766529
E	-2.481127	-2.679066	-0.499742	1.152334	-1.557076	-0.547360	1.608511	-5.766529
F	1.723319	0.741266	0.164208	-2.151819	-0.812333	-1.066089	-1.066089	1.044043
G	-3.181566	-1.374211	0.164208	-0.453646	0.250279	-1.557076	-4.596604	-5.766529
H	0.799525	0.383218	-0.499742	-0.547360	1.122214	1.181838	-0.755302	-5.766529
I	0.250279	-0.166616	-0.547360	-0.166616	0.457473	0.250279	-0.755302	-0.365649
K	-1.137172	-1.883886	1.672263	1.518873	2.212182	0.008258	0.433143	-5.766529
L	-0.242967	1.060020	-0.242967	0.222156	-0.700440	0.528092	0.550884	3.914710
M	-1.211940	-0.700440	-0.408977	-3.181566	-2.679066	-0.871711	-1.766529	0.040826
N	-0.499742	-2.307097	0.040826	-0.282713	-3.181566	-0.242967	-1.557076	-5.766529
P	-5.766529	0.433143	0.638613	1.713251	0.701077	0.433143	-3.518601	-5.766529
Q	-2.151819	0.304933	-0.998345	-0.323585	-1.557076	0.617175	0.504934	-5.766529
R	-0.547360	1.011548	-0.933639	-0.025062	0.818434	0.721311	-0.453646	-5.766529
S	0.573321	-0.408977	-0.204286	-0.499742	0.193473	0.193473	0.995022	-5.766529
T	0.193473	-1.462748	-2.011641	0.573321	-0.323585	0.595415	1.334133	-5.766529
V	0.701077	0.040826	-1.658004	0.040826	0.741266	1.167162	1.320934	-0.453646
W	-4.596604	-4.596604	-3.518601	-3.518601	-3.959174	-3.518601	-5.766529	-5.766529
Y	2.205015	1.385756	0.008258	-1.883886	-1.766529	-0.365649	-1.290795	-3.959174
