A	0.862731	0.405344	0.773904	-0.153440	-0.068850	0.357237	0.139863	0.942335	-2.828263
C	-5.817179	-6.846927	-6.146487	-7.624534	-4.877300	-4.877300	-4.537072	-3.471887	-6.344426
D	-1.253224	-3.908327	0.913516	1.471993	-0.697180	-1.685375	-1.993097	-2.384765	-9.431889
E	-0.503371	-0.179815	-1.316846	1.675328	-0.237132	-0.403293	0.099005	1.167094	-9.431889
F	0.872747	-0.258837	0.242744	-2.357748	-0.396403	-0.039035	-0.221827	-1.083161	2.099979
G	-0.766553	-1.932043	-1.310356	0.482122	0.313785	-0.110525	-2.884995	-1.116740	-9.431889
H	-0.044410	0.874172	-0.529514	-1.482063	0.096565	-0.583266	0.426869	-0.714213	-8.261964
I	0.229443	-0.441785	0.693847	-1.519000	0.216019	1.083318	0.603941	-1.083161	0.631169
K	0.607372	-3.307768	0.621018	0.151664	1.347214	-0.319450	-0.410215	0.482122	-6.146487
L	-0.039035	2.249129	0.958548	-0.335833	0.328415	1.045869	1.168256	0.118377	3.073922
M	-1.467548	-1.122413	-0.474062	-3.232217	-2.468993	-1.932043	-1.474787	-2.371193	-0.138993
N	-0.265099	-3.624534	0.309578	-0.265099	-0.255716	-0.521996	-0.303250	-0.499675	-9.431889
P	-4.877300	0.361308	-0.041720	1.844817	0.137492	0.619320	0.216019	-3.471887	-9.431889
Q	-0.731450	0.519031	-0.153440	-0.055221	-0.188715	-0.082608	0.675982	0.615916	-9.431889
R	0.391478	-0.007198	-0.775464	-1.284684	0.821958	-0.643171	-0.191694	-0.044410	-6.573908
S	1.122220	-0.956156	0.526301	0.562110	0.307469	0.363339	0.253736	1.567582	-9.431889
T	0.513555	-1.151119	-0.614906	-0.309708	0.089220	0.677615	0.547893	1.234113	-6.846927
V	0.680876	0.144595	-0.153440	-0.966323	0.749263	1.392672	1.151899	0.593596	1.545391
W	-3.908327	-4.212721	-2.454609	-4.119006	-2.454609	-3.831976	-2.371193	-5.128109	-3.160426
Y	0.646262	1.494407	0.034187	-2.558445	-0.771002	-1.303895	-0.319450	-0.499675	0.682504
