A	0.685586	-0.026612	0.186984	-0.966491	0.119239	0.251689	-0.026612	-0.371747	0.048156	-1.121769
C	-4.581201	-4.581201	-4.581201	-4.581201	-4.581201	-4.581201	-4.581201	-2.773846	-3.411276	-4.581201
D	-2.773846	-4.581201	2.657204	3.270548	1.160266	-0.277420	-0.371747	-2.773846	-3.411276	-4.581201
E	-1.121769	0.186984	0.048156	1.780743	1.091225	-0.188883	-0.371747	-0.026612	0.484889	-4.581201
F	1.666727	-4.581201	-0.698558	-1.723220	-0.826313	-0.472676	-0.698558	-0.188883	-0.277420	2.367167
G	-2.333273	-2.773846	-1.723220	-0.966491	0.119239	0.902615	1.289164	-0.966491	-0.105467	-4.581201
H	-0.698558	-4.581201	-2.333273	-2.773846	-1.121769	-0.472676	-0.188883	0.819679	0.119239	-4.581201
I	0.251689	1.258003	0.251689	-2.333273	-0.188883	0.685586	0.186984	0.119239	-1.493738	-1.996238
K	0.313617	-2.773846	-1.493738	-1.723220	-0.371747	-0.371747	-1.121769	-1.295798	0.186984	1.713420
L	0.372996	2.596219	0.588724	-1.121769	0.119239	0.313617	0.981042	1.845064	1.435608	1.886405
M	-0.371747	-0.277420	-0.472676	-2.773846	-2.773846	-1.996238	-1.295798	-0.277420	-2.773846	1.018712
N	-1.723220	-2.773846	-1.121769	-1.723220	0.048156	-0.026612	0.537740	-0.371747	-0.026612	-4.581201
P	-4.581201	-2.333273	-0.026612	1.226154	1.965694	1.055424	0.776351	-0.581201	-3.411276	-4.581201
Q	-0.698558	-0.966491	-0.966491	-1.295798	-0.581201	-0.026612	0.685586	0.537740	0.186984	-4.581201
R	0.484889	-3.411276	-2.773846	-3.411276	-0.826313	-1.295798	-0.826313	-1.493738	-0.105467	0.186984
S	0.776351	0.685586	-0.026612	-1.121769	0.048156	0.819679	0.251689	0.981042	0.685586	-4.581201
T	-0.698558	1.258003	-0.472676	-1.996238	-0.105467	0.685586	0.372996	0.637968	0.902615	-4.581201
V	-0.371747	1.568547	0.942361	-2.773846	-0.188883	0.861743	0.048156	0.313617	-0.371747	0.731682
W	-1.996238	-3.411276	-1.996238	-4.581201	-2.773846	-4.581201	-4.581201	-2.333273	-3.411276	-4.581201
Y	1.823941	-2.773846	-0.698558	-1.996238	-1.493738	-2.333273	-0.698558	-0.581201	1.435608	0.902615
