A	0.750972	1.197037	0.750972	-0.270089	0.101880	0.946229	0.101880	-1.109624	0.397335	-2.187627	-1.550197
C	-3.357552	-3.357552	-3.357552	-3.357552	-3.357552	-2.187627	-3.357552	-3.357552	-2.187627	-3.357552	-3.357552
D	-3.357552	-2.187627	2.512813	2.043327	2.085391	1.118181	0.851901	-1.550197	-1.109624	-1.109624	-3.357552
E	-2.187627	0.257158	0.525091	1.955331	0.525091	0.750972	0.397335	0.642448	0.257158	0.525091	-3.357552
F	1.410632	-3.357552	-0.772590	-2.187627	-1.109624	-1.550197	-3.357552	-1.550197	-0.072150	0.257158	1.653675
G	-2.187627	-2.187627	-2.187627	-0.499571	-0.772590	1.197037	-0.072150	1.118181	-2.187627	-0.270089	-3.357552
H	-0.772590	-3.357552	-3.357552	-1.109624	-1.109624	-2.187627	0.257158	-0.772590	0.257158	-0.772590	-2.187627
I	0.257158	0.851901	-0.270089	-2.187627	-1.109624	0.257158	0.257158	0.397335	-0.270089	-2.187627	-1.109624
K	-0.072150	-3.357552	-1.109624	-0.270089	-1.550197	-0.772590	-2.187627	-1.550197	-1.550197	-0.270089	2.043327
L	0.750972	2.279073	0.101880	-0.499571	-1.109624	-0.072150	0.851901	1.761389	2.085391	1.034765	1.812373
M	-0.499571	-0.499571	-1.550197	-3.357552	-3.357552	-2.187627	-1.550197	-0.270089	-0.499571	-1.550197	0.750972
N	-1.550197	-3.357552	-0.772590	-0.270089	-0.270089	-0.772590	0.525091	-0.072150	-0.072150	-2.187627	-3.357552
P	-3.357552	-2.187627	0.397335	1.118181	1.955331	0.750972	0.642448	0.750972	-1.109624	-1.550197	-3.357552
Q	-1.550197	-2.187627	-1.550197	-1.550197	-1.109624	-0.772590	-1.109624	-0.270089	0.750972	-0.072150	-3.357552
R	0.642448	-3.357552	-1.550197	-3.357552	-1.550197	-0.772590	-1.109624	-0.772590	-1.550197	-0.499571	0.257158
S	1.197037	1.596644	0.525091	0.750972	0.946229	0.851901	1.197037	0.750972	0.397335	-0.072150	-3.357552
T	0.851901	1.197037	-1.109624	0.397335	-0.772590	0.397335	0.101880	0.257158	-0.072150	-0.072150	-3.357552
V	-0.270089	1.118181	1.271805	-0.499571	0.750972	0.397335	0.851901	-0.499571	0.397335	0.101880	-1.109624
W	-3.357552	-3.357552	-3.357552	-2.187627	-2.187627	-3.357552	-2.187627	-3.357552	-3.357552	-3.357552	-3.357552
Y	1.342888	-3.357552	-1.109624	-1.109624	-1.550197	-2.187627	-0.772590	-0.270089	0.257158	2.686842	1.955331
