A	0.857042	0.079434	-0.557995	0.520007	0.520007	-0.557995	0.520007	1.359542	0.520007	-0.557995	-0.557995	-1.727920
C	-1.727920	-1.727920	-1.727920	-0.557995	-1.727920	-1.727920	-1.727920	-1.727920	-1.727920	-1.727920	-1.727920	-1.727920
D	-0.557995	-1.727920	2.154723	1.359542	0.520007	1.359542	1.130061	0.079434	0.079434	0.079434	-1.727920	-1.727920
E	0.079434	-0.557995	1.130061	1.130061	0.079434	1.359542	0.520007	0.079434	0.079434	0.520007	-0.557995	-1.727920
F	1.130061	0.079434	0.520007	-0.557995	-1.727920	0.520007	0.520007	-1.727920	-1.727920	0.079434	0.079434	0.079434
G	-0.557995	-1.727920	-0.557995	0.079434	1.359542	1.130061	-0.557995	0.857042	0.520007	-0.557995	-0.557995	-1.727920
H	-1.727920	-1.727920	-0.557995	-0.557995	-1.727920	-1.727920	0.079434	-0.557995	-0.557995	-1.727920	-0.557995	-0.557995
I	0.079434	1.557482	0.079434	-1.727920	-0.557995	-0.557995	-1.727920	-0.557995	0.079434	0.857042	-1.727920	-1.727920
K	-0.557995	-1.727920	-1.727920	-1.727920	0.520007	0.520007	-1.727920	0.857042	-0.557995	-0.557995	-0.557995	2.481533
L	0.079434	0.857042	0.079434	0.079434	1.359542	-1.727920	0.079434	1.130061	0.520007	0.857042	1.359542	0.520007
M	-1.727920	-1.727920	0.079434	-1.727920	-1.727920	-0.557995	-1.727920	-1.727920	-0.557995	-0.557995	-1.727920	-1.727920
N	-0.557995	-1.727920	-0.557995	0.079434	0.079434	-1.727920	-1.727920	-0.557995	0.079434	0.079434	0.079434	-1.727920
P	-1.727920	-1.727920	-1.727920	0.520007	1.359542	0.857042	1.557482	0.520007	0.857042	-0.557995	-0.557995	-1.727920
Q	-0.557995	-1.727920	-1.727920	-0.557995	-1.727920	0.857042	-0.557995	-0.557995	0.079434	0.520007	0.520007	-1.727920
R	-0.557995	-1.727920	-1.727920	-1.727920	-0.557995	-1.727920	-0.557995	-1.727920	0.079434	-0.557995	0.079434	-0.557995
S	1.130061	0.857042	0.520007	1.130061	0.079434	-0.557995	0.079434	0.079434	0.520007	0.079434	0.857042	-1.727920
T	0.520007	2.380604	0.520007	0.857042	0.079434	0.079434	1.130061	0.520007	0.857042	0.520007	1.130061	-1.727920
V	0.857042	0.520007	-0.557995	-1.727920	-1.727920	-1.727920	-1.727920	-0.557995	0.079434	0.520007	-1.727920	-0.557995
W	-0.557995	-1.727920	-0.557995	-1.727920	-1.727920	-1.727920	-1.727920	-1.727920	-1.727920	-1.727920	-1.727920	-0.557995
Y	0.520007	-0.557995	-1.727920	-0.557995	-1.727920	-1.727920	0.079434	-0.557995	-1.727920	0.520007	1.557482	2.481533
