A	-1.247928	-1.247928	-1.247928	-0.078003	-0.078003	-0.078003	-1.247928	-0.078003	1.337035	-1.247928	-1.247928	0.559427	-1.247928
C	-1.247928	-1.247928	-1.247928	-1.247928	-1.247928	-1.247928	-0.078003	-1.247928	-1.247928	-1.247928	-1.247928	-1.247928	-1.247928
D	-1.247928	-1.247928	2.634716	1.337035	-1.247928	-0.078003	1.337035	1.839535	0.559427	-0.078003	-0.078003	-1.247928	-1.247928
E	-1.247928	-1.247928	0.559427	1.337035	1.000000	0.559427	0.559427	-0.078003	1.000000	1.000000	-1.247928	-0.078003	-1.247928
F	1.000000	-1.247928	-1.247928	-1.247928	-0.078003	-0.078003	-0.078003	0.559427	-1.247928	-0.078003	-1.247928	-0.078003	-0.078003
G	-1.247928	-0.078003	-1.247928	-0.078003	0.559427	1.000000	-0.078003	-1.247928	1.000000	1.337035	-1.247928	1.000000	-1.247928
H	-0.078003	-1.247928	-1.247928	-1.247928	1.000000	-1.247928	-1.247928	-1.247928	-0.078003	-0.078003	-0.078003	-0.078003	-1.247928
I	0.559427	-0.078003	0.559427	0.559427	0.559427	-0.078003	0.559427	-0.078003	-0.078003	-1.247928	-0.078003	-1.247928	-1.247928
K	0.559427	-1.247928	-1.247928	-1.247928	-1.247928	0.559427	-0.078003	-1.247928	-0.078003	0.559427	-0.078003	-0.078003	2.366782
L	1.337035	1.337035	-1.247928	0.559427	0.559427	-1.247928	1.000000	-1.247928	1.000000	-0.078003	1.610053	-0.078003	-1.247928
M	-1.247928	-1.247928	-0.078003	-1.247928	-1.247928	-0.078003	-1.247928	-1.247928	-1.247928	-1.247928	-1.247928	-0.078003	-1.247928
N	-0.078003	-1.247928	-0.078003	-1.247928	-1.247928	-1.247928	1.000000	-0.078003	-0.078003	-0.078003	-0.078003	-1.247928	-1.247928
P	-1.247928	-0.078003	-0.078003	-1.247928	-0.078003	-0.078003	-1.247928	0.559427	-1.247928	1.000000	0.559427	-0.078003	-1.247928
Q	-0.078003	-0.078003	-1.247928	-1.247928	-0.078003	1.337035	-1.247928	0.559427	-0.078003	-0.078003	0.559427	-1.247928	-1.247928
R	-1.247928	-1.247928	-1.247928	-1.247928	-1.247928	-1.247928	-0.078003	0.559427	-1.247928	-1.247928	-1.247928	-1.247928	0.559427
S	1.000000	1.610053	1.000000	-0.078003	1.000000	-1.247928	-0.078003	-0.078003	-0.078003	0.559427	-0.078003	1.000000	-1.247928
T	-0.078003	2.037475	-1.247928	0.559427	-1.247928	0.559427	-0.078003	-1.247928	-1.247928	-0.078003	0.559427	-0.078003	-1.247928
V	0.559427	0.559427	-1.247928	0.559427	-0.078003	0.559427	-0.078003	0.559427	-0.078003	-0.078003	-0.078003	-0.078003	-1.247928
W	-1.247928	-1.247928	-1.247928	-1.247928	-1.247928	-1.247928	-1.247928	-0.078003	-1.247928	-1.247928	-0.078003	-1.247928	-1.247928
Y	0.559427	-1.247928	-0.078003	1.000000	0.559427	-0.078003	-1.247928	-1.247928	-1.247928	-1.247928	1.000000	1.610053	2.506960
