A	1.247928	-1.000000	1.247928	-1.000000	-1.000000	0.169925	0.169925	-1.000000	0.169925	0.169925	1.247928	-1.000000	0.807355	-1.000000
C	-1.000000	-1.000000	-1.000000	-1.000000	-1.000000	-1.000000	-1.000000	-1.000000	-1.000000	-1.000000	-1.000000	-1.000000	-1.000000	-1.000000
D	0.169925	-1.000000	2.087463	0.807355	0.169925	-1.000000	0.169925	0.169925	-1.000000	0.169925	-1.000000	-1.000000	-1.000000	-1.000000
E	0.807355	-1.000000	0.169925	0.807355	1.247928	-1.000000	0.169925	1.857981	0.169925	0.169925	0.169925	0.169925	0.169925	-1.000000
F	-1.000000	-1.000000	-1.000000	-1.000000	0.169925	0.807355	-1.000000	0.807355	-1.000000	0.169925	0.169925	0.169925	0.169925	0.169925
G	0.169925	0.169925	-1.000000	-1.000000	0.169925	-1.000000	-1.000000	-1.000000	0.169925	-1.000000	-1.000000	0.807355	-1.000000	0.169925
H	-1.000000	-1.000000	-1.000000	-1.000000	-1.000000	0.169925	-1.000000	-1.000000	-1.000000	0.807355	-1.000000	0.807355	-1.000000	-1.000000
I	1.247928	-1.000000	0.169925	-1.000000	-1.000000	1.247928	0.807355	0.169925	0.169925	-1.000000	0.807355	0.169925	-1.000000	-1.000000
K	-1.000000	-1.000000	0.807355	-1.000000	0.169925	-1.000000	-1.000000	-1.000000	1.247928	-1.000000	-1.000000	0.169925	-1.000000	0.169925
L	0.169925	0.169925	0.169925	0.169925	-1.000000	-1.000000	1.247928	-1.000000	0.169925	-1.000000	0.169925	0.169925	0.169925	-1.000000
M	-1.000000	-1.000000	-1.000000	-1.000000	-1.000000	-1.000000	-1.000000	-1.000000	-1.000000	-1.000000	0.169925	0.169925	-1.000000	-1.000000
N	-1.000000	-1.000000	-1.000000	-1.000000	0.169925	-1.000000	-1.000000	-1.000000	-1.000000	0.807355	-1.000000	0.169925	0.807355	-1.000000
P	-1.000000	-1.000000	-1.000000	0.169925	0.807355	0.169925	0.169925	0.169925	1.247928	-1.000000	1.584963	-1.000000	-1.000000	-1.000000
Q	-1.000000	-1.000000	0.169925	-1.000000	-1.000000	1.247928	-1.000000	0.169925	-1.000000	0.169925	0.169925	-1.000000	-1.000000	-1.000000
R	-1.000000	-1.000000	-1.000000	0.169925	-1.000000	0.169925	-1.000000	0.807355	0.169925	0.807355	-1.000000	-1.000000	1.247928	-1.000000
S	0.169925	2.087463	0.169925	0.807355	0.169925	-1.000000	1.247928	0.169925	1.247928	1.247928	0.169925	-1.000000	0.807355	-1.000000
T	0.169925	2.087463	-1.000000	0.169925	0.807355	-1.000000	1.247928	0.169925	0.169925	-1.000000	-1.000000	1.247928	-1.000000	-1.000000
V	0.169925	0.169925	-1.000000	0.169925	1.247928	1.247928	0.169925	0.169925	-1.000000	0.169925	0.169925	-1.000000	-1.000000	-1.000000
W	-1.000000	0.169925	-1.000000	0.169925	-1.000000	-1.000000	-1.000000	-1.000000	-1.000000	-1.000000	-1.000000	0.169925	0.169925	-1.000000
Y	0.807355	-1.000000	-1.000000	1.584963	-1.000000	0.169925	-1.000000	-1.000000	-1.000000	0.169925	-1.000000	0.169925	1.247928	3.108524
