A	-0.187627	0.890376	-0.187627	-0.187627	-1.357552	-0.187627	-0.187627	-1.357552
C	-1.357552	-1.357552	-1.357552	-1.357552	-1.357552	-1.357552	-1.357552	-1.357552
D	-1.357552	0.449803	3.118181	0.449803	-0.187627	-1.357552	-1.357552	-1.357552
E	-0.187627	-0.187627	0.449803	0.890376	1.500429	-0.187627	-0.187627	-1.357552
F	0.890376	-1.357552	-0.187627	-0.187627	-0.187627	0.449803	-0.187627	0.890376
G	-1.357552	-0.187627	-1.357552	0.449803	-0.187627	-0.187627	-0.187627	-1.357552
H	0.449803	-1.357552	-0.187627	-0.187627	0.449803	0.890376	-0.187627	-0.187627
I	1.729911	-0.187627	-1.357552	1.227410	0.449803	0.449803	-1.357552	-1.357552
K	-1.357552	-1.357552	-1.357552	-1.357552	-1.357552	-1.357552	0.890376	2.257158
L	0.890376	-1.357552	-0.187627	-1.357552	0.449803	1.927850	2.525091	1.227410
M	-0.187627	-1.357552	-1.357552	-1.357552	-1.357552	-1.357552	-1.357552	-0.187627
N	-0.187627	-1.357552	-0.187627	-1.357552	-1.357552	-0.187627	-1.357552	-1.357552
P	-1.357552	-1.357552	-1.357552	0.890376	0.449803	-0.187627	-1.357552	-1.357552
Q	-1.357552	-1.357552	-1.357552	-1.357552	-1.357552	-1.357552	-0.187627	-1.357552
R	-1.357552	-1.357552	-1.357552	0.890376	-1.357552	-1.357552	-0.187627	-0.187627
S	-1.357552	1.927850	-1.357552	-0.187627	1.227410	-0.187627	-0.187627	-1.357552
T	0.890376	2.101880	-1.357552	0.449803	0.449803	-0.187627	-1.357552	-1.357552
V	-0.187627	0.449803	-1.357552	0.449803	0.449803	0.890376	-1.357552	-1.357552
W	-1.357552	-1.357552	-1.357552	-1.357552	-1.357552	-0.187627	-1.357552	-1.357552
Y	0.890376	-1.357552	-0.187627	-1.357552	-0.187627	-1.357552	0.890376	1.729911
