A	0.544754	1.353047	-0.234418	-0.234418	0.054063	-0.057830	0.114310	-0.091460	-1.219468
C	-6.819381	-5.649456	-6.819381	-6.819381	-5.012026	-4.571453	-5.649456	-3.961400	-6.819381
D	-2.609927	-4.234418	3.480972	1.977470	-0.888643	-1.077914	-1.753292	-2.343647	-6.819381
E	-2.819381	-0.747918	0.430918	1.691383	-0.074547	-0.524760	-0.571453	1.040154	-6.819381
F	1.758992	-6.819381	-0.479531	-1.753292	0.114310	-0.215754	0.186244	-0.074547	1.180619
G	-0.859379	-2.936738	-3.533979	0.488958	0.227743	-0.125894	-3.204671	-1.112022	-6.819381
H	-0.774987	-6.819381	-2.819381	-1.461829	0.114310	-0.774987	1.093509	-0.041304	-4.571453
I	0.544754	0.640051	-1.012026	-1.461829	0.500291	1.194640	0.466021	-1.146955	-0.272486
K	0.407031	-6.819381	-1.182756	-0.253327	0.268082	-0.949016	-0.571453	0.719778	0.332904
L	0.419024	3.039377	-2.118941	-0.802573	0.544754	0.776809	1.572937	1.249397	2.669464
M	-0.501968	0.281282	-1.077914	-3.064493	-1.700440	-1.600212	-0.949016	-1.418501	0.370444
N	-1.552594	-5.012026	-0.331541	-0.595379	0.157899	-0.024965	-0.595379	-0.253327	-6.819381
P	-5.012026	-5.012026	-0.949016	1.885387	0.466021	1.008756	0.454415	-3.204671	-6.819381
Q	-1.865184	-0.774987	-1.600212	-0.619708	-0.272486	-0.125894	0.172141	0.719778	-6.819381
R	-0.253327	-6.819381	-2.710856	-1.700440	-0.074547	-1.506498	-0.888643	0.477535	-1.012026
S	1.078465	0.358039	-0.253327	0.394938	0.767459	0.370444	0.172141	0.650261	-6.819381
T	-0.501968	0.776809	-2.264792	-0.747918	0.566482	0.992797	0.268082	0.729441	-3.731918
V	0.307324	0.968522	-2.190024	-0.949016	0.488958	1.383967	0.858339	-0.311586	2.097991
W	-2.819381	-6.819381	-4.234418	-3.731918	-3.359949	-4.234418	-2.118941	-5.649456	-6.819381
Y	1.676474	-6.819381	-0.108574	-2.343647	-0.393116	-1.295819	-0.108574	0.555659	1.371678
