A	0.707645	-2.230954	0.599121	-0.313417	0.481764	0.481764	0.354008	0.481764	-0.815917	-3.400879
C	-3.400879	-3.400879	-3.400879	-3.400879	-3.400879	-3.400879	-3.400879	-3.400879	-3.400879	-3.400879
D	-2.230954	-3.400879	-0.815917	1.228477	0.808574	-0.115477	-0.313417	0.354008	-2.230954	-3.400879
E	-2.230954	-3.400879	-2.230954	0.707645	0.902901	0.481764	0.599121	0.707645	0.354008	-3.400879
F	-2.230954	-3.400879	1.228477	-0.815917	-1.593525	0.213830	-0.542898	-0.313417	-0.542898	2.643515
G	2.587805	-3.400879	-1.593525	1.553317	1.493938	0.991438	1.299560	-1.152952	1.299560	-3.400879
H	0.058552	-3.400879	-0.815917	-0.815917	-1.593525	-0.542898	-0.542898	-0.815917	-0.542898	-1.593525
I	-2.230954	-2.230954	1.367305	-1.593525	0.481764	0.902901	0.808574	-0.542898	-2.230954	-3.400879
K	1.228477	-2.230954	-1.152952	0.481764	-1.152952	0.354008	-0.115477	0.354008	0.991438	0.058552
L	-1.593525	-3.400879	1.299560	0.599121	0.991438	0.991438	0.213830	1.299560	0.599121	1.228477
M	-1.593525	-3.400879	-0.542898	-3.400879	-3.400879	-2.230954	-1.593525	-3.400879	-3.400879	-0.313417
N	-0.815917	-3.400879	-0.115477	-0.815917	-0.313417	-1.152952	-0.115477	-0.115477	-0.542898	-3.400879
P	-2.230954	-2.230954	-3.400879	0.213830	1.299560	0.481764	-0.542898	-0.815917	-3.400879	-3.400879
Q	-2.230954	-0.815917	-0.815917	0.902901	0.213830	-0.313417	-0.815917	0.599121	0.808574	-3.400879
R	1.493938	4.068762	-1.152952	-2.230954	-1.593525	-3.400879	-1.593525	-0.313417	0.808574	0.354008
S	0.808574	-3.400879	-0.313417	0.991438	-0.115477	0.213830	0.354008	0.599121	0.707645	-3.400879
T	-0.313417	-3.400879	0.213830	-0.313417	-1.593525	0.058552	0.354008	0.707645	1.367305	-3.400879
V	-0.815917	-3.400879	0.991438	-3.400879	0.058552	0.902901	0.808574	0.354008	-0.815917	-3.400879
W	-3.400879	-2.230954	0.213830	-2.230954	-2.230954	-3.400879	-3.400879	-2.230954	-2.230954	0.599121
Y	-1.593525	-1.152952	0.058552	-0.313417	-2.230954	-3.400879	0.481764	-0.313417	-0.115477	2.406475
