A	1.000000	-2.285402	-1.115477	0.572579	-0.037475	0.299560	1.329308	1.000000	-0.037475	0.299560	-2.285402
C	-2.285402	-2.285402	-2.285402	-2.285402	-2.285402	-2.285402	-2.285402	-2.285402	-2.285402	-2.285402	-2.285402
D	-2.285402	-2.285402	-0.037475	0.299560	0.299560	0.802061	1.174029	-0.037475	-2.285402	-1.115477	-2.285402
E	-2.285402	-2.285402	-2.285402	0.572579	-0.037475	1.714598	0.802061	-0.037475	-0.037475	-0.037475	-2.285402
F	-0.478047	-2.285402	1.000000	-0.478047	-0.478047	-1.115477	-0.478047	-0.037475	1.174029	-1.115477	2.269187
G	2.269187	-1.115477	-0.037475	1.823122	0.802061	0.299560	1.000000	1.924051	-0.478047	1.000000	-2.285402
H	-1.115477	-2.285402	-0.037475	-1.115477	-0.037475	-1.115477	-2.285402	-1.115477	-2.285402	-0.478047	-2.285402
I	-1.115477	-2.285402	0.802061	-1.115477	0.572579	-0.478047	-0.037475	0.299560	0.802061	-2.285402	-2.285402
K	-0.037475	-2.285402	-0.478047	0.299560	-0.478047	-0.478047	-0.037475	0.299560	-0.478047	1.329308	0.802061
L	-1.115477	-2.285402	1.469485	1.000000	0.299560	0.299560	-0.478047	0.572579	1.000000	0.572579	1.174029
M	-2.285402	-2.285402	-0.478047	-2.285402	-2.285402	-1.115477	-0.478047	-1.115477	-0.478047	-1.115477	-1.115477
N	-1.115477	-2.285402	-0.478047	-0.478047	-0.037475	-0.037475	-1.115477	-0.037475	-0.478047	0.299560	-2.285402
P	-2.285402	-2.285402	-1.115477	-0.037475	0.802061	1.597241	-0.478047	-2.285402	-1.115477	-2.285402	-2.285402
Q	-2.285402	-0.037475	-2.285402	-0.478047	0.299560	-1.115477	-1.115477	-2.285402	-0.037475	0.299560	-2.285402
R	1.924051	3.914270	-2.285402	-0.478047	-1.115477	-2.285402	-0.478047	0.299560	-2.285402	-0.037475	1.823122
S	1.174029	-2.285402	1.597241	0.802061	0.802061	0.299560	1.174029	-0.037475	0.299560	1.329308	-2.285402
T	-2.285402	-2.285402	-0.478047	-0.037475	0.299560	-0.037475	-1.115477	-0.478047	0.572579	0.802061	-2.285402
V	0.572579	-2.285402	-0.478047	-1.115477	-0.037475	-0.037475	0.572579	0.299560	1.714598	-0.478047	-2.285402
W	-1.115477	-2.285402	-0.037475	-2.285402	-1.115477	-2.285402	-2.285402	-1.115477	-1.115477	-2.285402	-0.478047
Y	-2.285402	-2.285402	0.299560	-1.115477	-0.478047	-2.285402	-2.285402	-2.285402	-1.115477	-1.115477	1.924051
