A	-0.700440	-0.700440	-0.700440	-0.700440	0.469485	-0.700440	-0.700440	-0.700440
C	-0.700440	-0.700440	-0.700440	-0.700440	-0.700440	-0.700440	-0.700440	-0.700440
D	-0.700440	-0.700440	-0.700440	-0.700440	-0.700440	0.469485	0.469485	-0.700440
E	-0.700440	-0.700440	-0.700440	0.469485	-0.700440	-0.700440	0.469485	-0.700440
F	-0.700440	-0.700440	0.469485	-0.700440	0.469485	0.469485	-0.700440	2.387023
G	2.157541	-0.700440	1.106915	0.469485	1.106915	-0.700440	1.884523	-0.700440
H	-0.700440	-0.700440	-0.700440	0.469485	-0.700440	-0.700440	-0.700440	-0.700440
I	-0.700440	-0.700440	1.106915	-0.700440	-0.700440	-0.700440	-0.700440	-0.700440
K	0.469485	-0.700440	-0.700440	0.469485	0.469485	-0.700440	-0.700440	-0.700440
L	-0.700440	0.469485	-0.700440	-0.700440	-0.700440	0.469485	0.469485	1.547488
M	1.106915	-0.700440	-0.700440	-0.700440	-0.700440	-0.700440	-0.700440	-0.700440
N	-0.700440	-0.700440	-0.700440	-0.700440	0.469485	-0.700440	0.469485	-0.700440
P	-0.700440	-0.700440	0.469485	-0.700440	0.469485	-0.700440	-0.700440	-0.700440
Q	-0.700440	-0.700440	-0.700440	-0.700440	1.106915	-0.700440	-0.700440	-0.700440
R	1.106915	2.914270	-0.700440	0.469485	-0.700440	-0.700440	-0.700440	-0.700440
S	-0.700440	-0.700440	0.469485	1.547488	-0.700440	0.469485	-0.700440	-0.700440
T	-0.700440	-0.700440	0.469485	0.469485	-0.700440	0.469485	-0.700440	-0.700440
V	-0.700440	-0.700440	-0.700440	0.469485	-0.700440	1.106915	-0.700440	-0.700440
W	-0.700440	-0.700440	0.469485	-0.700440	-0.700440	0.469485	-0.700440	-0.700440
Y	-0.700440	-0.700440	0.469485	-0.700440	0.469485	1.106915	1.106915	0.469485
