A	1.214478	-2.002048	0.439387	0.062083	0.345875	0.922225	0.210946	0.138433	-4.291554
C	-5.461479	-5.461479	-5.461479	-5.461479	-5.461479	-5.461479	-5.461479	-4.291554	-5.461479
D	-3.654125	-5.461479	-1.157699	0.900464	-1.846770	-1.252026	-1.252026	-1.352955	-5.461479
E	-1.157699	-5.461479	-1.846770	0.900464	-0.395390	-0.242311	0.138433	0.609983	-5.461479
F	-1.157699	-2.176077	1.300072	-0.832123	-0.103927	-0.148596	0.408885	-1.461479	2.772140
G	2.251048	-5.461479	-1.069162	1.178765	0.922225	0.313308	-2.374017	0.786448	-5.461479
H	-0.693295	-5.461479	-1.069162	-1.706592	-0.450252	-1.069162	-0.060600	-0.628589	-3.654125
I	-1.069162	-5.461479	1.214478	-0.832123	1.266441	0.855933	0.439387	-2.002048	-0.761040
K	1.411965	-4.291554	-0.194693	1.026361	-0.103927	-0.194693	-0.761040	0.809984	-0.507283
L	-1.578836	-0.291554	1.266441	0.469258	1.196732	0.469258	1.427264	0.922225	1.880595
M	-2.176077	-2.374017	-0.832123	-3.213552	-2.002048	-1.461479	-2.002048	-1.846770	-0.832123
N	-0.832123	-5.461479	0.555329	-0.395390	-0.761040	-0.761040	0.279988	0.498522	-5.461479
P	-5.461479	-5.461479	-1.352955	1.599216	-0.342538	0.555329	-0.194693	-4.291554	-4.291554
Q	-1.252026	0.555329	-0.693295	-0.018536	0.210946	-0.018536	0.210946	0.527205	-5.461479
R	0.922225	3.787634	-5.461479	-3.213552	-1.157699	-0.628589	-2.002048	0.313308	0.245880
S	1.266441	-5.461479	0.279988	0.469258	-0.148596	0.439387	0.138433	1.046315	-5.461479
T	-0.148596	-5.461479	0.175145	-0.242311	0.345875	0.527205	0.582915	1.232008	-5.461479
V	-0.291554	-3.654125	0.878371	-0.566662	1.142147	1.457384	1.427264	-0.148596	-1.352955
W	-5.461479	-5.461479	-0.906891	-4.291554	-1.846770	-5.461479	-1.706592	-5.461479	0.408885
Y	-0.832123	1.515800	0.138433	-2.876517	-0.761040	-0.985746	-0.242311	-0.906891	2.125360
