A	-5.608472 1.589428 1.817394 2.233808 1.995383 2.583832 1.114407 1.292393 2.100419
C	-6.319813 -6.319813 -6.319813 -6.319813 -6.319813 -6.319813 -6.318592 -6.314234 -2.861953
D	-0.589937 -1.231244 -2.818758 -1.780740 -1.879967 1.093628 -0.890819 0.056226 -3.467632
E	-2.055687 1.093236 -6.124959 -0.789801 -1.099111 0.018925 0.765382 0.090124 -6.129949
F	1.047818 -6.216087 -6.103121 1.424976 -2.789294 -2.722519 0.474358 -2.838347 -1.891075
G	-0.548058 -2.113249 0.162914 -1.729636 -1.117149 -0.146605 -0.663246 0.473668 -1.310483
H	-2.766838 -0.254751 -1.890754 -2.930756 -0.014482 -2.953359 0.065688 -6.302226 -6.310671
I	2.002710 -0.436209 -0.108802 0.538063 0.225255 -0.131395 0.863873 0.422605 -0.426664
K	1.388476 0.979251 -1.351833 -1.034799 1.067088 -2.839949 -1.946494 -0.124645 1.566377
L	1.086933 0.122527 -1.126940 -0.527986 -1.896383 -2.830368 0.674999 0.377099 1.279138
M	-0.300193 -4.297818 -0.241137 -0.962795 -1.883146 -4.374829 -5.006793 -1.500985 -0.866710
N	-6.173876 -0.044348 -0.694326 -1.041465 -0.514878 0.774305 0.159451 0.054885 -5.422499
P	-5.822131 -6.038912 0.459591 -5.554616 1.250052 0.760492 -5.793503 1.909428 -5.755205
Q	-2.801245 0.381886 -2.905026 -1.889696 -0.383443 -2.320472 0.087914 -1.080021 -0.445126
R	-0.314754 0.932915 -0.990177 -6.249750 0.236288 -4.335752 -0.167974 0.090545 0.628107
S	-1.679393 0.775752 1.614220 0.371108 -6.119875 1.319734 0.070939 -0.407831 0.651937
T	-5.744049 0.292921 1.310898 0.968605 1.208530 -0.616985 0.086892 -0.368171 0.199990
V	1.755323 0.586005 1.495777 0.758015 1.314557 0.441602 1.607314 1.065779 1.471531
W	-0.843816 -5.320740 -5.627716 0.042994 -6.182120 -2.021043 -2.553098 -6.319251 -2.860594
Y	0.442418 -0.276503 0.341662 0.473005 -6.282211 -6.309611 -1.353469 -5.997251 -2.732730
