A	-2.753622 0.890654 0.973050 0.156485 0.371768 0.710956 0.388262 0.503017 0.854819
C	-9.950138 -3.725577 -3.140541 -5.047808 -3.637702 -5.984339 -3.933326 -4.241816 -1.512489
D	-7.462909 -0.707760 -0.676148 -0.680299 -0.044708 -3.686391 -1.708566 -0.221862 -0.390601
E	-3.351931 0.603849 -0.806271 1.061016 0.254817 -4.162418 0.996588 0.775507 -0.776686
F	2.619357 -0.644690 0.397827 -0.722268 -1.194638 2.937665 -2.316931 -1.827748 -1.745300
G	-4.742709 -1.478258 0.926476 -1.167319 -1.173847 -1.828680 -1.482122 -0.723720 -1.119341
H	-2.055100 -0.592871 -0.537684 0.505659 -0.346654 -3.006670 0.551411 -0.854596 -1.968176
I	1.454660 0.615733 -0.046140 -0.423271 -0.680340 -0.198123 -1.021260 -0.456948 1.235543
K	-3.657209 0.567061 -0.952858 1.957164 1.381051 -2.577791 1.122553 1.113900 -3.324469
L	2.184090 0.892365 -0.187793 -0.190148 1.090257 1.371893 1.650682 0.424855 1.531668
M	-0.725809 -1.990372 -1.914075 -2.548761 -1.646383 -1.003866 -2.641535 -2.199110 -1.726720
N	-10.453394 -0.769099 -1.073582 -0.547227 -0.130097 -2.060361 0.477458 0.247565 0.599364
P	-5.221236 -5.034933 -0.426753 -2.346015 0.398508 -1.370027 -2.243264 0.299477 -2.292242
Q	-2.702282 0.094877 -0.314438 -0.289753 0.079721 -3.654786 1.471749 0.172380 -2.042255
R	-1.551074 0.621440 -1.860599 0.102607 0.281849 -4.987982 0.858920 0.902987 -2.551965
S	-5.373471 0.392750 1.290047 0.784382 0.385477 -0.638775 -0.726152 0.700156 0.831474
T	-3.588810 0.175477 -0.090950 0.883830 0.526255 -1.479424 -1.731101 0.425135 0.547477
V	0.406047 1.138395 0.774604 0.099519 0.114977 -0.035088 -0.248670 0.396935 2.032686
W	-1.001467 -1.606114 -0.657295 -2.010844 -3.206423 -0.404825 -3.902596 -4.585152 -4.731153
Y	1.536511 -0.059934 1.112927 -1.566955 -0.562555 1.350769 -1.620636 -1.612902 -1.601291
