A	1.147006	-4.554589	0.340229	0.145851	0.246311	-0.133927	-0.065410	0.399607	0.267716	-3.256908
C	-4.554589	-5.969626	-4.281570	-4.281570	-4.891624	-7.139551	-5.332196	-5.969626	-4.891624	-7.139551
D	-5.969626	-5.332196	-1.696608	0.831992	0.309597	0.037868	-0.361474	-0.592657	-1.041519	-7.139551
E	-1.364764	-3.139551	-3.139551	0.817551	0.278301	0.350297	0.340229	0.456638	0.493444	-5.969626
F	-1.238685	-4.554589	1.530220	-0.235670	0.278301	-0.119961	0.380085	-0.119961	-0.235670	2.292991
G	1.429355	-5.969626	-1.577309	0.795614	0.719983	0.615336	0.688585	-1.015430	0.631938	-3.680120
H	-0.671946	-7.139551	-0.777608	-0.755847	-1.332196	-1.269187	-0.964626	-0.844931	-0.328980	-2.020610
I	-1.041519	-2.835771	0.860449	-0.328980	0.493444	0.520445	0.493444	0.704370	-1.969626	-1.615989
K	1.346278	-4.281570	-0.266107	0.631938	-0.281570	0.213595	0.122543	-0.025809	0.788227	1.320905
L	-1.655736	-2.439112	1.620337	0.623661	1.305463	1.214698	0.908936	1.225677	1.135409	1.732354
M	-2.663818	-5.332196	-0.713287	-3.031027	-2.073462	-1.696608	-2.020610	-1.300348	-1.364764	0.145851
N	-1.738672	-5.332196	-0.119961	-0.345135	-0.394718	-0.481340	-0.162271	0.224583	-0.345135	-5.332196
P	-5.332196	-3.139551	-2.930098	0.145851	0.795614	0.493444	0.735430	-0.554589	-1.539639	-5.969626
Q	-0.361474	-1.502927	-1.300348	0.456638	-0.078855	-0.052089	-0.345135	0.098853	0.180121	-4.891624
R	2.485701	4.208070	0.288809	0.025356	-0.612074	0.025356	0.012733	-0.176655	1.123718	1.247389
S	0.867476	-4.052089	-0.250808	0.631938	0.168788	0.202523	-0.000000	0.213595	0.564352	-4.891624
T	-1.015430	-3.854149	-0.755847	-0.313003	-0.394718	-0.000000	-0.220688	0.475158	0.465928	-3.384664
V	-0.844931	-2.835771	0.538168	-0.915550	0.330090	0.846291	0.590069	1.051508	-0.191184	-2.020610
W	-4.554589	-5.969626	-0.092427	-2.439112	-2.584963	-2.510195	-2.128324	-1.467126	-3.256908	0.288809
Y	-1.095157	-3.680120	0.696499	-0.394718	-0.463594	-1.122743	-0.025809	-0.964626	-0.281570	1.740032
