A	1.149162	-3.889757	0.128906	0.147332	0.201237	0.110243	0.488176	0.585976	0.091334	-0.027637	-3.189318
C	-6.474720	-6.474720	-5.304795	-6.474720	-5.304795	-6.474720	-6.474720	-6.474720	-6.474720	-3.616739	-6.474720
D	-6.474720	-6.474720	-1.255551	0.585976	-0.007114	0.921885	0.383261	-0.573853	-0.767361	-1.463493	-6.474720
E	-1.579902	-4.667365	-2.474720	0.810682	0.544871	0.974429	0.867355	0.651985	-0.180099	0.351829	-4.667365
F	-1.304795	-5.304795	1.906823	-0.667365	-0.027637	-0.767361	-0.350599	-0.203257	0.383261	-0.203257	2.055686
G	1.149162	-3.889757	-1.520524	0.833619	0.253201	0.516802	0.964072	0.953640	-0.990904	0.530905	-4.667365
H	-0.403258	-5.304795	-0.699933	-1.304795	-0.912478	-1.920131	-1.117168	-0.912478	-0.874807	-1.117168	-2.719832
I	-1.031776	-4.667365	0.974429	-0.838095	-0.027637	0.165525	-0.134870	0.585976	0.810682	-1.355779	-2.474720
K	1.203000	-4.226792	-0.635516	0.585976	-0.134870	0.110243	0.270114	0.253201	-0.157307	0.799076	2.026122
L	-1.706536	-2.592077	1.659706	0.715105	1.064439	0.822196	0.473647	0.984712	1.685151	1.158275	1.503991
M	-1.706536	-6.474720	-0.951158	-2.860010	-2.082403	-2.474720	-1.579902	-2.170939	-0.430326	-0.990904	-0.403258
N	-2.082403	-6.474720	-0.324973	-0.250718	0.218767	-0.667365	-0.350599	-0.134870	-0.543983	-0.486035	-6.474720
P	-5.304795	-1.706536	-3.616739	0.091334	0.822196	0.856197	0.110243	0.429162	-0.733253	-1.774280	-4.667365
Q	-0.350599	-1.463493	-0.802295	0.033075	0.183492	0.013120	-0.180099	-0.069578	0.367630	0.033075	-3.387257
R	2.442652	4.194608	-0.951158	0.932548	-0.514718	-0.350599	-0.180099	-0.486035	-0.226792	1.083701	1.640324
S	1.083701	-3.387257	0.033075	0.878427	0.516802	0.702700	0.833619	-0.048455	0.013120	0.625942	-4.226792
T	-0.990904	-2.170939	-1.355779	-0.203257	-0.069578	0.033075	-0.134870	-0.180099	0.253201	0.911142	-3.889757
V	-0.457912	-3.616739	0.147332	-0.802295	0.444143	0.444143	0.444143	0.502560	0.810682	0.147332	-2.366195
W	-3.387257	-6.474720	-0.180099	-2.366195	-1.998987	-4.667365	-3.015288	-2.265267	-1.520524	-3.015288	-0.250718
Y	-0.486035	-3.616739	0.932548	-0.604355	-0.543983	-1.579902	-0.699933	-0.699933	-0.403258	-0.226792	1.685151
