A	1.380002	-5.025140	0.287743	0.144785	0.093802	0.241647	0.458676	0.574773	0.375740	-0.013912	0.458676	-3.217785
C	-5.025140	-5.025140	-3.855215	-5.025140	-3.855215	-5.025140	-3.855215	-5.025140	-3.855215	-3.855215	-3.855215	-5.025140
D	-5.025140	-5.025140	-2.167159	1.292273	0.647286	0.814064	0.417804	0.611485	0.498422	-0.395783	-2.167159	-3.855215
E	-2.167159	-3.217785	-1.937677	0.875727	0.682220	1.098982	0.682220	0.905598	0.417804	-0.324700	-0.256955	-5.025140
F	-2.167159	-5.025140	2.225159	-0.395783	0.040950	-0.916615	-0.549406	-0.549406	0.241647	0.458676	-0.815686	2.328007
G	1.650817	-5.025140	-1.937677	1.314710	-0.013912	0.537103	1.098982	1.462700	0.845225	-0.815686	0.682220	-3.217785
H	-0.815686	-5.025140	-1.410430	-0.721359	-1.410430	-1.937677	-1.410430	-1.410430	-1.410430	-1.270252	-1.142497	-1.565708
I	-1.937677	-3.855215	0.749647	-1.565708	0.144785	-0.013912	-0.324700	-0.395783	0.194029	1.072893	-1.937677	-3.855215
K	1.222788	-2.777212	-1.142497	-0.013912	-0.916615	0.332412	0.458676	0.093802	0.093802	-0.916615	0.749647	2.201273
L	-2.440177	-3.217785	1.736412	0.991669	1.269481	0.611485	0.194029	0.611485	0.716327	1.269481	1.269481	0.716327
M	-2.167159	-5.025140	-1.270252	-2.167159	-1.270252	-2.440177	-1.937677	-2.167159	-1.937677	-0.395783	-1.142497	-0.549406
N	-1.142497	-5.025140	-0.632822	-0.815686	-0.470551	-0.130322	-0.130322	-0.130322	-0.632822	0.040950	-0.192250	-5.025140
P	-5.025140	-2.440177	-2.777212	-0.192250	0.875727	0.375740	0.716327	-0.013912	0.287743	-0.470551	-1.410430	-5.025140
Q	-0.632822	-2.777212	-1.739737	0.144785	-0.130322	-0.324700	0.241647	-0.192250	0.144785	0.093802	0.537103	-2.777212
R	2.434292	4.221007	-1.025140	-0.324700	0.417804	-0.013912	-0.916615	-0.549406	-0.721359	-0.324700	0.905598	1.358565
S	0.991669	-3.217785	-1.410430	1.072893	0.287743	1.019255	0.716327	0.682220	0.537103	0.093802	0.814064	-3.855215
T	-0.721359	-5.025140	-1.739737	-0.256955	-0.256955	-0.130322	-0.013912	-0.070943	0.375740	0.611485	0.905598	-5.025140
V	-1.739737	-3.217785	0.537103	-1.937677	0.375740	0.241647	0.458676	0.093802	0.611485	0.934862	0.040950	-3.855215
W	-5.025140	-5.025140	0.144785	-3.855215	-2.440177	-2.167159	-1.937677	-3.855215	-2.167159	-1.142497	-2.440177	0.574773
Y	-0.470551	-3.855215	1.149786	-0.815686	-1.025140	-1.565708	-1.739737	-0.916615	-1.565708	-0.632822	-0.632822	1.521755
