A	1.430240	-3.882643	-0.423211	0.117357	0.225881	0.421138	0.326810	0.885541	0.509674	0.593090	0.885541	0.117357	-2.712718
C	-3.882643	-3.882643	-2.712718	-3.882643	-3.882643	-2.712718	-3.882643	-3.882643	-2.712718	-3.882643	-3.882643	-3.882643	-3.882643
D	-3.882643	-3.882643	-1.297681	0.817797	0.326810	0.509674	1.336525	1.012175	0.950247	0.326810	-0.795180	-0.795180	-3.882643
E	-3.882643	-3.882643	-2.712718	0.421138	0.885541	1.012175	0.117357	0.671946	1.236298	0.671946	-1.297681	0.117357	-3.882643
F	-3.882643	-3.882643	2.215389	-0.795180	0.225881	-1.634716	-1.024662	-0.127756	-0.597241	-0.000000	-0.127756	0.117357	2.018224
G	1.640919	-3.882643	-0.795180	1.640919	0.421138	0.593090	0.817797	0.885541	1.287282	1.183446	-0.597241	0.593090	-3.882643
H	-0.597241	-3.882643	-2.075288	-2.075288	-1.634716	-0.597241	-0.423211	-1.024662	-1.297681	-1.024662	-0.795180	-0.597241	-2.075288
I	-2.075288	-3.882643	1.236298	-1.297681	0.509674	0.225881	-0.000000	-1.634716	-1.297681	-0.000000	1.128584	-1.634716	-2.712718
K	1.560300	-3.882643	-1.024662	-1.024662	-0.597241	-0.127756	-0.795180	-0.000000	0.671946	-0.267933	-0.597241	0.885541	2.215389
L	-2.075288	-2.712718	1.183446	0.746714	1.012175	0.117357	1.287282	-0.795180	0.326810	0.671946	1.789782	0.671946	1.128584
M	-2.075288	-3.882643	-0.127756	-2.712718	-2.075288	-3.882643	-2.075288	-2.712718	-2.075288	-1.297681	-0.000000	-1.634716	-1.634716
N	-2.712718	-3.882643	0.225881	-0.597241	-0.597241	-0.423211	0.421138	0.421138	-0.267933	-0.597241	-1.024662	-0.267933	-3.882643
P	-3.882643	-2.712718	-3.882643	0.671946	0.746714	0.593090	-0.000000	0.671946	-0.597241	-0.127756	-0.795180	-1.634716	-3.882643
Q	-2.075288	-3.882643	-2.712718	0.326810	-0.267933	-0.267933	-1.297681	-0.000000	-0.127756	0.225881	-0.267933	0.671946	-2.712718
R	2.543622	4.186135	-2.712718	0.225881	-0.795180	-0.267933	-1.024662	-1.297681	-1.297681	-1.024662	-1.024662	0.950247	1.384143
S	0.746714	-2.712718	-1.297681	1.128584	0.817797	0.746714	0.509674	0.671946	0.817797	0.885541	0.225881	0.885541	-3.882643
T	-1.297681	-2.075288	-1.634716	-0.127756	-0.597241	0.326810	-0.423211	0.593090	-0.423211	-0.127756	0.509674	0.593090	-3.882643
V	-0.795180	-3.882643	-0.000000	-0.423211	0.421138	0.671946	0.885541	-0.000000	-0.127756	0.509674	0.421138	-0.000000	-2.712718
W	-2.075288	-3.882643	0.421138	-3.882643	-1.297681	-2.712718	-2.712718	-2.075288	-1.634716	-3.882643	-1.634716	-3.882643	0.117357
Y	-1.297681	-2.712718	1.287282	-1.024662	-0.795180	-0.423211	-1.297681	-1.024662	-0.795180	-1.024662	-0.000000	-0.423211	1.892144
