A	1.309684	-2.149747	-0.979822	0.098180	0.708234	-2.149747	0.098180	0.435215	-0.979822	-0.342392	0.435215	-0.979822	0.937716	-2.149747
C	-2.149747	-2.149747	-2.149747	-0.979822	-2.149747	-2.149747	-2.149747	-2.149747	-2.149747	-2.149747	-2.149747	-2.149747	-2.149747	-2.149747
D	-2.149747	-2.149747	-0.979822	1.309684	-0.342392	1.309684	0.937716	0.435215	0.937716	1.850253	-0.979822	-0.342392	-0.342392	-2.149747
E	-0.979822	-2.149747	-0.979822	-0.342392	0.708234	1.135655	-0.979822	0.435215	1.464963	0.435215	0.435215	0.098180	0.098180	-2.149747
F	-2.149747	-2.149747	2.325986	0.435215	0.098180	-0.342392	-2.149747	0.435215	-0.342392	-0.342392	-0.342392	-0.979822	-2.149747	2.325986
G	1.850253	-2.149747	-2.149747	1.309684	0.937716	0.708234	0.708234	1.958777	1.958777	1.309684	1.605140	-0.979822	1.309684	-2.149747
H	-0.979822	-2.149747	-0.979822	-2.149747	-2.149747	-0.979822	-0.342392	-2.149747	-2.149747	-0.979822	-0.979822	-0.979822	-0.342392	-2.149747
I	-2.149747	-2.149747	0.435215	0.098180	0.937716	-0.342392	-0.342392	0.098180	-2.149747	-0.979822	0.708234	1.309684	-2.149747	-2.149747
K	0.435215	-2.149747	-2.149747	0.098180	-2.149747	0.098180	0.435215	0.937716	0.098180	0.435215	-0.979822	-0.342392	-0.342392	1.605140
L	-0.979822	-2.149747	1.309684	0.435215	1.135655	-0.342392	0.435215	0.098180	0.098180	0.098180	0.435215	1.135655	1.135655	0.435215
M	-2.149747	-2.149747	-0.979822	-2.149747	-0.342392	-2.149747	-0.979822	-0.979822	-0.979822	-0.979822	-2.149747	-0.342392	-0.979822	-2.149747
N	-2.149747	-2.149747	0.098180	-0.342392	0.435215	-0.979822	0.098180	0.435215	-0.342392	-0.342392	0.098180	0.435215	-0.342392	-2.149747
P	-2.149747	-2.149747	-2.149747	-0.342392	0.435215	0.708234	-0.342392	-0.342392	0.098180	-0.342392	0.937716	-0.342392	-2.149747	-2.149747
Q	-0.342392	-2.149747	-2.149747	0.435215	0.435215	-0.342392	0.708234	-0.979822	-2.149747	0.708234	-0.979822	0.435215	0.708234	-2.149747
R	2.479610	3.948285	-2.149747	0.098180	-0.979822	0.098180	-0.342392	-2.149747	-0.342392	-2.149747	-0.979822	0.098180	1.135655	0.708234
S	0.708234	-2.149747	-0.342392	0.098180	-0.979822	1.309684	0.435215	-0.342392	-0.979822	0.708234	-0.342392	-0.979822	-0.342392	-2.149747
T	-0.979822	-2.149747	-0.979822	-0.979822	-2.149747	-0.342392	-0.342392	-2.149747	0.098180	-2.149747	0.708234	1.309684	0.708234	-2.149747
V	-0.979822	-0.979822	-0.342392	-0.979822	0.098180	0.098180	0.708234	0.098180	0.937716	-0.979822	0.098180	-0.342392	-2.149747	-2.149747
W	-2.149747	-2.149747	0.937716	-0.979822	-0.979822	-2.149747	-2.149747	-2.149747	-2.149747	-2.149747	-0.979822	-0.979822	-2.149747	0.098180
Y	-2.149747	-2.149747	1.135655	-0.342392	-0.979822	-0.979822	0.435215	-0.979822	-2.149747	-0.342392	-0.979822	-0.342392	0.098180	2.242570
