A	0.119582	-3.339850	-0.252387	-0.481869	-0.054448	-0.481869	-0.054448	-2.169925
C	-3.339850	-3.339850	-3.339850	-3.339850	-2.169925	-3.339850	-2.169925	-3.339850
D	-3.339850	-3.339850	-3.339850	0.119582	-0.481869	-1.532495	-1.532495	-3.339850
E	-3.339850	-3.339850	-2.169925	-0.054448	-0.754888	-0.481869	-0.754888	-1.532495
F	-2.169925	-1.532495	2.183712	0.768674	0.542793	1.360590	0.660150	2.183712
G	0.768674	-3.339850	0.660150	-0.481869	0.768674	-2.169925	0.660150	-2.169925
H	-0.054448	-3.339850	-2.169925	-1.532495	-2.169925	-0.252387	-0.754888	-0.252387
I	-1.091922	-2.169925	-0.054448	-1.091922	0.542793	0.768674	0.660150	-1.091922
K	1.614346	-3.339850	0.415037	1.214739	-0.252387	-0.252387	0.119582	0.415037
L	-1.532495	-3.339850	0.660150	0.869603	0.963931	1.493040	1.671377	2.183712
M	-0.481869	-3.339850	-0.481869	-3.339850	-2.169925	-2.169925	-2.169925	-0.754888
N	-2.169925	-3.339850	-0.481869	-0.481869	-0.481869	-0.754888	-0.481869	-3.339850
P	-3.339850	-3.339850	0.119582	1.493040	2.017702	0.415037	-1.091922	-3.339850
Q	-1.091922	-3.339850	-1.532495	-0.252387	-1.532495	-0.754888	-0.754888	-0.754888
R	2.908078	4.139930	-1.532495	0.274860	-0.481869	0.274860	-0.252387	1.428334
S	0.542793	-3.339850	-1.532495	0.542793	-0.481869	-0.754888	0.274860	-3.339850
T	-1.091922	-3.339850	-0.054448	-1.532495	-0.754888	-0.054448	-0.054448	-1.532495
V	-1.532495	-3.339850	0.415037	0.415037	0.869603	1.214739	0.768674	-1.091922
W	-3.339850	-3.339850	0.542793	-1.091922	-2.169925	-1.091922	-0.754888	-1.091922
Y	-1.091922	-2.169925	0.274860	-1.091922	-1.091922	-0.252387	-0.054448	0.869603
