A	0.991418	-5.010569	0.245154	0.217117	-0.223051	0.346983	-0.119322	0.182739	-3.031943
C	-5.513070	-8.098032	-5.240051	-5.513070	-5.850105	-5.850105	-3.989508	-4.343145	-6.290677
D	-4.098032	-8.098032	-0.971328	0.589344	-0.847734	-1.224588	-1.590237	-1.531978	-6.928107
E	-1.692891	-0.733897	-2.461407	0.702868	-0.022553	-0.140930	-0.098032	0.584963	-6.928107
F	-0.945747	-4.812630	1.543117	0.153450	0.485051	0.346983	0.785375	-0.385505	2.131988
G	1.297502	-8.098032	-1.092408	0.674282	0.283511	-0.455980	-2.697153	0.336596	-4.343145
H	-0.192645	-5.240051	-0.155518	-0.984290	-0.733897	-0.958481	-0.230753	-0.084012	-1.120752
I	-0.767115	-8.098032	0.623922	-0.578396	0.852524	1.099799	0.632438	-1.850105	-0.293901
K	1.403308	-3.543443	0.188526	0.522188	0.267197	0.159356	-0.669672	0.730898	0.589344
L	-0.945747	-1.650949	1.483168	0.726927	1.393320	1.130185	1.680866	1.148115	2.321665
M	-2.425607	-3.468675	-0.733897	-2.390673	-1.513070	-1.494406	-1.149665	-1.422075	-0.148205
N	-1.671767	-8.098032	0.135588	-0.334820	-0.789693	-0.812630	-0.511192	0.176928	-6.290677
P	-5.850105	-8.098032	-2.831246	0.937454	0.010492	0.217117	0.080633	-2.167295	-5.850105
Q	-0.148205	0.135588	-0.789693	0.111421	-0.029254	0.182739	-0.148205	0.503739	-4.812630
R	2.219381	4.095724	-1.457787	0.023501	0.068131	0.250696	-0.501842	0.694758	1.217684
S	0.988104	-5.513070	0.061839	0.540404	-0.192645	0.105316	-0.170254	0.742746	-6.290677
T	-0.712170	-4.098032	-0.022553	-0.690764	-0.126489	-0.002635	0.023501	0.558393	-5.010569
V	-0.908208	-3.989508	0.272655	-0.359940	0.884961	1.037036	1.133189	0.135588	-0.285855
W	-3.622299	-6.928107	-0.578396	-1.610192	-1.671767	-2.356565	-0.744885	-3.468675	-0.438036
Y	-0.446980	-1.179169	0.722945	-0.908208	-0.293901	-0.558873	0.165237	-0.420312	1.454637
