A	0.891476	-1.301170	0.350907	0.176878	0.774119	0.774119	1.100929	-1.938599	0.176878	-3.108524
C	-1.301170	-1.938599	-3.108524	-3.108524	-3.108524	-1.938599	-1.938599	-3.108524	-3.108524	-3.108524
D	-0.523562	-3.108524	1.000000	1.786293	1.000000	0.350907	-0.021062	-1.301170	-1.938599	-3.108524
E	-1.301170	-3.108524	-1.301170	0.891476	0.646363	0.646363	-0.250543	0.646363	0.350907	-3.108524
F	-0.250543	-0.860597	1.520832	-1.301170	-1.301170	-1.938599	-0.860597	-0.523562	-0.860597	-1.938599
G	0.350907	-1.301170	-1.301170	1.283793	1.195256	1.724366	1.195256	0.774119	0.176878	-3.108524
H	-0.860597	-3.108524	-0.860597	-1.301170	0.176878	-0.523562	-1.938599	1.100929	-0.021062	-3.108524
I	-1.301170	-0.021062	-0.021062	-0.860597	-1.938599	-0.250543	0.646363	-0.860597	-3.108524	-3.108524
K	0.891476	-3.108524	-0.523562	-0.021062	-0.523562	-0.021062	0.350907	-3.108524	1.446064	-1.938599
L	-1.301170	0.646363	-0.523562	-0.523562	-0.860597	0.176878	0.350907	2.110644	-0.250543	-3.108524
M	-3.108524	-1.938599	0.891476	-3.108524	-1.938599	-1.301170	-1.301170	-3.108524	-0.250543	-3.108524
N	-0.021062	-3.108524	1.000000	-0.250543	0.350907	-1.301170	0.774119	-0.523562	-0.860597	-3.108524
P	-0.523562	-3.108524	-1.301170	0.891476	0.646363	0.176878	0.506185	-1.301170	-1.301170	-3.108524
Q	-1.938599	1.195256	-0.523562	-0.250543	-0.021062	-0.021062	-0.250543	0.176878	-0.021062	-3.108524
R	1.283793	-3.108524	-0.860597	-0.250543	-0.250543	-0.860597	-0.523562	-0.250543	1.659660	-3.108524
S	0.646363	1.902703	1.100929	0.891476	0.891476	0.891476	0.350907	-0.021062	1.000000	-3.108524
T	0.646363	2.598835	-1.938599	-1.938599	-0.523562	0.350907	0.176878	0.774119	-0.021062	-3.108524
V	0.350907	1.100929	-1.301170	-0.860597	0.646363	-0.021062	-0.860597	-0.523562	-0.021062	-3.108524
W	-3.108524	-3.108524	-3.108524	-3.108524	-3.108524	-3.108524	-3.108524	-1.938599	-3.108524	-3.108524
Y	1.195256	-1.301170	0.646363	-0.523562	-3.108524	-1.938599	-1.301170	0.350907	-0.250543	4.129880
