A	0.912537	0.134930	1.185556	-0.502500	0.134930	0.134930	0.134930	0.134930	0.134930	-0.502500	-1.672425
C	-1.672425	-1.672425	-1.672425	-1.672425	-1.672425	-1.672425	-0.502500	-1.672425	-1.672425	-1.672425	-1.672425
D	-0.502500	-1.672425	0.912537	1.787006	0.575502	0.912537	-1.672425	-0.502500	-1.672425	0.134930	-1.672425
E	0.134930	-1.672425	-0.502500	-0.502500	0.134930	0.575502	1.612977	0.575502	-0.502500	0.912537	-1.672425
F	-0.502500	-1.672425	0.575502	-1.672425	-1.672425	-1.672425	-1.672425	-1.672425	1.415037	-1.672425	-1.672425
G	0.912537	-1.672425	-1.672425	0.575502	1.787006	1.185556	1.612977	0.912537	0.575502	-1.672425	-1.672425
H	0.134930	-1.672425	-0.502500	-1.672425	-1.672425	-1.672425	-1.672425	-1.672425	-1.672425	0.912537	-0.502500
I	-0.502500	-0.502500	0.134930	-1.672425	-0.502500	0.134930	-1.672425	-0.502500	-0.502500	-0.502500	-1.672425
K	0.134930	-1.672425	-1.672425	0.134930	0.134930	-0.502500	-0.502500	-0.502500	-0.502500	0.575502	-1.672425
L	-1.672425	-0.502500	0.134930	-0.502500	0.134930	-0.502500	0.134930	1.787006	2.537028	0.912537	-1.672425
M	-1.672425	-1.672425	0.912537	-1.672425	-1.672425	-0.502500	0.134930	-0.502500	-1.672425	-0.502500	-1.672425
N	-0.502500	-1.672425	1.415037	0.575502	-1.672425	-0.502500	0.134930	0.134930	-0.502500	-1.672425	-1.672425
P	-1.672425	-1.672425	-0.502500	1.415037	0.912537	1.185556	0.575502	-1.672425	-1.672425	-1.672425	-1.672425
Q	0.134930	1.185556	0.134930	-0.502500	0.134930	-0.502500	-1.672425	0.134930	-0.502500	-0.502500	-1.672425
R	0.912537	-1.672425	-0.502500	-0.502500	-1.672425	-0.502500	-0.502500	-0.502500	-1.672425	1.415037	-1.672425
S	-0.502500	1.942285	-0.502500	0.575502	0.912537	-0.502500	0.134930	0.912537	0.575502	-0.502500	-1.672425
T	0.912537	2.537028	-1.672425	1.185556	0.134930	1.185556	0.575502	-0.502500	-0.502500	0.575502	-1.672425
V	0.134930	0.134930	-0.502500	-1.672425	0.575502	-0.502500	-0.502500	0.575502	-1.672425	-1.672425	-1.672425
W	-1.672425	-1.672425	-1.672425	-1.672425	-1.672425	-1.672425	-1.672425	-1.672425	-1.672425	-1.672425	-1.672425
Y	0.912537	-0.502500	-0.502500	-1.672425	-1.672425	-0.502500	-0.502500	-0.502500	-0.502500	0.912537	3.770518
