A	1.168497	-0.070623	1.362700	0.440511	0.295759	0.907124	-0.022368	0.351756	-6.270295
C	-6.270295	-6.270295	-6.270295	-5.100370	-4.462940	-2.810864	-4.022368	-2.655585	-6.270295
D	-0.786480	-6.270295	0.881990	1.158065	-0.281611	-1.877978	-1.051127	-2.270295	-6.270295
E	0.113409	-3.685333	-1.375478	1.259135	0.457625	-0.562936	0.176788	0.369950	-6.270295
F	-0.310293	-0.827352	0.721227	-1.375478	-0.912743	-0.462940	0.369950	-1.003509	-0.198833
G	0.856409	-3.182832	-0.597870	0.856409	0.706985	0.706985	-1.316099	-0.120548	-6.270295
H	-1.051127	-5.100370	-0.225901	-0.786480	0.387916	-0.146174	0.369950	0.648568	-5.100370
I	-0.369429	0.217545	0.069555	-0.869416	0.572055	0.491256	-0.562936	-2.387652	-6.270295
K	0.692601	-6.270295	0.069555	0.217545	0.047117	-0.225901	-1.051127	0.919529	-3.412314
L	-0.431092	1.003500	-0.070623	-0.046294	0.843447	0.540276	2.455923	0.856409	-2.515408
M	-2.984893	-1.375478	0.001168	-2.810864	-2.060842	-1.640939	-1.259068	-1.375478	-3.412314
N	-0.225901	-3.685333	0.721227	-0.022368	-0.022368	-0.399931	-0.957412	-0.912743	-6.270295
P	-1.966515	-5.100370	-1.640939	1.158065	-0.225901	0.069555	-2.060842	-3.685333	-6.270295
Q	-0.399931	1.003500	1.049377	0.001168	-0.095370	0.423192	0.603149	0.603149	-6.270295
R	1.003500	-5.100370	-2.270295	-0.827352	-0.528828	-0.339558	-0.869416	0.763128	-6.270295
S	0.692601	2.111248	0.817168	0.491256	0.763128	0.692601	0.197310	1.147557	-6.270295
T	0.648568	2.430144	-0.912743	-0.120548	0.176788	0.856409	0.069555	0.843447	-6.270295
V	0.457625	1.335184	-1.204206	-0.022368	0.803846	1.093839	0.217545	0.387916	-6.270295
W	-6.270295	-5.100370	-6.270295	-6.270295	-5.100370	-6.270295	-5.100370	-6.270295	-6.270295
Y	0.351756	-1.877978	-0.022368	-1.794562	-1.204206	-2.161771	0.113409	-0.633671	4.213772
