A	-5.310513 0.743386 1.404533 0.953447 0.649119 2.797075 0.998012 0.633846 1.980830
C	-10.910100 -4.699747 -2.748701 -4.496543 -3.826953 -3.788775 -3.924357 -5.238920 -0.960862
D	-10.784715 -1.150286 -2.196052 -3.279970 -0.212688 -1.849867 -1.235022 -0.709359 -3.002847
E	-10.497737 0.694871 0.109970 1.118532 0.813868 -1.568495 1.066206 0.431208 -2.517319
F	-0.032041 -0.772564 -0.611200 -1.761399 -2.666838 -7.161607 -1.245205 -1.492809 -1.499076
G	-10.611915 -1.740818 -0.420048 -1.947629 -0.479883 2.260507 -0.554036 0.257163 0.615561
H	-10.796234 -0.368573 -0.669359 -5.637336 -0.208931 -6.396483 -0.051345 -0.333858 -4.131842
I	2.956347 0.363606 0.488139 0.418045 -0.823248 -4.863941 0.052288 -0.392391 0.772646
K	-10.552658 0.982104 0.237414 -4.675832 1.313710 -10.635308 0.055876 1.007023 -2.927655
L	2.272650 0.838030 0.792692 3.111215 -0.797568 -6.512243 0.493143 1.082117 2.001046
M	-1.020475 -2.126782 -0.691169 0.694689 -2.290109 -10.770830 -2.060482 -1.737831 -1.456960
N	-10.776173 -0.686164 -0.910057 -0.765484 -0.168437 -0.066775 0.514816 -0.611605 -2.418675
P	-9.406954 -8.943850 0.284019 -10.017174 0.987006 0.987024 0.171127 0.981917 -3.880385
Q	-10.603149 0.139488 0.310559 0.312526 0.641847 -3.285345 0.765202 0.139192 -2.438864
R	-10.667802 1.388840 0.181825 -10.806103 0.697539 -10.680470 -0.061899 0.856034 -2.750597
S	-10.759956 0.136711 0.917760 -1.315860 0.544541 1.645047 0.105799 0.221115 0.361777
T	-10.531778 0.212066 -0.687916 -1.465213 0.558873 -0.153870 -0.082576 -0.371266 0.119640
V	2.308617 1.023298 0.420645 -0.228865 -0.289679 -1.190128 0.821727 0.030520 1.987801
W	-2.989638 -4.104365 -2.571373 -5.743549 -4.744472 -10.893484 -2.491319 -5.486683 -10.854000
Y	-0.282846 -0.765391 -0.319240 -3.871506 -1.603621 -10.784552 -1.157425 -1.300058 -2.613674
