A	-5.185978 0.549837 1.517941 1.103169 1.235188 1.779924 1.591967 0.729712 1.394767
C	-6.738283 -6.812115 -1.377100 -4.198230 -6.810550 -3.353830 -6.724048 -6.810540 -3.198164
D	-0.475880 -0.328120 -1.447950 2.344147 0.558332 1.487208 1.513450 -0.596994 0.228470
E	-0.564866 0.780607 -0.172070 1.387572 0.783148 -0.113345 2.089288 0.884682 0.940691
F	1.840483 -1.356421 -0.652897 -6.370672 -1.125277 -0.204313 -1.452112 -1.231244 0.015754
G	-6.211517 -2.914147 0.257684 -6.406094 -0.348552 -3.246713 -2.202665 -0.572231 0.261974
H	-6.771994 -0.245109 -1.846065 -6.623523 -3.172484 -6.778742 0.335931 -0.256738 -6.756284
I	1.900722 0.377886 -0.143832 0.655220 0.493852 -0.112840 -2.114685 -0.641824 0.617246
K	-3.620044 0.885656 -0.659458 -3.026283 1.016183 -6.793057 -3.342997 1.026602 -2.950963
L	0.295789 -0.435538 0.567816 -0.720750 -0.621275 -6.369422 0.753676 0.481452 0.987360
M	-6.757542 -1.914086 -0.674195 -2.756042 -3.053534 -6.790090 -1.908421 -2.473883 -0.556716
N	-4.941004 0.594384 -2.189443 -6.741753 -4.002477 -0.179299 0.865746 -0.506246 -2.176068
P	-1.547611 -6.571759 0.224719 -5.087765 0.547568 -0.196459 -0.326766 1.443776 -2.907643
Q	-6.716039 0.406870 -0.310511 0.745967 -1.067195 -6.526422 -0.555176 -0.172360 0.766222
R	-6.736679 0.454555 -1.863368 -6.759463 -0.777467 -6.792711 -1.663675 0.686485 -2.884308
S	-5.982814 0.670741 1.442673 0.641265 0.676941 1.151339 -0.694989 0.133627 1.467916
T	-5.710988 0.639501 1.043050 0.946228 1.541059 1.721110 -0.626041 -0.345608 -1.686480
V	1.123785 0.931388 0.540244 1.121771 0.527269 1.802590 -0.650431 0.312902 1.042518
W	0.027386 -0.572269 -6.805894 -2.188812 -6.808097 -6.773211 -6.810404 -2.864830 -6.733431
Y	2.651977 -0.867389 0.041546 -6.676572 -1.539889 -6.441643 -2.242431 -1.149172 -1.792717
