A	-2.011641	1.210751	1.320934	0.304933	0.638613	-0.059170	0.331503	0.799525	0.331503	-4.596604
C	-5.766529	-4.596604	-4.596604	-3.959174	-4.596604	-5.766529	-5.766529	-3.181566	-3.959174	-5.766529
D	0.357592	-3.959174	-0.755302	1.483770	-0.871711	-1.066089	-0.812333	-3.181566	-2.679066	-5.766529
E	3.339380	-5.766529	-1.557076	1.360176	-0.700440	-0.871711	-0.647588	-1.137172	0.008258	-5.766529
F	-0.282713	-3.959174	1.044043	-1.137172	-0.647588	-0.596604	0.433143	-1.290795	-0.094104	-2.011641
G	-2.908548	-3.959174	-1.557076	1.122214	1.541810	0.331503	1.181838	0.250279	0.926958	-5.766529
H	0.222156	-5.766529	-1.883886	-1.462748	-0.365649	-1.374211	-1.137172	-0.812333	-1.066089	-2.679066
I	-1.557076	0.331503	0.926958	-1.066089	-0.547360	0.659736	0.457473	0.617175	-2.011641	-3.959174
K	-3.959174	-5.766529	-0.933639	-0.323585	0.331503	0.331503	0.222156	-0.166616	0.909428	3.831058
L	-1.290795	-0.998345	1.753107	-1.211940	-0.323585	0.760948	1.360176	1.060020	1.307613	-0.547360
M	-0.547360	-3.959174	-0.453646	-2.908548	-2.307097	-1.137172	-1.290795	-0.700440	-1.066089	-3.181566
N	-0.700440	-3.959174	-0.596604	0.164208	-0.547360	-0.755302	-0.700440	-0.547360	0.222156	-5.766529
P	-5.766529	-3.959174	-0.647588	0.760948	1.530387	0.961392	0.433143	-1.066089	0.504934	-5.766529
Q	-0.755302	-3.959174	-2.151819	0.008258	-0.204286	-0.242967	-0.204286	-0.647588	0.550884	-5.766529
R	-4.596604	-5.766529	-2.481127	-0.408977	-0.647588	-0.499742	-0.700440	-0.365649	0.072675	1.875523
S	0.383218	0.457473	0.164208	0.721311	0.680554	1.181838	0.250279	1.210751	0.331503	-5.766529
T	0.433143	2.858267	-0.812333	0.164208	0.040826	1.307613	0.481399	1.586618	0.134338	-4.596604
V	-2.481127	2.739283	0.433143	-0.647588	0.659736	0.528092	0.164208	1.027887	-0.547360	-3.959174
W	-2.908548	-5.766529	-1.211940	-2.679066	-2.908548	-2.908548	-2.011641	-3.181566	-3.181566	-5.766529
Y	-1.066089	-4.596604	1.106915	-1.462748	-0.871711	-1.766529	-0.933639	-2.011641	-0.204286	-0.933639
