A	-0.803143	1.512885	0.939699	0.415037	0.752072	0.057881	0.476965	0.211504	0.848934	0.282587	-4.417853
C	-4.417853	-4.417853	-4.417853	-4.417853	-4.417853	-4.417853	-4.417853	-4.417853	-4.417853	-4.417853	-4.417853
D	0.350332	-4.417853	-0.803143	1.598956	0.057881	0.648237	-0.535209	-0.662965	-3.247928	-3.247928	-4.417853
E	3.410284	-4.417853	-2.610498	1.323614	0.350332	0.648237	0.536344	-0.114072	-1.132450	0.282587	-4.417853
F	-0.958421	-3.247928	1.105709	-0.535209	-0.803143	-1.559872	-1.132450	-0.662965	-0.958421	-0.535209	-4.417853
G	-3.247928	-4.417853	-3.247928	0.752072	1.105709	1.025091	0.648237	0.801316	-0.309328	0.057881	-4.417853
H	0.057881	-4.417853	-2.610498	-0.958421	-0.958421	-1.559872	-0.535209	-1.132450	-1.132450	-0.958421	-3.247928
I	-1.832890	0.350332	1.483014	-1.559872	-1.330390	-0.803143	-0.309328	1.356935	0.801316	-0.958421	-4.417853
K	-4.417853	-4.417853	-1.559872	-0.803143	-0.114072	0.648237	0.752072	-0.309328	0.136736	1.105709	4.001054
L	-2.169925	-0.535209	1.570832	-0.803143	-0.025535	0.752072	0.648237	0.801316	1.512885	1.598956	-1.832890
M	-0.208399	-4.417853	0.057881	-3.247928	-2.610498	-1.330390	-1.132450	-0.958421	0.282587	-2.169925	-4.417853
N	-0.535209	-3.247928	-2.169925	-0.025535	-0.535209	-1.132450	0.057881	0.211504	-0.535209	-0.025535	-4.417853
P	-4.417853	-4.417853	-1.132450	1.356935	1.144390	0.136736	-0.025535	0.476965	-0.535209	0.211504	-4.417853
Q	-1.330390	-3.247928	-1.330390	-0.309328	0.211504	-0.535209	0.057881	0.057881	-0.803143	0.593375	-4.417853
R	-4.417853	-4.417853	-1.559872	-0.958421	-1.559872	-0.208399	-0.662965	-0.958421	-0.662965	0.211504	1.389502
S	0.752072	0.648237	-0.662965	1.144390	1.542149	1.323614	1.218772	0.752072	0.895030	0.282587	-4.417853
T	-0.309328	2.747054	-1.132450	-0.662965	-0.114072	0.476965	0.476965	0.350332	0.895030	0.057881	-4.417853
V	-3.247928	2.601738	0.136736	-1.132450	0.536344	0.211504	0.057881	0.350332	1.182060	0.057881	-3.247928
W	-3.247928	-4.417853	-1.832890	-4.417853	-2.610498	-2.169925	-2.610498	-4.417853	-4.417853	-3.247928	-4.417853
Y	-0.958421	-4.417853	1.944091	-1.330390	-1.330390	-1.132450	-0.803143	-1.330390	-1.832890	0.057881	-2.169925
