A	-0.668379	0.611729	0.109229	-0.227806	1.138976	0.809669	-0.227806	1.138976	0.983698	0.611729	0.611729	-2.475733
C	-2.475733	-2.475733	-1.305808	-2.475733	-2.475733	-2.475733	-2.475733	-2.475733	-2.475733	-2.475733	-2.475733	-2.475733
D	1.138976	-0.668379	-2.475733	1.632791	0.382248	0.109229	0.109229	0.809669	-0.668379	-1.305808	-0.668379	-2.475733
E	2.967210	-2.475733	-1.305808	1.279154	0.109229	0.109229	0.611729	0.109229	-0.668379	-2.475733	0.109229	-2.475733
F	-0.668379	-2.475733	1.279154	-1.305808	-1.305808	-0.668379	-0.668379	-0.668379	0.382248	-0.668379	0.109229	-2.475733
G	-2.475733	-2.475733	-1.305808	0.809669	-1.305808	0.809669	0.809669	1.406910	0.983698	-0.668379	0.611729	-2.475733
H	-2.475733	-2.475733	-1.305808	-0.668379	-0.227806	-1.305808	-2.475733	-1.305808	-1.305808	-2.475733	-1.305808	-1.305808
I	-2.475733	0.611729	1.279154	-2.475733	0.109229	0.109229	0.382248	-1.305808	0.109229	0.382248	-1.305808	-2.475733
K	-2.475733	-2.475733	-1.305808	0.109229	-2.475733	0.109229	0.809669	0.809669	0.983698	-1.305808	0.109229	3.818887
L	-2.475733	-0.227806	1.524267	-2.475733	0.109229	0.611729	0.611729	-0.668379	-0.227806	1.916584	1.632791	-2.475733
M	-0.227806	-2.475733	0.109229	-2.475733	-2.475733	-2.475733	-2.475733	-2.475733	-2.475733	0.382248	-2.475733	-2.475733
N	-0.227806	-2.475733	-2.475733	0.109229	0.382248	-1.305808	0.382248	-0.227806	-0.227806	-1.305808	-0.668379	-2.475733
P	-2.475733	-2.475733	-2.475733	1.279154	0.809669	0.109229	-0.668379	-0.668379	0.382248	-0.668379	-0.668379	-2.475733
Q	-0.227806	-2.475733	-1.305808	-0.668379	0.611729	0.382248	0.611729	-1.305808	-0.227806	-0.668379	0.809669	-2.475733
R	-2.475733	-2.475733	-0.668379	-0.227806	-2.475733	-1.305808	-0.227806	-1.305808	-1.305808	-0.668379	-0.668379	1.138976
S	-0.668379	0.983698	-1.305808	0.983698	0.809669	0.382248	0.382248	1.524267	0.809669	0.382248	-0.227806	-2.475733
T	1.279154	2.590356	-2.475733	0.382248	0.382248	0.611729	0.611729	0.109229	0.611729	0.611729	0.983698	-2.475733
V	-0.668379	2.357157	-0.668379	-2.475733	1.279154	0.611729	0.382248	0.109229	0.382248	1.828047	-0.668379	-2.475733
W	-2.475733	-2.475733	-1.305808	-1.305808	-1.305808	-1.305808	-2.475733	-2.475733	-2.475733	-0.668379	-1.305808	-2.475733
Y	-0.227806	-2.475733	2.292451	-2.475733	-1.305808	0.382248	-1.305808	-0.668379	-0.668379	-2.475733	0.382248	-1.305808
