A	-0.078003	-0.078003	0.559427	-1.247928	-1.247928	-0.078003	-0.078003	-0.078003	-0.078003	-0.078003	-0.078003	1.000000	-1.247928
C	-1.247928	-1.247928	-1.247928	-1.247928	-1.247928	-1.247928	-1.247928	-1.247928	-1.247928	-1.247928	-1.247928	-1.247928	-1.247928
D	1.337035	-1.247928	-1.247928	2.211504	-1.247928	-1.247928	-0.078003	1.610053	-0.078003	-1.247928	-1.247928	-1.247928	-1.247928
E	2.860597	-1.247928	-1.247928	1.337035	0.559427	-0.078003	0.559427	-1.247928	-0.078003	-0.078003	-1.247928	0.559427	-1.247928
F	-1.247928	-1.247928	1.337035	-1.247928	-1.247928	-1.247928	0.559427	-0.078003	-0.078003	-1.247928	0.559427	-1.247928	-1.247928
G	-1.247928	-1.247928	-1.247928	1.610053	0.559427	1.000000	0.559427	1.610053	0.559427	1.337035	-0.078003	1.337035	-1.247928
H	-0.078003	-1.247928	-1.247928	-1.247928	-0.078003	-0.078003	-1.247928	-1.247928	-1.247928	-0.078003	-1.247928	-0.078003	-1.247928
I	-1.247928	0.559427	2.037475	-1.247928	1.000000	1.000000	-1.247928	-0.078003	0.559427	-0.078003	-0.078003	-1.247928	-1.247928
K	-1.247928	-1.247928	-1.247928	-1.247928	0.559427	1.000000	-0.078003	-1.247928	-1.247928	-0.078003	-1.247928	-0.078003	3.520257
L	-1.247928	-1.247928	1.337035	-1.247928	-0.078003	0.559427	0.559427	1.337035	-1.247928	-1.247928	1.337035	-0.078003	-1.247928
M	-1.247928	-1.247928	-1.247928	-1.247928	-1.247928	0.559427	-0.078003	-0.078003	-1.247928	-1.247928	-0.078003	-0.078003	-1.247928
N	-0.078003	-1.247928	-0.078003	-1.247928	-1.247928	-0.078003	-0.078003	-0.078003	-0.078003	-1.247928	-0.078003	-0.078003	-1.247928
P	-1.247928	-1.247928	-1.247928	0.559427	0.559427	-1.247928	-0.078003	-1.247928	0.559427	0.559427	-1.247928	1.000000	-1.247928
Q	-1.247928	-1.247928	-1.247928	-1.247928	-0.078003	0.559427	-1.247928	-1.247928	-1.247928	1.000000	-1.247928	-1.247928	-1.247928
R	-1.247928	-1.247928	-1.247928	-1.247928	-1.247928	-1.247928	-0.078003	-1.247928	1.610053	-0.078003	-1.247928	-1.247928	-0.078003
S	-0.078003	-1.247928	-1.247928	1.000000	0.559427	-1.247928	0.559427	-0.078003	1.610053	-1.247928	1.610053	-1.247928	-1.247928
T	-0.078003	2.752072	-1.247928	-1.247928	1.000000	0.559427	1.337035	0.559427	-1.247928	1.000000	-0.078003	0.559427	-1.247928
V	-1.247928	2.037475	-0.078003	-1.247928	1.000000	-0.078003	-0.078003	-1.247928	-1.247928	0.559427	1.610053	-0.078003	-1.247928
W	-1.247928	-1.247928	-1.247928	-1.247928	-1.247928	-1.247928	-1.247928	-1.247928	-1.247928	-1.247928	-1.247928	-1.247928	-1.247928
Y	-1.247928	-1.247928	1.000000	-1.247928	-1.247928	-1.247928	-1.247928	-1.247928	-0.078003	0.559427	-1.247928	0.559427	-1.247928
