A	-1.087463	0.082462	-1.087463	0.719892	-1.087463	-1.087463	0.082462	-1.087463
C	-1.087463	-1.087463	-1.087463	-1.087463	-1.087463	-1.087463	-1.087463	-1.087463
D	1.160465	-1.087463	0.082462	-1.087463	-1.087463	-1.087463	-1.087463	-1.087463
E	2.527247	-1.087463	-1.087463	-1.087463	-1.087463	-1.087463	-1.087463	-1.087463
F	-1.087463	-1.087463	1.497500	-1.087463	1.497500	-1.087463	-1.087463	-1.087463
G	-1.087463	-1.087463	0.719892	0.082462	1.160465	0.082462	-1.087463	-1.087463
H	-1.087463	-1.087463	-1.087463	-1.087463	-1.087463	0.082462	0.719892	0.082462
I	-1.087463	0.082462	-1.087463	0.719892	-1.087463	1.160465	-1.087463	-1.087463
K	-1.087463	-1.087463	-1.087463	0.719892	-1.087463	-1.087463	1.160465	3.216318
L	-1.087463	-1.087463	0.082462	-1.087463	0.082462	1.160465	0.719892	-1.087463
M	0.082462	-1.087463	-1.087463	-1.087463	-1.087463	-1.087463	0.082462	-1.087463
N	-1.087463	-1.087463	-1.087463	-1.087463	0.082462	0.719892	-1.087463	-1.087463
P	-1.087463	-1.087463	-1.087463	0.719892	1.160465	0.082462	1.160465	-1.087463
Q	-1.087463	-1.087463	-1.087463	-1.087463	-1.087463	-1.087463	0.082462	-1.087463
R	-1.087463	-1.087463	-1.087463	0.719892	-1.087463	0.719892	0.082462	0.719892
S	0.082462	0.082462	0.082462	0.082462	0.719892	0.719892	0.719892	-1.087463
T	0.719892	2.197939	0.082462	0.719892	0.082462	0.719892	-1.087463	-1.087463
V	-1.087463	2.371969	-1.087463	1.497500	1.160465	0.082462	0.082462	-1.087463
W	-1.087463	-1.087463	-1.087463	-1.087463	-1.087463	-1.087463	-1.087463	-1.087463
Y	0.719892	-1.087463	2.371969	-1.087463	-1.087463	-1.087463	0.082462	-1.087463
