A	-1.544689	1.557850	1.484796	0.476093	0.402844	0.647957	0.583122	0.583122	-7.352043
C	-7.352043	-6.182118	-7.352043	-6.182118	-6.182118	-5.104116	-5.544689	-4.767081	-7.352043
D	1.128747	-6.182118	-0.729992	0.522938	-1.254011	-3.243519	-3.243519	-2.233102	-7.352043
E	3.079454	-7.352043	-2.285954	1.128747	-0.225339	-1.789801	-1.951164	0.940278	-7.352043
F	-0.021127	-5.544689	0.723436	-0.884438	-0.693832	1.118615	-0.389147	-0.463300	-5.104116
G	-2.722687	-3.469400	-0.463300	0.940278	0.427676	0.427676	-0.448162	0.022996	-7.352043
H	-0.291347	-7.352043	-1.577256	-1.307649	-0.693832	-1.644684	-1.421306	-0.925779	-0.055127
I	-1.610576	0.730106	0.443996	-0.968339	0.076317	1.077363	1.092971	-1.451177	-7.352043
K	-3.142590	-7.352043	-1.335235	0.522938	0.427676	-1.034631	-0.318620	0.749932	3.747797
L	-1.335235	0.022996	1.744013	-0.187136	0.012091	1.535177	1.974948	0.946019	-6.182118
M	-0.389147	-3.469400	-0.238301	-2.457226	-2.722687	-0.884438	-0.864203	-1.307649	-7.352043
N	-0.199759	-3.048263	-0.448162	0.001103	-0.573966	-1.280581	-0.968339	0.402844	-7.352043
P	-7.352043	-1.951164	-1.868228	1.240414	1.827244	-0.264581	-0.225339	0.545802	-7.352043
Q	-0.590492	-3.892612	-2.285954	0.107388	-0.389147	-0.968339	-0.785989	0.696443	-7.352043
R	-3.243519	-7.352043	-1.909100	-0.541472	-0.374764	-1.227922	0.167593	-0.225339	2.151782
S	0.583122	1.072123	0.934514	0.869544	0.696443	0.795161	0.749932	0.597783	-7.352043
T	0.515235	2.584226	-0.187136	-0.174624	0.369056	0.640895	0.911226	0.386049	-7.352043
V	-2.722687	2.477283	0.369056	-0.641237	0.899439	1.108412	0.875573	-0.277902	-6.182118
W	-3.142590	-7.352043	-2.039160	-2.876310	-2.039160	-2.182118	-3.597156	-3.597156	-7.352043
Y	-0.693832	-7.352043	0.940278	-1.057423	-1.080580	-1.828481	-1.828481	-0.509693	0.033819
