A	-0.133035	1.197387	1.121797	0.316768	0.637611	0.632173	0.254424	0.610214	1.399757	-3.738515
C	-3.855871	-4.880534	-4.279083	-4.279083	-4.279083	-3.738515	-3.855871	-3.855871	-3.529061	-6.568590
D	-0.573608	-3.983627	0.974872	1.350936	0.593522	0.446361	-0.331247	-0.025988	-1.443894	-7.738515
E	0.637611	-0.548690	-0.123805	1.204733	0.811270	0.166872	-0.209084	0.610214	0.957584	-5.931160
F	1.233747	-2.970330	0.987704	-1.250674	-0.268873	-1.172460	-0.374380	-1.153552	-1.640482	2.344632
G	-2.031155	-2.425632	-2.176272	0.587915	1.244479	1.137235	1.156303	-0.651052	-0.352652	-6.568590
H	0.690892	-4.651052	-0.993681	-1.080303	-1.153552	-0.790147	-0.548690	-0.268873	-1.667052	-3.434734
I	-0.133035	-0.896164	0.867891	-1.134888	-0.043286	0.233029	0.370010	0.370010	-1.211038	-4.123805
K	-1.421102	-5.490587	-1.443894	-0.488216	-0.849771	-0.363475	0.016373	-1.098270	-0.279083	-5.490587
L	1.226548	0.008000	0.383019	-0.123805	0.330264	0.495105	0.762327	0.757340	0.350274	1.021374
M	0.343635	-1.721706	-1.134888	-2.619573	-2.425632	-2.066089	-1.749830	-1.398665	-1.721706	0.240196
N	-0.374380	-4.453112	-0.651052	-0.573608	-0.180094	-0.385368	-0.060795	-0.218878	-0.896164	-7.738515
P	-3.983627	3.340637	0.685652	1.770271	0.996195	0.732144	0.464833	-0.017415	-1.398665	-7.738515
Q	-0.180094	-0.105519	-1.116463	0.032975	-0.331247	-0.069630	0.073663	0.408690	-0.052014	-6.568590
R	-0.464719	-4.651052	-0.331247	-0.944099	-1.230720	-0.363475	-0.268873	-0.993681	-0.512102	-7.738515
S	0.524755	-0.320662	0.008000	0.881705	0.747315	0.908944	0.690892	0.615735	1.629992	-7.738515
T	0.174375	-0.299723	-1.211038	-0.453112	-0.161086	0.421357	0.363461	0.940086	1.402954	-7.738515
V	-0.258734	0.777185	0.610214	-0.960437	0.356882	0.415037	0.427649	1.269214	0.926821	-3.038075
W	-3.109158	-5.490587	-1.270909	-3.529061	-2.905625	-3.983627	-3.262781	-2.568590	-4.651052	-2.471728
Y	0.787006	-2.254699	0.433913	-1.312250	-1.230720	-1.749830	-0.927943	-1.172460	-1.153552	3.470482
