A	-0.495911	1.190392	0.873978	0.227786	0.813773	0.345863	0.750946	0.531761	0.082262	1.174521	-3.360256
C	-4.397731	-4.838304	-3.787677	-4.397731	-4.397731	-4.397731	-3.030949	-5.475733	-4.060696	-3.787677	-6.645658
D	-0.547626	-4.838304	0.604640	1.049570	0.604640	0.772194	0.099175	0.012553	0.428483	-1.122096	-6.645658
E	0.030299	-1.426490	0.212323	0.772194	1.198263	0.519248	0.331621	0.428483	0.359966	0.696416	-5.475733
F	1.436491	-3.360256	1.117554	-0.973233	-1.009034	-1.332775	-0.973233	-0.870871	-1.009034	-1.526717	2.430489
G	-2.169925	-2.890771	-1.634431	0.761609	0.883772	1.361369	0.978223	1.206091	-0.261954	-0.656974	-6.645658
H	0.556465	-3.030949	-1.426490	-1.691462	-1.161843	-1.009034	-0.973233	-1.009034	0.030299	-1.475733	-3.360256
I	0.243085	-1.526717	0.959821	-0.973233	-0.118181	-0.079604	0.180890	0.099175	0.696416	-0.421657	-3.787677
K	-1.691462	-4.060696	-0.806455	-1.009034	-1.161843	-0.374195	-0.005413	0.148757	-1.579569	-0.198575	-5.475733
L	1.083962	-0.714921	0.873978	-0.261954	0.373932	0.345863	0.844190	0.531761	0.718476	0.455004	1.340184
M	0.481046	-2.537134	-0.744792	-2.341878	-2.341878	-2.341878	-2.169925	-1.812768	-1.475733	-2.253341	0.288032
N	-0.421657	-4.397731	-1.045746	-0.601264	-0.521537	-0.547626	-0.351038	0.132419	-0.042032	-1.045746	-5.475733
P	-5.475733	3.628720	-0.685657	2.279154	0.864117	0.718476	0.592746	0.531761	-0.283715	-0.973233	-6.645658
Q	-0.628850	-0.351038	-1.332775	-0.374195	-0.137864	-0.283715	-0.079604	-0.178053	0.628137	0.359966	-4.838304
R	-0.574196	-4.838304	-0.283715	-0.628850	-1.691462	-0.574196	-0.283715	-0.714921	-0.806455	-0.328246	-6.645658
S	0.903163	-0.495911	-0.023607	0.903163	1.023227	1.117554	0.864117	0.903163	0.707488	1.354342	-6.645658
T	0.359966	-0.685657	-1.750841	-0.397731	0.030299	0.628137	0.415037	0.373932	0.317238	1.318682	-6.645658
V	0.047829	-0.240517	0.996393	-1.045746	0.662681	0.012553	0.047829	0.345863	1.229323	1.213876	-3.186227
W	-3.030949	-4.838304	-1.122096	-2.645658	-3.558196	-3.186227	-2.763015	-4.838304	-2.091070	-5.475733	-3.030949
Y	0.793133	-1.812768	0.628137	-2.016302	-1.877474	-2.091070	-1.579569	-1.288106	-0.806455	-0.775294	3.348341
