A	-0.119739	-0.190822	0.622765	0.245910	0.191048	0.349746	0.398990	1.050186	0.954608	0.446608	1.329568	-4.820179
C	-4.820179	-4.820179	-3.650254	-3.650254	-4.820179	-3.650254	-3.650254	-3.650254	-3.650254	-3.012824	-3.650254	-4.820179
D	-1.534777	-3.650254	-0.119739	1.379493	0.012711	1.196629	0.887180	0.245910	0.074639	0.537373	-1.205469	-4.820179
E	-0.937536	-1.732716	-0.427862	0.816446	0.703383	0.663637	0.349746	0.622765	0.012711	0.398990	0.492704	-4.820179
F	1.745875	-3.012824	1.563525	0.298762	-0.937536	-1.534777	-1.962198	-1.962198	-0.516398	-0.427862	-1.360747	2.253963
G	-1.962198	-3.012824	-1.534777	1.050186	1.563525	0.816446	1.251283	1.251283	1.139823	-0.937536	-0.610726	-4.820179
H	0.446608	-3.650254	-0.937536	-1.205469	-1.205469	-0.711655	-1.360747	-0.711655	-1.205469	0.298762	-0.820179	-2.572251
I	0.134017	-1.205469	1.379493	-0.344446	-0.051995	-0.265590	-0.119739	0.298762	0.298762	0.398990	-0.427862	-3.650254
K	-1.534777	-3.650254	-1.534777	-1.205469	-0.711655	-0.051995	-0.820179	-0.265590	-0.190822	-2.235216	-0.820179	-4.820179
L	1.080688	-1.205469	0.852246	-0.344446	0.580700	0.191048	-0.119739	0.537373	0.245910	0.134017	0.349746	0.349746
M	1.050186	-4.820179	-0.820179	-2.235216	-2.235216	-1.065291	-1.732716	-1.534777	-3.650254	-1.534777	-1.534777	-0.051995
N	-1.065291	-3.650254	-0.937536	-0.937536	-1.360747	-0.427862	-0.711655	-0.344446	-0.051995	0.074639	-0.937536	-4.820179
P	-4.820179	3.906039	-0.820179	1.403823	2.113512	0.703383	1.224215	0.398990	0.703383	0.245910	-0.937536	-4.820179
Q	-0.190822	-0.711655	-0.516398	-0.119739	-1.360747	-0.051995	-0.265590	-0.711655	-0.516398	0.663637	0.580700	-4.820179
R	-1.732716	-3.650254	-0.265590	-1.205469	-1.360747	-0.516398	-0.516398	-0.516398	-1.065291	-1.065291	-0.820179	-4.820179
S	0.537373	-2.235216	-1.534777	0.954608	0.446608	0.816446	0.816446	0.987176	1.080688	0.398990	1.019025	-4.820179
T	0.245910	-0.344446	-1.732716	-0.427862	-0.610726	0.492704	0.580700	-0.265590	0.298762	0.349746	1.626904	-4.820179
V	-0.427862	-1.065291	0.703383	-0.937536	-0.051995	-0.190822	0.580700	0.074639	0.398990	1.196629	1.196629	-4.820179
W	-3.012824	-4.820179	-0.344446	-3.650254	-3.012824	-3.012824	-3.012824	-2.235216	-2.572251	-1.732716	-4.820179	-2.572251
Y	1.251283	-3.012824	0.921288	-0.711655	-1.360747	-1.205469	-1.360747	-0.937536	-0.711655	-0.344446	-1.065291	3.598728
