A	-0.625835	0.130894	0.624709	-0.396353	0.516184	-0.024384	-0.898853	-0.625835	0.130894	0.398827	0.398827	0.908502	-3.483816
C	-3.483816	-3.483816	-3.483816	-3.483816	-1.676461	-2.313891	-3.483816	-3.483816	-2.313891	-2.313891	-3.483816	-2.313891	-3.483816
D	-3.483816	-3.483816	-1.235888	1.216624	0.624709	-0.198414	0.819965	0.991918	1.070773	0.624709	0.624709	-2.313891	-3.483816
E	-1.676461	-3.483816	-0.625835	1.470381	0.398827	0.624709	0.398827	0.908502	0.516184	0.725638	0.271072	1.070773	-3.483816
F	1.470381	-3.483816	1.735353	-0.898853	-0.396353	-0.898853	-0.898853	-1.235888	-1.235888	0.130894	-0.625835	-2.313891	2.476186
G	-2.313891	-3.483816	-1.235888	1.145541	1.145541	0.991918	0.908502	1.582273	1.349074	0.908502	-0.024384	-0.898853	-3.483816
H	0.398827	-3.483816	-0.898853	-0.396353	-1.235888	-0.396353	-0.625835	-2.313891	-0.396353	-0.198414	-0.396353	-1.676461	-3.483816
I	0.271072	-3.483816	0.819965	-1.676461	0.398827	0.991918	-0.625835	-0.898853	-1.235888	0.624709	-0.198414	-2.313891	-3.483816
K	-3.483816	-3.483816	-0.898853	-0.898853	-1.676461	-2.313891	0.516184	-0.898853	-0.198414	-0.625835	-3.483816	-0.396353	-3.483816
L	1.735353	-1.676461	0.725638	-0.396353	-0.198414	0.908502	-0.024384	0.516184	-0.024384	0.516184	0.991918	0.516184	-1.235888
M	0.991918	-3.483816	-0.898853	-2.313891	-1.235888	-2.313891	-1.676461	-2.313891	-1.235888	-0.898853	-1.235888	-2.313891	0.271072
N	-0.898853	-3.483816	-0.898853	-1.235888	-0.898853	-0.625835	0.130894	-0.625835	-0.024384	-0.625835	-0.198414	0.130894	-3.483816
P	-3.483816	3.985826	-1.676461	1.635125	0.908502	1.582273	0.725638	1.216624	0.908502	0.516184	0.130894	-1.235888	-3.483816
Q	-1.235888	-2.313891	-1.235888	0.624709	-0.198414	-0.396353	0.271072	-1.235888	-0.024384	0.130894	0.130894	0.516184	-3.483816
R	-2.313891	-3.483816	-0.024384	-0.625835	-1.676461	-0.396353	-0.625835	-0.396353	-0.396353	-1.235888	-1.235888	-0.898853	-3.483816
S	0.271072	-1.235888	-0.396353	-0.396353	1.145541	-0.396353	0.624709	0.624709	0.516184	0.398827	1.284369	1.686109	-3.483816
T	-0.024384	-0.898853	-3.483816	-0.198414	-0.898853	0.130894	0.725638	0.991918	-0.198414	-0.198414	-0.396353	1.470381	-3.483816
V	-0.198414	-1.676461	1.284369	-0.625835	0.516184	0.271072	0.271072	-0.396353	0.398827	0.398827	1.216624	0.908502	-3.483816
W	-2.313891	-3.483816	-0.625835	-1.676461	-0.898853	-2.313891	-2.313891	-2.313891	-2.313891	-3.483816	-3.483816	-3.483816	-3.483816
Y	1.782971	-2.313891	1.216624	-1.235888	-0.396353	-1.235888	-0.625835	-1.235888	-1.676461	-3.483816	-0.024384	-0.898853	3.507706
