A	-1.557995	-2.727920	0.130061	-0.479993	0.359542	0.359542	-0.479993	-0.479993	0.557482	0.359542	0.731511	-0.142958	1.575860	-2.727920
C	-2.727920	-2.727920	-2.727920	-2.727920	-2.727920	-2.727920	-2.727920	-2.727920	-2.727920	-2.727920	-2.727920	-2.727920	-1.557995	-2.727920
D	-2.727920	-0.920566	-2.727920	1.026967	0.130061	-0.142958	0.557482	1.026967	0.731511	0.130061	0.359542	0.359542	-0.479993	-2.727920
E	-1.557995	-1.557995	-1.557995	1.026967	0.731511	0.557482	-0.479993	-0.920566	-0.479993	-0.479993	0.359542	1.481533	0.557482	-2.727920
F	2.040264	-2.727920	1.972519	-2.727920	-0.142958	-0.479993	-2.727920	-0.479993	-0.142958	-0.142958	-0.142958	-0.479993	-1.557995	2.166897
G	-2.727920	-2.727920	-0.479993	1.664397	1.664397	1.826668	0.731511	0.886789	1.747813	1.026967	1.272080	0.557482	-0.142958	-2.727920
H	-0.479993	-2.727920	-1.557995	-1.557995	-1.557995	-1.557995	-0.920566	-0.920566	-0.920566	0.359542	-1.557995	0.731511	-0.920566	-2.727920
I	0.557482	-1.557995	0.359542	-0.920566	0.359542	-0.479993	-0.142958	-0.142958	-1.557995	-1.557995	-0.479993	0.731511	-0.920566	-2.727920
K	-2.727920	-2.727920	-1.557995	-0.479993	-0.479993	-1.557995	-0.479993	-0.479993	-0.142958	-0.479993	0.557482	-1.557995	-0.920566	-2.727920
L	1.575860	-1.557995	0.130061	-2.727920	-2.727920	-0.920566	0.359542	-0.142958	-0.920566	0.731511	0.731511	-0.479993	-1.557995	-0.920566
M	1.272080	-2.727920	0.359542	-2.727920	-0.920566	-1.557995	-2.727920	-1.557995	-1.557995	-1.557995	-0.920566	-2.727920	-1.557995	0.130061
N	-1.557995	-2.727920	-0.142958	0.130061	0.130061	-0.479993	0.130061	0.359542	-0.479993	-0.142958	0.130061	0.130061	-0.479993	-2.727920
P	-2.727920	3.930291	-0.479993	1.747813	1.272080	0.731511	1.901436	-0.479993	0.557482	0.731511	-0.142958	-0.920566	-0.142958	-2.727920
Q	-1.557995	-2.727920	-0.920566	-0.479993	0.359542	0.130061	0.130061	0.886789	-0.920566	0.130061	-0.142958	-0.142958	-1.557995	-2.727920
R	-1.557995	-1.557995	-0.142958	-0.479993	-2.727920	-1.557995	-0.920566	0.130061	-1.557995	-1.557995	-1.557995	-2.727920	-0.920566	-2.727920
S	-0.920566	-1.557995	0.130061	0.886789	-0.479993	0.557482	1.154723	1.380604	1.154723	0.557482	0.557482	-0.479993	1.380604	-2.727920
T	0.886789	-1.557995	-0.920566	0.130061	-0.479993	0.130061	0.557482	0.130061	0.557482	0.359542	-0.920566	0.557482	1.972519	-2.727920
V	-0.479993	-0.920566	0.130061	-0.920566	-0.142958	0.886789	-0.920566	-0.920566	0.359542	1.154723	-0.142958	1.272080	0.359542	-2.727920
W	-2.727920	-2.727920	-0.142958	-2.727920	-0.479993	-2.727920	-1.557995	-2.727920	-2.727920	-1.557995	-0.920566	-2.727920	-2.727920	-2.727920
Y	1.380604	-2.727920	1.380604	-1.557995	-0.479993	0.359542	-0.920566	0.359542	-0.142958	-2.727920	-0.142958	-0.479993	-0.920566	3.520007
