A	-1.409235	1.857379	1.197620	0.269664	1.142253	0.310420	1.208443	-4.370065
C	-6.177420	-6.177420	-5.007495	-6.177420	-6.177420	-5.007495	-4.370065	-6.177420
D	0.799860	-6.177420	0.923243	-0.053298	-0.864537	-0.776540	-1.785102	-6.177420
E	-0.958251	-3.089957	-0.693604	0.814102	-2.068895	-0.133025	1.517809	-5.007495
F	1.517809	-1.344530	1.048993	-1.166192	-1.058478	-0.105957	-2.422532	1.779683
G	-5.007495	-3.929492	0.407543	-0.053298	0.726462	-1.166192	-1.344530	-6.177420
H	0.330375	-4.370065	0.117201	-0.734476	0.426207	0.869704	-0.504994	-3.089957
I	0.022253	-2.717988	0.139993	0.269664	0.388635	0.290186	-0.307055	-0.958251
K	-3.089957	-6.177420	-0.615177	0.770948	-0.693604	-0.653858	0.046582	-6.177420
L	1.535107	-2.717988	0.711324	1.060985	0.139993	0.814102	0.206285	2.323422
M	0.567414	-2.422532	-1.409235	-2.294776	-2.422532	-2.422532	-2.068895	0.533387
N	-1.223223	-6.177420	-0.079387	-0.819868	-0.864537	-1.111330	-3.089957	-6.177420
P	-0.246682	3.639964	-1.622831	1.048993	0.741444	1.048993	-1.282602	-6.177420
Q	-1.785102	-0.338216	-1.622831	-0.402632	-0.819868	0.290186	-0.133025	-6.177420
R	-2.177420	-6.177420	-0.910633	-0.540795	-0.653858	-0.577507	-1.007495	-6.177420
S	-0.217418	-0.577507	0.046582	0.184524	1.517809	0.516067	1.219185	-5.007495
T	-0.370065	-0.910633	-0.470060	0.369475	0.550501	0.426207	1.119497	-3.089957
V	0.206285	-0.615177	0.616996	1.012405	1.271729	1.012405	1.765095	-0.615177
W	-2.892017	-6.177420	-2.068895	-3.592457	-5.007495	-2.068895	-6.177420	-3.089957
Y	1.577468	-3.929492	0.330375	-2.068895	-3.319439	-0.370065	-3.089957	3.065754
