A	0.280873	1.789747	1.124458	0.356424	0.380754	0.659820	0.444794	1.266769	-2.464076
C	-4.428211	-5.843248	-3.613514	-5.016397	-4.246881	-3.258286	-3.669511	-3.096014	-7.148103
D	-0.038963	-5.016397	0.977235	1.054885	0.047523	-0.576462	-0.702236	-1.548190	-10.235566
E	0.388773	-0.594417	-0.334699	1.336543	0.373844	-0.363275	0.475241	0.996855	-7.148103
F	0.795274	-1.610770	0.534272	-1.241919	-0.410209	-0.103387	-1.022461	-1.513612	2.254345
G	-1.414589	-1.729754	-1.535126	0.686089	0.610708	0.575006	-1.597130	-0.644978	-8.428211
H	0.259790	-2.828298	-0.574233	-1.348345	-0.442369	-0.699804	0.061924	-0.977588	-3.287198
I	0.234585	-0.344162	0.807291	-0.886284	0.409192	0.725522	0.385342	-1.028551	-1.213891
K	-0.434261	-5.680977	0.091706	0.100104	-0.160755	-0.422185	-0.777159	0.161574	-5.931785
L	0.907977	0.480611	0.323333	0.107065	0.702728	0.605802	1.230893	0.248502	1.922729
M	-0.293784	-1.548190	-0.942669	-2.415387	-2.075694	-1.657193	-1.426601	-1.943244	0.133214
N	-0.268339	-5.116624	-0.101781	-0.444403	-0.142478	-0.504671	-0.473183	-0.962936	-7.987638
P	-5.759832	2.731075	-1.442775	1.498827	0.616574	0.206341	0.379604	-1.827236	-6.352922
Q	-0.268339	0.531170	-0.692534	-0.014583	-0.297456	-0.007047	0.450278	0.341155	-6.950163
R	-0.155747	-4.922683	-0.126061	-0.754271	-0.444403	-0.351777	-0.390468	-0.412198	-4.246881
S	0.896774	0.193318	0.535305	0.796136	0.628234	0.798718	0.779675	1.572594	-6.480678
T	0.540456	0.056181	-0.390468	-0.208351	0.368061	0.777059	0.645548	1.215517	-5.606209
V	0.228214	0.870016	0.694433	-0.500433	0.889525	1.025795	1.051281	0.962726	-0.858897
W	-3.272670	-5.606209	-2.013978	-3.851861	-3.229941	-4.275564	-3.134903	-5.065641	-2.007950
Y	0.455742	-1.556965	0.016804	-1.931785	-1.217365	-1.270503	-1.113385	-1.010358	3.118202
