A	-0.212994	-0.814444	0.537028	-0.814444	0.082462	0.719892	0.436099	-0.584963	-0.212994	-3.672425
C	-2.502500	-3.672425	-3.672425	-2.502500	-3.672425	-2.502500	-1.424498	-2.502500	-1.865070	-3.672425
D	-3.672425	-3.672425	-1.865070	1.770518	-0.057715	-0.814444	-1.424498	-0.584963	-3.672425	-3.672425
E	-1.424498	-3.672425	-3.672425	1.446516	-0.057715	0.082462	-0.057715	1.546743	-0.584963	-3.672425
F	-1.087463	1.281771	-0.387023	-0.814444	-0.387023	-1.865070	-0.057715	-1.087463	-0.584963	3.847211
G	-1.087463	-3.672425	-1.087463	-0.212994	0.719892	1.281771	1.281771	-0.814444	-0.814444	-3.672425
H	-1.865070	-3.672425	-1.424498	-0.212994	-2.502500	-0.387023	-0.584963	0.082462	0.436099	-3.672425
I	0.803308	-2.502500	1.338802	-2.502500	0.327575	0.436099	-1.424498	-0.584963	-1.424498	-0.584963
K	2.551576	-3.672425	-0.212994	0.631355	0.210218	0.327575	1.281771	-1.865070	1.160465	-3.672425
L	-2.502500	-0.814444	1.338802	-1.865070	0.537028	0.436099	0.631355	0.327575	0.537028	1.446516
M	-3.672425	-0.212994	0.210218	-1.424498	-0.584963	-1.087463	-0.057715	-0.814444	-0.814444	-1.424498
N	-1.865070	-3.672425	-0.387023	0.631355	-0.057715	0.082462	-0.212994	1.393664	-0.387023	-3.672425
P	-1.424498	-3.672425	1.728454	1.222392	1.028014	0.803308	-0.212994	0.631355	-3.672425	-3.672425
Q	-3.672425	-1.865070	-0.814444	0.327575	0.082462	0.631355	0.537028	0.882164	0.210218	-3.672425
R	2.258312	-3.672425	-3.672425	-1.865070	-1.865070	-2.502500	-0.387023	-0.814444	0.327575	-3.672425
S	-0.584963	-2.502500	0.803308	0.210218	0.631355	0.719892	0.082462	-0.057715	0.631355	-3.672425
T	-0.814444	-2.502500	0.210218	0.082462	-0.212994	0.210218	0.537028	0.436099	2.000000	-3.672425
V	0.882164	-2.502500	-1.865070	-0.584963	1.546743	-0.387023	-1.865070	0.327575	-0.387023	-3.672425
W	-3.672425	-0.057715	-1.865070	-3.672425	-3.672425	-1.865070	-3.672425	-3.672425	-3.672425	-1.087463
Y	-0.387023	3.691709	0.327575	-3.672425	-3.672425	-1.865070	-0.387023	-1.087463	0.327575	-1.865070
