A	-0.700440	-2.507795	-0.700440	-1.337870	0.579668	0.579668	0.777608	0.777608	0.777608	0.077168	-2.507795
C	-2.507795	-2.507795	-2.507795	-2.507795	-2.507795	-1.337870	-1.337870	-2.507795	-2.507795	-2.507795	-2.507795
D	-2.507795	-2.507795	0.077168	1.600730	0.951637	0.350186	0.350186	-1.337870	-1.337870	-2.507795	-2.507795
E	0.579668	-2.507795	-2.507795	1.492205	0.777608	0.077168	0.350186	-0.259867	-1.337870	-0.259867	-2.507795
F	-0.700440	1.106915	1.492205	-2.507795	-0.700440	-0.700440	-1.337870	0.951637	-1.337870	-0.700440	3.641952
G	-1.337870	-2.507795	-2.507795	0.350186	-0.700440	0.350186	1.884523	0.777608	-1.337870	0.077168	-2.507795
H	-2.507795	-1.337870	-2.507795	-1.337870	-0.259867	0.350186	-1.337870	-1.337870	0.077168	0.077168	-2.507795
I	0.579668	-2.507795	-0.259867	-1.337870	0.350186	0.077168	-1.337870	0.350186	-0.259867	-2.507795	-0.700440
K	2.260390	-2.507795	-0.700440	-2.507795	-0.700440	0.077168	-0.259867	0.777608	-0.700440	0.579668	-2.507795
L	-2.507795	-0.259867	1.600730	-0.700440	-1.337870	1.374848	-1.337870	0.777608	1.701659	0.077168	1.795986
M	-2.507795	-2.507795	0.777608	-1.337870	-2.507795	-2.507795	-2.507795	-2.507795	0.077168	-0.700440	-0.700440
N	-0.700440	-2.507795	-1.337870	0.579668	0.350186	-1.337870	0.579668	0.077168	0.077168	-0.259867	-2.507795
P	-0.259867	-2.507795	1.600730	2.121562	0.579668	0.951637	-0.700440	-0.700440	-2.507795	-2.507795	-2.507795
Q	-2.507795	-2.507795	-0.700440	-1.337870	0.077168	0.350186	1.247093	-0.700440	0.579668	1.374848	-2.507795
R	2.046794	-2.507795	-0.700440	-1.337870	-2.507795	-0.700440	-1.337870	0.077168	0.077168	0.350186	-2.507795
S	-2.507795	-2.507795	0.579668	-0.259867	1.247093	0.350186	0.579668	0.777608	-0.259867	0.777608	-2.507795
T	0.077168	-2.507795	-0.259867	0.777608	-0.259867	0.350186	0.777608	0.350186	0.579668	1.600730	-2.507795
V	0.951637	-2.507795	0.077168	-1.337870	1.106915	-1.337870	-1.337870	0.350186	0.951637	0.350186	-2.507795
W	-2.507795	-1.337870	-2.507795	-2.507795	-2.507795	-2.507795	-2.507795	-2.507795	-2.507795	-2.507795	-2.507795
Y	-0.700440	3.763668	-1.337870	-1.337870	-0.700440	-1.337870	-1.337870	-2.507795	0.579668	-0.700440	-2.507795
