A	-0.362570	-1.000000	0.078003	-1.000000	-0.362570	-0.362570	-1.000000	-2.169925
C	-2.169925	-2.169925	-2.169925	-1.000000	-2.169925	-2.169925	-2.169925	-2.169925
D	-2.169925	-2.169925	-1.000000	-2.169925	-2.169925	-2.169925	-2.169925	-2.169925
E	-2.169925	-2.169925	-1.000000	-1.000000	-2.169925	0.688056	0.078003	-2.169925
F	-1.000000	0.078003	-2.169925	-1.000000	-0.362570	1.712718	-2.169925	2.841302
G	-2.169925	-1.000000	3.096862	-0.362570	0.078003	-2.169925	0.078003	-2.169925
H	-1.000000	-2.169925	-0.362570	0.415037	-1.000000	0.078003	1.289507	-2.169925
I	-0.362570	-0.362570	0.078003	-0.362570	0.917538	-2.169925	-1.000000	1.830075
K	2.133856	-2.169925	-1.000000	1.584963	-1.000000	-2.169925	1.444785	-2.169925
L	-1.000000	-1.000000	-2.169925	-1.000000	-2.169925	-2.169925	0.688056	2.133856
M	-2.169925	-2.169925	-2.169925	-1.000000	-2.169925	-2.169925	-1.000000	-2.169925
N	-0.362570	-2.169925	-0.362570	0.078003	-2.169925	0.688056	-2.169925	-2.169925
P	-2.169925	-2.169925	0.078003	1.289507	0.688056	0.078003	-2.169925	-2.169925
Q	-2.169925	-2.169925	-2.169925	0.078003	-1.000000	0.917538	0.078003	-2.169925
R	1.444785	-2.169925	-2.169925	-1.000000	-2.169925	-1.000000	0.078003	-2.169925
S	-1.000000	-1.000000	0.688056	0.415037	-1.000000	0.415037	0.917538	-2.169925
T	0.078003	-2.169925	0.415037	0.917538	0.415037	0.688056	1.444785	-2.169925
V	1.712718	-1.000000	-1.000000	0.917538	3.049244	0.078003	-0.362570	-1.000000
W	-2.169925	-2.169925	-2.169925	-2.169925	-2.169925	-0.362570	-2.169925	0.078003
Y	1.289507	3.700440	-2.169925	-1.000000	-1.000000	0.917538	-0.362570	-2.169925
