A	0.456096	-2.454442	0.721557	0.068325	0.160640	0.355519	0.751552	-0.486760	-6.758223
C	-3.298792	-6.758223	-6.758223	-4.510296	-2.758223	-3.143513	-3.003336	-2.365906	-6.758223
D	-1.990039	-6.758223	-0.919019	1.343752	-0.396279	-2.282490	-0.331958	-2.758223	-6.758223
E	-0.486760	-6.758223	-1.539055	1.395329	-0.013389	-1.445340	0.874772	0.406684	-6.758223
F	-1.804027	0.954304	-0.510296	-2.282490	-1.121599	1.227619	-0.463602	-1.539055	3.292986
G	-0.634102	-3.900242	0.068325	0.084127	0.204673	-0.534222	-1.746996	-1.158310	-6.758223
H	-1.639282	-3.472821	-1.539055	-0.463602	-0.486760	-0.154597	0.979869	0.616816	-6.758223
I	0.515572	-2.875580	0.928277	-0.769539	0.996664	0.690925	-1.539055	-2.203634	1.269683
K	2.082555	-6.758223	-0.230746	0.583851	0.800197	-0.230746	-0.686761	1.382607	-6.758223
L	-0.827486	-0.374519	1.330565	-0.030303	0.468189	1.269683	0.115221	1.139622	2.674319
M	-4.173261	-1.746996	-0.634102	-2.875580	-1.804027	-1.491437	-2.365906	-1.195981	-1.121599
N	-0.463602	-6.758223	0.302473	-0.173261	0.233299	-0.983436	0.910662	-0.290618	-6.758223
P	-1.315280	-6.758223	1.116758	1.132041	-0.950868	0.561449	0.406684	-4.950868	-6.758223
Q	-1.588298	-1.539055	0.233299	-0.082266	0.204673	-0.463602	0.701208	0.261368	-6.758223
R	1.590505	-6.758223	-3.670760	-0.919019	-0.463602	-0.950868	-0.798221	0.979869	-6.758223
S	0.381328	-2.128867	0.627639	0.690925	0.342439	0.219057	0.605911	0.751552	-6.758223
T	0.204673	-1.315280	0.649045	0.233299	-0.100012	0.771207	-0.082266	1.269683	-6.758223
V	1.303823	-2.203634	0.431601	-0.353082	1.499165	1.037816	0.204673	0.175467	-2.548770
W	-6.758223	-2.649699	-4.950868	-4.510296	-3.900242	-3.472821	-4.173261	-4.950868	-1.357344
Y	-0.686761	3.916631	-1.692134	-1.400671	-0.769539	-0.660191	0.315918	-0.857356	-1.925333
