A	0.196272	-1.127770	0.101659	-0.323947	0.237932	0.356144	-0.082628	0.374937	0.116625	-5.996373
C	-4.189018	-3.921084	-2.970838	-4.048840	-4.344296	-2.849531	-3.803728	-3.921084	-3.174371	-5.555800
D	-1.964524	-4.518325	-0.484055	1.520453	0.583213	0.063551	-0.689985	-0.461653	-2.280166	-7.803728
E	-0.417865	0.040194	-1.964524	0.909659	0.604602	-0.040515	-0.472811	0.755650	0.304797	-6.633803
F	0.024409	0.765179	1.359922	-1.815043	-0.613903	-0.884864	0.304797	-0.396460	-0.344296	3.559038
G	-1.075807	-2.633803	-1.009312	0.356144	1.079679	0.843731	0.866043	-0.870037	-0.961377	-6.633803
H	-0.977179	-0.126008	-1.604055	-1.075807	-0.784137	-0.613903	-0.216888	0.337102	-0.065635	-6.633803
I	0.615179	-1.042176	0.500053	-1.356644	-0.601604	0.203300	0.258319	-0.152676	-1.295933	-0.024008
K	1.363063	-3.499947	-0.518325	0.024409	0.138787	0.317806	0.528309	-1.075807	0.816492	-5.218765
L	0.078916	0.687123	1.005237	-0.613903	0.237932	0.726679	0.935209	0.997172	1.021231	2.001613
M	-1.256833	-1.532264	-0.461653	-2.633803	-1.996373	-1.732265	-1.486315	-1.441784	-1.902861	-1.532264
N	-1.163483	-4.716265	-0.396460	0.094118	0.055807	-0.117227	-0.040515	0.203300	-0.396460	-7.803728
P	-1.555800	0.210293	0.646453	2.121456	1.340931	0.993123	0.682102	0.237932	-2.584559	-7.803728
Q	-0.826448	0.896712	-1.042176	-0.024008	-0.216888	0.024409	-0.091201	0.687123	-0.024008	-5.996373
R	1.540013	-1.441784	-1.705695	-1.127770	-0.417865	-0.461653	-0.143732	-0.812206	0.588590	-4.518325
S	0.494335	-1.705695	-0.126008	0.500053	0.577815	0.604602	0.224178	0.311316	1.009252	-6.633803
T	-0.007688	-0.756604	-1.075807	-0.099824	-0.189018	0.231071	0.324267	0.528309	1.567505	-5.555800
V	1.124791	-0.134843	-0.613903	-1.058894	0.217252	0.343477	0.231071	0.909659	0.453660	-2.028940
W	-5.218765	-0.577315	-1.315887	-3.327994	-2.908910	-1.996373	-2.737638	-2.241485	-4.945747	0.539458
Y	0.429892	2.846651	2.009653	-1.532264	-1.441784	-1.509107	-0.613903	-0.664176	-0.235771	-0.024008
