A	0.174978	-2.360402	0.208222	-0.345854	0.530807	0.530807	0.632268	0.224560	0.272495	-0.082016	-6.569856
C	-5.399931	-4.321928	-2.687213	-3.110424	-3.482393	-3.711875	-2.461331	-4.321928	-3.984893	-3.482393	-6.569856
D	-1.736966	-3.110424	-0.394930	1.305126	0.449735	0.543887	0.191696	-0.321928	-1.086040	-1.869416	-4.762501
E	-0.553047	-0.062061	-1.168976	0.644464	0.393040	0.632268	0.378512	-0.471824	0.158065	0.158065	-6.569856
F	-0.420108	0.909925	0.632268	-0.525461	-0.862496	-0.933231	-0.321928	0.393040	-0.122772	-0.471824	3.583063
G	-1.558628	-2.015267	-0.862496	0.240716	0.668549	0.816007	1.090140	0.715547	-0.639118	-0.897430	-6.569856
H	-1.256973	-0.143591	-1.801671	-0.828389	-0.668989	-0.730652	-0.445734	-0.498393	0.288125	-0.164714	-4.762501
I	0.680443	-1.736966	0.978966	-1.615659	-0.164714	-0.207912	-0.275235	0.407424	0.052196	-1.168976	-0.252443
K	1.209864	-2.955146	-0.581171	-0.345854	0.123631	0.088356	0.490840	0.123631	-0.525461	0.749817	-2.955146
L	0.123631	0.088356	1.525541	-0.445734	-0.022961	0.582429	0.582429	1.201634	1.608809	1.289679	2.082093
M	-2.461331	-2.360402	-0.143591	-2.955146	-2.569856	-1.869416	-2.266075	-1.303069	-1.450915	-2.094122	-2.094122
N	-0.730652	-3.482393	-0.498393	0.052196	-0.082016	-0.230006	-0.022961	0.052196	0.208222	-0.321928	-6.569856
P	-1.350687	-0.581171	1.035624	1.955665	1.687532	1.159765	0.106101	0.106101	-0.581171	-2.814968	-5.399931
Q	-0.795069	0.052196	-0.609854	-0.581171	0.191696	-0.102250	0.123631	-0.298393	0.656557	0.334026	-6.569856
R	1.423083	-1.869416	-0.862496	-1.801671	-0.897430	-0.897430	-0.471824	-0.298393	-0.581171	0.421666	-4.321928
S	0.504286	-1.801671	0.644464	0.407424	0.761061	0.899786	0.988565	0.595051	0.504286	1.099029	-6.569856
T	0.349008	-1.503766	-0.699491	-0.082016	-0.525461	0.224560	0.015107	0.224560	0.015107	1.492191	-5.399931
V	1.451124	-1.256973	0.015107	-1.212304	-0.122772	-0.252443	-0.186151	0.378512	0.761061	0.240716	-3.284453
W	-5.399931	-0.394930	-3.110424	-2.687213	-2.266075	-2.569856	-3.110424	-2.360402	-2.360402	-4.762501	0.632268
Y	0.556849	3.332896	0.490840	0.939919	-0.933231	-1.801671	-1.450915	-0.828389	-0.275235	-0.143591	-0.553047
