A	0.195256	-1.250543	0.659660	-1.523562	-0.225881	0.283793	0.520832	0.367209	0.724366	-0.000000	-0.225881	-4.108524
C	-2.938599	-4.108524	-2.938599	-4.108524	-4.108524	-2.301170	-2.938599	-2.938599	-2.938599	-4.108524	-4.108524	-4.108524
D	-4.108524	-4.108524	-1.523562	2.186096	-1.021062	0.786293	0.659660	-0.000000	-0.353637	-2.938599	-1.250543	-4.108524
E	-2.301170	-0.823122	-1.021062	0.446064	-1.021062	-0.000000	-0.108524	0.520832	-0.108524	-0.108524	0.100929	-4.108524
F	-0.823122	1.249028	0.446064	-1.250543	1.061401	-0.225881	0.100929	-0.353637	-0.108524	-0.108524	-0.353637	3.743225
G	-1.250543	-1.523562	0.446064	-0.108524	0.957565	0.659660	1.158262	1.666263	0.446064	-0.225881	-1.860597	-4.108524
H	-1.021062	-0.108524	-1.250543	-2.301170	-1.523562	-1.021062	-0.493815	-1.860597	-0.353637	0.520832	0.845672	-4.108524
I	0.659660	-4.108524	1.110644	-1.860597	-0.649093	-0.493815	-1.250543	-0.000000	0.446064	-0.225881	-2.301170	-0.225881
K	0.845672	-2.938599	-0.353637	0.100929	-0.823122	-0.000000	0.591915	0.367209	0.283793	-0.649093	0.520832	-1.860597
L	0.283793	0.367209	1.792342	-0.493815	0.283793	0.520832	0.195256	0.724366	0.100929	1.249028	0.957565	1.698830
M	-2.301170	-1.523562	-0.108524	-4.108524	-0.649093	-1.250543	-2.301170	-4.108524	-2.938599	-0.649093	-4.108524	-4.108524
N	-1.021062	-2.938599	-1.523562	-0.649093	-1.021062	0.100929	0.100929	-0.493815	0.195256	0.100929	-0.823122	-4.108524
P	-1.860597	-1.523562	0.845672	1.962938	1.158262	1.204358	1.334419	0.195256	0.724366	-0.108524	-1.860597	-4.108524
Q	-1.021062	-0.353637	-0.823122	-0.493815	-0.649093	-0.823122	-0.108524	-0.225881	-1.021062	0.957565	0.195256	-4.108524
R	1.761840	-1.250543	-1.523562	-0.493815	-1.860597	-0.108524	-1.250543	-1.021062	-0.353637	0.100929	0.446064	-4.108524
S	0.724366	-1.523562	0.591915	0.446064	0.100929	0.902703	0.283793	0.591915	0.957565	-0.000000	1.010417	-4.108524
T	0.367209	-1.860597	-1.523562	0.520832	0.845672	0.520832	0.367209	0.591915	0.902703	0.283793	1.453718	-4.108524
V	1.491388	-1.021062	-0.225881	-0.649093	-0.493815	-0.823122	-0.353637	0.195256	0.100929	0.659660	0.724366	-4.108524
W	-4.108524	-0.823122	-2.301170	-2.301170	-1.523562	-1.860597	-4.108524	-2.938599	-4.108524	-1.860597	-4.108524	-0.353637
Y	0.786293	3.330267	-0.000000	-1.250543	1.632943	-1.523562	-1.523562	-1.250543	-0.649093	0.100929	0.367209	-0.649093
