A	0.229482	-1.050626	-1.050626	-0.273018	0.601451	-0.273018	0.229482	-0.273018	0.229482	-0.273018	-1.688056	0.229482	-2.857981
C	-2.857981	-2.857981	-2.857981	-2.857981	-2.857981	-2.857981	-2.857981	-2.857981	-2.857981	-2.857981	-2.857981	-2.857981	-2.857981
D	-2.857981	-1.050626	-0.000000	1.024662	0.229482	0.427421	0.756729	0.601451	-1.050626	-1.050626	-0.273018	-2.857981	-2.857981
E	-1.688056	-1.050626	-0.610053	-0.273018	0.427421	-0.273018	0.229482	-0.273018	0.601451	-0.000000	-0.000000	0.427421	-2.857981
F	-1.050626	1.250543	0.427421	-2.857981	-0.000000	0.601451	-0.610053	-0.273018	-1.688056	-1.050626	-0.610053	0.427421	3.708073
G	-1.050626	-2.857981	-0.000000	1.142019	0.427421	1.250543	0.756729	-0.273018	0.756729	1.024662	0.427421	-0.273018	-2.857981
H	-0.610053	-1.050626	-1.050626	-1.688056	-1.688056	-1.688056	-0.273018	-0.610053	0.756729	-0.273018	0.601451	-0.000000	-2.857981
I	0.427421	-1.688056	1.250543	-1.688056	-1.050626	-0.610053	0.896907	-0.273018	-1.688056	-0.000000	0.601451	-1.688056	-2.857981
K	0.601451	-2.857981	-1.050626	-0.273018	0.756729	0.427421	0.756729	0.601451	1.534336	0.601451	-1.688056	0.427421	-2.857981
L	-1.050626	-0.610053	1.617752	-1.050626	0.427421	0.427421	0.427421	-0.000000	-1.688056	1.024662	1.771376	1.534336	1.250543
M	-1.688056	-1.688056	-1.050626	-2.857981	-1.050626	-2.857981	-1.050626	-0.610053	-1.050626	-1.688056	-0.610053	-2.857981	-2.857981
N	-0.000000	-2.857981	-0.610053	0.427421	-1.688056	0.229482	0.427421	-0.000000	-0.000000	-0.000000	-1.688056	-0.273018	-2.857981
P	-0.273018	-1.050626	-0.000000	1.842459	1.250543	-0.000000	0.756729	-0.000000	0.601451	1.024662	-0.610053	-2.857981	-2.857981
Q	-1.050626	-2.857981	-0.610053	-0.000000	-0.000000	-1.688056	-0.000000	1.024662	-1.688056	-0.610053	-0.610053	-0.000000	-2.857981
R	1.142019	-2.857981	-0.273018	-0.610053	-0.610053	-0.000000	-1.050626	-0.610053	-0.273018	-0.610053	0.229482	-0.000000	-2.857981
S	0.896907	-0.273018	-0.000000	-0.000000	0.896907	1.250543	-0.273018	1.351472	1.351472	0.229482	0.229482	1.024662	-2.857981
T	1.024662	-2.857981	-0.000000	0.756729	-0.273018	-1.688056	-1.050626	0.756729	-0.273018	1.024662	0.756729	1.142019	-2.857981
V	1.696608	-2.857981	0.756729	0.601451	0.229482	-1.688056	-0.273018	-0.610053	0.229482	0.229482	-0.273018	0.601451	-2.857981
W	-2.857981	0.000000	-1.050626	-1.688056	-1.688056	-2.857981	-1.688056	-1.050626	-1.050626	-2.857981	-0.610053	-2.857981	1.024662
Y	0.229482	3.459432	0.229482	-0.610053	-0.610053	1.351472	-1.688056	-1.688056	-1.688056	-1.050626	0.229482	-1.050626	-1.688056
