A	-0.456229	-1.604328	-0.006426	-0.177157	0.410220	0.056584	-0.251539	-5.813781
C	-4.643856	-5.813781	-4.006426	-4.006426	-3.565854	-4.643856	-3.228819	-5.813781
D	-2.955800	-2.528379	1.233343	-0.072314	-1.510000	-1.259192	-1.813781	-5.813781
E	-2.528379	-2.354350	-0.251539	-0.251539	-1.931138	0.116956	0.771181	-5.813781
F	0.752273	0.771181	-0.213868	-1.259192	0.230613	0.733113	-0.643856	3.221705
G	-3.228819	-1.604328	1.539366	-0.412902	0.980635	-1.705257	-1.813781	-5.813781
H	-1.604328	-1.510000	-0.500898	-0.213868	0.694013	1.460014	0.694013	-5.813781
I	0.410220	-0.370838	-0.141356	0.434146	0.674059	-0.329965	-0.802554	1.044200
K	0.257681	-1.705257	0.457682	0.980635	-0.329965	-0.456229	0.771181	-5.813781
L	0.257681	0.410220	0.284251	-0.038994	0.087086	0.146221	1.134586	2.672048
M	-1.421464	-2.528379	-1.184425	-2.528379	-2.726318	-1.931138	-2.726318	-1.813781
N	-1.510000	-1.705257	-0.251539	0.612484	-1.113341	-0.106422	-0.412902	-5.813781
P	-2.528379	0.914139	0.980635	1.219642	0.771181	0.434146	-2.354350	-5.813781
Q	-2.528379	-0.006426	-0.006426	-0.412902	-0.980891	0.694013	0.361144	-5.813781
R	-0.177157	-4.643856	-1.604328	0.174903	-0.251539	-0.006426	0.457682	-5.813781
S	-0.106422	-1.113341	0.025423	0.087086	0.257681	0.361144	0.674059	-5.813781
T	-0.290219	-1.705257	0.230613	0.591360	0.410220	-0.290219	1.325770	-5.813781
V	1.012767	-1.421464	-0.747692	0.996790	1.604071	0.526069	0.457682	-1.113341
W	-2.726318	-1.338048	-3.565854	-2.955800	-2.726318	-1.604328	-4.643856	-0.500898
Y	2.851555	3.255669	-1.604328	-1.604328	-1.421464	0.056584	-0.370838	-0.859585
