A	0.428267	-0.841383	0.643795	-0.063534	0.104169	0.107181	0.161808	0.101150	-6.834431
C	-4.596271	-8.312478	-3.426346	-5.053744	-3.714691	-3.572938	-3.652227	-3.358282	-10.119833
D	-1.732893	-5.565244	0.396606	1.093727	-0.432020	-1.536750	-0.931244	-2.356620	-10.119833
E	-0.543348	-1.359945	-1.599214	1.397960	0.092056	-0.965648	0.599556	0.603828	-10.119833
F	-0.118776	0.625001	0.145782	-1.441233	-0.236044	0.733282	-0.068624	-0.925076	3.163509
G	-1.599214	-3.309261	-0.724299	0.243481	0.099638	-0.292490	-2.214446	-1.136839	-10.119833
H	-0.795652	0.450972	-0.792842	-0.798468	-0.090891	-0.068624	0.896279	0.131058	-7.534870
I	0.468648	-1.187618	0.744934	-0.984765	0.604894	0.856552	-0.367870	-1.445640	1.048213
K	1.364990	-6.011308	0.287966	0.556124	0.877876	-0.494581	-0.824064	0.952635	-6.505123
L	0.114685	1.138586	1.225711	-0.035024	0.730354	1.134162	0.897150	1.026099	2.648352
M	-1.458945	-0.751326	-0.478684	-2.993128	-1.941168	-1.609069	-1.749145	-1.787796	-1.441233
N	-0.737749	-5.286943	-0.066925	-0.263018	-0.176219	-0.718953	0.053532	-0.306452	-10.119833
P	-1.947405	-1.419393	0.928995	1.652172	-0.000567	0.555022	0.314274	-3.100242	-10.119833
Q	-0.517598	1.289426	-0.025095	-0.072027	-0.270819	-0.226531	0.793431	0.474492	-10.119833
R	1.338317	-1.084346	-1.380896	-0.449619	0.176223	-0.697768	-0.467436	0.518151	-5.727515
S	0.823048	-1.259522	0.483794	0.579089	0.323370	0.454524	0.480312	1.140793	-10.119833
T	0.265221	-0.618493	-0.196505	-0.215198	0.092056	0.662346	0.250310	1.349173	-8.312478
V	0.984930	0.013952	0.059765	-0.555207	0.884036	1.095245	0.573654	0.246216	-1.376681
W	-4.676889	-2.199480	-2.640052	-3.341756	-1.844872	-2.495951	-1.536750	-4.636017	0.251672
Y	0.397837	2.839128	-0.401728	-2.031045	-0.689903	-0.531587	0.107181	-0.548080	-0.506043
