A	0.958180	2.425306	0.455679	0.118644	-0.959358	0.455679	0.118644	-0.321928	-0.321928	-2.129283
C	-2.129283	-2.129283	-2.129283	-2.129283	-2.129283	-2.129283	-2.129283	-2.129283	-2.129283	-2.129283
D	-2.129283	-2.129283	-0.959358	2.638901	-0.959358	-2.129283	-2.129283	-2.129283	-0.959358	-2.129283
E	-2.129283	-2.129283	-2.129283	-0.321928	-0.321928	-0.959358	-2.129283	0.118644	-0.959358	-2.129283
F	1.625604	-0.321928	1.870717	-2.129283	0.118644	-0.959358	-0.959358	-2.129283	-2.129283	1.979241
G	-2.129283	-2.129283	-2.129283	0.455679	2.346450	1.156119	0.728698	0.118644	-0.959358	-2.129283
H	-2.129283	-2.129283	-2.129283	-2.129283	-0.321928	0.118644	-0.321928	0.118644	0.118644	-0.321928
I	0.118644	-0.959358	0.728698	-0.959358	-0.321928	0.728698	1.156119	0.118644	-2.129283	-2.129283
K	0.958180	-2.129283	-0.321928	-0.959358	0.118644	-0.959358	-2.129283	-0.959358	1.156119	-0.959358
L	-0.959358	-0.321928	-0.959358	-2.129283	-0.321928	-0.959358	1.485427	0.728698	0.728698	0.958180
M	-2.129283	-0.959358	-0.321928	-2.129283	-2.129283	-2.129283	-2.129283	-0.959358	-2.129283	-0.321928
N	-2.129283	-2.129283	-0.959358	-0.959358	-2.129283	-0.959358	0.118644	-0.959358	-0.959358	-2.129283
P	-2.129283	-0.321928	-0.959358	2.080170	2.080170	1.330149	1.156119	0.118644	0.118644	-2.129283
Q	-0.959358	0.118644	-2.129283	-0.321928	-2.129283	-0.959358	-0.321928	1.156119	0.118644	-2.129283
R	1.156119	-2.129283	-0.959358	-2.129283	-0.959358	0.118644	-0.959358	-0.959358	0.118644	-2.129283
S	0.118644	1.330149	0.455679	-0.321928	-2.129283	1.330149	0.728698	0.728698	1.330149	-2.129283
T	-2.129283	0.728698	-2.129283	-0.321928	-0.959358	0.728698	0.728698	1.330149	0.958180	-2.129283
V	0.118644	1.156119	0.455679	-2.129283	-0.959358	0.728698	0.118644	1.156119	0.455679	0.958180
W	-2.129283	-2.129283	-0.321928	-2.129283	-0.321928	-2.129283	-2.129283	-2.129283	-2.129283	-2.129283
Y	2.080170	0.728698	2.080170	-0.959358	-0.321928	-2.129283	-0.959358	-0.959358	0.958180	2.824913
