A	-0.289507	2.750022	-1.459432	-1.459432	-0.289507	-0.289507	-0.289507	-1.459432	-1.459432	0.788496	-1.459432
C	-1.459432	-1.459432	-1.459432	-1.459432	-1.459432	-1.459432	-1.459432	-1.459432	-1.459432	-1.459432	-1.459432
D	-1.459432	-1.459432	-1.459432	2.750022	-1.459432	1.628031	1.125531	-0.289507	-1.459432	-1.459432	-1.459432
E	-1.459432	-1.459432	-1.459432	0.347923	-1.459432	0.788496	-0.289507	-1.459432	-1.459432	0.347923	-1.459432
F	0.347923	-1.459432	-0.289507	-1.459432	-1.459432	-1.459432	-0.289507	-0.289507	-1.459432	-0.289507	2.155278
G	-1.459432	-1.459432	-1.459432	-0.289507	1.398549	0.347923	0.347923	0.347923	-1.459432	-1.459432	-1.459432
H	-0.289507	-1.459432	-1.459432	-1.459432	0.347923	-1.459432	1.125531	-0.289507	-0.289507	-0.289507	-1.459432
I	-1.459432	-1.459432	2.000000	-1.459432	-1.459432	-1.459432	-1.459432	1.125531	1.628031	-1.459432	-1.459432
K	-1.459432	-1.459432	-0.289507	-1.459432	-1.459432	1.125531	-0.289507	-0.289507	0.347923	-1.459432	-1.459432
L	-1.459432	-1.459432	-1.459432	-1.459432	-1.459432	0.788496	0.788496	2.000000	1.398549	0.347923	1.825971
M	-1.459432	-1.459432	-0.289507	-1.459432	-1.459432	-1.459432	-1.459432	-1.459432	-1.459432	-0.289507	-1.459432
N	-1.459432	-1.459432	-1.459432	0.788496	-0.289507	-0.289507	-1.459432	-1.459432	-1.459432	-1.459432	-1.459432
P	-1.459432	-0.289507	-1.459432	0.347923	3.016302	0.788496	-0.289507	-1.459432	-1.459432	-0.289507	-1.459432
Q	-1.459432	-1.459432	-1.459432	-0.289507	-1.459432	-1.459432	-0.289507	-1.459432	1.125531	-0.289507	-1.459432
R	0.347923	-1.459432	-1.459432	-1.459432	-1.459432	0.347923	-0.289507	-0.289507	-1.459432	0.347923	-1.459432
S	2.000000	0.788496	-0.289507	0.788496	-1.459432	-0.289507	0.347923	0.347923	1.398549	0.788496	-1.459432
T	0.347923	0.788496	-1.459432	0.347923	-0.289507	0.347923	0.347923	-0.289507	1.125531	1.398549	-1.459432
V	1.125531	1.125531	1.398549	-1.459432	-1.459432	-1.459432	0.347923	-0.289507	-0.289507	-1.459432	-1.459432
W	-1.459432	-1.459432	-1.459432	-1.459432	-1.459432	-1.459432	-0.289507	-0.289507	-1.459432	-1.459432	-1.459432
Y	2.000000	0.788496	2.423211	-1.459432	-0.289507	-1.459432	-0.289507	1.125531	-1.459432	1.628031	2.540568
