A	-0.941897	3.127588	-0.604862	0.692818	0.918700	-0.102362	-1.382470	-3.189825
C	-3.189825	-3.189825	-3.189825	-3.189825	-3.189825	-3.189825	-3.189825	-3.189825
D	-0.941897	-3.189825	-3.189825	-0.941897	-3.189825	-2.019900	-2.019900	-3.189825
E	-3.189825	-3.189825	-3.189825	-0.331844	-3.189825	-3.189825	0.692818	-3.189825
F	0.918700	-3.189825	0.565063	-2.019900	0.269607	-3.189825	-2.019900	-0.941897
G	-3.189825	-1.382470	-3.189825	-1.382470	0.424885	-3.189825	-2.019900	-3.189825
H	1.113956	-3.189825	-0.102362	-1.382470	-0.102362	-1.382470	-0.331844	-3.189825
I	0.810175	-3.189825	0.269607	0.810175	1.113956	-1.382470	-2.019900	2.482601
K	-3.189825	-3.189825	-1.382470	1.019629	-2.019900	0.424885	1.704993	-3.189825
L	-1.382470	-3.189825	-0.604862	0.565063	0.565063	1.578360	0.269607	1.929117
M	-0.331844	-1.382470	-0.941897	-3.189825	-0.604862	-0.604862	-2.019900	-0.941897
N	-0.331844	-3.189825	-1.382470	-3.189825	-3.189825	-0.604862	-0.941897	-3.189825
P	-3.189825	-2.019900	2.029344	1.764372	0.565063	1.764372	-3.189825	-3.189825
Q	-0.604862	1.821403	-3.189825	0.269607	-0.941897	0.810175	1.019629	-3.189825
R	-2.019900	-3.189825	-1.382470	-0.331844	-2.019900	1.510615	0.565063	-3.189825
S	1.202493	2.123058	-2.019900	0.692818	-0.604862	0.810175	0.918700	-3.189825
T	0.095578	-0.941897	-0.331844	0.692818	0.424885	-0.102362	1.439532	-3.189825
V	1.821403	-3.189825	-0.941897	0.565063	2.333737	0.095578	0.918700	2.854570
W	-3.189825	-3.189825	-2.019900	-3.189825	-3.189825	-3.189825	-3.189825	-3.189825
Y	1.439532	-0.941897	2.798860	-2.019900	-2.019900	-3.189825	-0.604862	-0.331844
