A	0.893476	2.508766	1.162336	-0.270987	-0.044394	0.506621	-0.065517	0.205298	-3.383196
C	-5.300734	-5.300734	-5.300734	-6.470659	-5.300734	-5.300734	-4.222731	-6.470659	-5.300734
D	0.355890	-6.470659	-2.166878	1.591387	-1.404570	-2.588016	-2.470659	-3.383196	-6.470659
E	-1.516463	-5.300734	-3.885696	1.442230	-0.908416	-1.404570	-0.399197	1.068500	-6.470659
F	1.009121	-0.086955	1.009121	-2.588016	0.477708	0.056818	-1.702475	-0.986843	1.180393
G	-1.994925	-2.078341	-2.362134	0.548932	0.630003	0.506621	-2.470659	-1.841302	-6.470659
H	-0.130809	-6.470659	-0.222731	-1.157776	0.056818	-1.069779	-0.153246	-0.346538	-0.600294
I	0.169586	-0.108715	0.791436	-1.516463	0.719166	1.388876	0.448204	-1.351718	1.577828
K	0.743660	-6.470659	0.448204	-0.295733	0.520863	-1.203872	-0.729192	0.307418	-0.108715
L	-0.086955	-0.176038	-0.372627	-0.631455	-0.130809	0.643083	1.815899	-0.065517	1.449694
M	-1.770219	-0.986843	-1.516463	-2.855949	-2.362134	-2.261206	-1.251490	-2.362134	-0.270987
N	-0.600294	-4.663304	0.240148	-0.246657	-0.222731	-1.300734	0.076236	-0.729192	-6.470659
P	-6.470659	0.791436	0.095395	2.242728	0.998983	0.904381	0.205298	-2.588016	-6.470659
Q	-1.404570	1.233245	-1.251490	-0.270987	-0.453851	0.114304	0.240148	0.339913	-6.470659
R	0.433223	-6.470659	-0.065517	-1.575841	-0.003053	-1.157776	0.290892	-0.270987	-2.166878
S	0.603483	0.433223	0.323757	0.477708	0.222828	0.576465	0.915204	1.381090	-6.470659
T	-0.044394	0.882488	-1.637769	-0.372627	0.169586	1.039116	0.957701	1.883591	-6.470659
V	1.258962	0.925946	-0.320912	-1.459432	1.029187	1.333472	0.925946	1.048977	2.289229
W	-5.300734	-4.663304	-3.185257	-4.222731	-2.715771	-5.300734	-3.885696	-5.300734	-6.470659
Y	0.978490	0.548932	2.020192	-3.612678	-0.222731	-1.516463	-1.516463	0.056818	2.093491
