A	-4.446475 0.536642 1.730210 0.023429 0.550256 1.533773 1.787483 1.067501 1.877886
C	-4.470908 -4.470908 -4.470908 -4.470908 -4.470908 -4.470908 -4.470908 -4.470908 -4.470908
D	-4.465492 -4.382843 -4.469469 2.996844 -4.470671 2.626061 -4.470204 -4.470870 -4.447696
E	-4.470012 0.004839 -1.018510 0.524559 0.484113 -0.967414 -4.470786 0.889755 -4.456475
F	2.593808 -4.468280 0.197780 -4.470902 -4.470908 -4.470850 -1.000537 -4.470319 -4.465690
G	-4.449032 -0.029205 -4.426446 -4.366365 -1.027369 -1.004242 -4.468964 -0.077242 1.912895
H	-4.470908 0.509072 -4.470902 -4.469853 -1.013882 -4.470844 -0.882236 -1.012542 -4.469220
I	0.901854 0.478433 1.217578 0.921610 0.944950 -4.464848 -1.005041 -4.470774 0.027661
K	-4.470876 -0.078786 -4.470902 -4.464836 -0.079926 -4.470902 -4.470882 0.569365 0.482175
L	-0.085246 -0.079438 -1.013101 0.883180 -4.012147 -4.469431 1.272429 0.530898 -0.800083
M	-4.470908 -4.470908 -1.011541 -4.470844 -4.470153 -4.461920 -4.470908 -4.470908 -4.470908
N	-4.470799 0.502335 -3.944664 -0.044482 -4.470498 1.198570 1.716798 0.509134 0.475382
P	-4.465498 -4.469916 0.530706 -4.470812 -0.079115 0.519171 1.872451 1.261639 -4.469526
Q	-4.470614 1.265389 -1.011379 0.570778 -4.470313 -4.470825 -4.470902 1.715428 -0.085573
R	-4.468191 1.031339 -4.470844 -4.470902 -1.009280 -4.470652 -1.019129 0.515910 -4.463606
S	-4.470498 -0.076524 1.686693 -0.024537 0.754744 1.486405 0.491724 -0.084811 2.410086
T	0.508467 -4.461761 -0.076892 -0.055849 2.893552 1.510577 -0.052009 -4.470857 -0.040702
V	1.343317 2.080289 1.929003 -0.045053 0.479369 -4.465301 0.556662 0.880236 -1.011856
W	-4.470799 -4.470511 -4.470908 -4.470908 -4.470908 -4.470908 -4.470908 -4.470908 -4.470908
Y	2.713445 -1.011832 0.512640 -4.470902 -0.079630 -4.470908 -0.078274 -4.470223 -4.470902
