A	0.846568 1.415997 1.448626 2.207674 1.350746 2.543184 1.859699 1.460292 2.211660
C	-9.671051 -9.767859 -3.967796 -2.477115 -9.502896 -3.351384 -8.243738 -9.738280 -3.139861
D	-1.656644 -0.953763 -0.947139 -1.343696 -0.639112 -1.120219 -0.226655 -0.494040 -0.960373
E	-0.079996 0.562777 -1.372102 -1.254599 0.795017 -2.003941 1.258362 0.501897 -0.157399
F	0.571413 -1.467581 -1.438276 -1.472329 -1.946027 -4.781917 -1.432766 -1.967420 -3.370675
G	-2.165583 0.160595 -0.004401 0.560435 -0.110209 -2.861655 -0.575129 -0.024690 0.836160
H	-2.928497 0.177739 -2.513003 -5.051229 -1.243270 -9.396404 -0.423778 -0.701647 -3.377711
I	1.986455 -0.826202 -2.746844 1.007353 -0.145845 0.348321 -0.548843 -0.248019 0.528983
K	-9.075619 0.597864 -4.106784 -9.431157 0.957102 -8.494701 -0.876991 0.338195 -4.044262
L	0.484084 -0.961755 -1.806862 0.422530 0.129658 -0.881141 -0.044890 0.435599 -0.225127
M	-1.797293 -2.353480 -3.257260 -1.591658 -2.556886 -3.831728 -2.239171 -2.446010 -2.327790
N	-2.771006 -0.057515 -1.953305 -1.879192 -0.640231 -2.478784 0.431129 -0.166040 -0.369270
P	1.154415 -4.058610 -1.146959 -8.780590 -0.558636 1.522859 -0.311503 1.339651 -1.107698
Q	-1.326617 -0.086397 -1.862308 -1.661164 -0.046787 -9.488901 0.826342 -1.258515 -0.520236
R	-3.532604 0.653295 -1.555995 -9.375630 -0.062258 -8.574544 -0.149508 0.789601 -4.649689
S	-0.817526 1.139469 2.588147 1.393317 0.788034 1.061831 0.774771 0.657953 1.965234
T	-0.025726 1.072449 2.571085 1.264837 0.883250 1.054696 -0.664366 0.008997 0.248435
V	1.750958 0.403737 -1.137127 1.673674 1.037017 2.026418 0.513048 0.210706 1.076409
W	-1.321784 -3.708000 -4.451952 -5.615471 -4.827855 -8.796706 -3.105003 -4.808522 -6.207153
Y	0.348282 -0.516656 -1.388544 -7.225228 -1.156756 -9.417890 -2.250399 -1.839276 -3.092921
