A	-3.669088 0.948700 1.146342 0.233363 0.509118 2.771066 2.315966 0.837396 -0.729287
C	-10.264191 -4.666159 -4.188707 -4.840092 -5.503091 -2.348724 -2.580172 -4.937816 -4.653054
D	-5.832597 0.116655 -0.109325 -1.355180 -0.081110 -3.562680 -3.521787 -0.529972 2.722698
E	-2.704932 1.606888 -0.078789 1.316667 0.789050 -2.056203 0.857707 1.474441 3.168308
F	-0.863152 -0.808079 0.343913 -2.547657 -1.625534 -1.114654 -2.213678 -1.515249 -4.992779
G	-9.865183 -1.336712 0.891103 -2.078405 -1.689976 0.026573 -0.390351 -0.778086 -2.682577
H	-2.622360 -1.764778 -0.839137 -2.700370 -2.221596 -4.613718 -2.856497 -1.801249 -1.308251
I	-0.862119 0.456167 -0.054147 1.484757 0.624268 -0.162635 -0.004908 -0.531131 -3.469341
K	3.234090 0.106477 -1.258453 -1.947562 0.719050 -7.798349 -1.258612 0.944214 -3.389710
L	-0.802774 0.967399 0.654835 2.420827 1.771641 -0.074897 2.057672 0.910567 -2.068181
M	-4.226482 -1.747730 -1.754694 -2.101524 -1.665423 -2.243264 -0.644821 -1.715363 -4.063991
N	-6.164038 -1.218954 -0.912086 -1.947061 -1.241189 -3.342002 -1.008700 -0.933199 -0.197216
P	-5.816922 -3.219192 -0.666535 -1.036301 0.497930 1.982452 -0.085227 0.173483 -4.475047
Q	-2.348978 0.375537 -0.207741 -0.835502 0.347314 -2.658090 -0.623145 0.482743 -1.861594
R	2.933822 0.329512 -2.119692 -3.573295 -0.217135 -10.054849 -2.953365 0.647276 -4.544568
S	-4.917792 -0.050927 0.850991 -0.142197 -0.135260 0.998980 -0.046712 0.558661 -0.220564
T	-4.563417 -0.113801 -0.265671 0.756610 0.075004 -0.281018 -1.459005 0.005604 -2.383681
V	-2.129242 0.957288 0.997787 1.327848 0.858707 0.964764 0.875514 0.175079 -1.490027
W	-6.254144 -2.049547 -0.901748 -3.789609 -4.703253 -6.525680 -5.890642 -3.210237 -10.202193
Y	-1.921620 -0.369870 0.582963 -2.935135 -1.588444 -3.663224 -2.191432 -1.474324 -4.344324
