A	-3.597833 0.585566 1.388608 0.317313 0.298839 0.724076 1.055432 0.284770 0.923227
C	-9.042844 -4.118258 -2.847805 -4.089709 -4.002343 -9.039047 -1.754178 -3.637511 -1.359024
D	-5.713193 -0.802920 -0.628773 1.044198 0.530404 -1.628029 -0.635616 -0.241560 0.609405
E	-5.106729 0.187352 -1.110935 2.503395 0.594327 -3.054246 1.599689 1.075943 -0.132875
F	2.671452 -0.882230 -0.597160 -1.109645 -1.707557 3.108461 -3.984776 -2.288628 -1.647910
G	-4.370155 -1.412885 0.853039 -0.756029 -1.159544 -2.264915 -0.427231 -0.759835 -1.174055
H	-4.160074 -0.322556 -0.703464 -1.724707 -0.383804 -2.979508 -0.807089 -0.798386 -2.778260
I	1.677973 0.776567 -0.130129 -0.195163 -1.539008 -0.911962 -0.564990 -0.856675 0.905520
K	-5.465365 0.808924 -1.562875 -2.434378 1.536302 -2.666239 -0.451859 1.272728 -6.282265
L	2.041586 0.855408 -0.635629 0.261629 0.531299 0.394494 2.354486 0.353644 1.490324
M	-0.128913 -2.316040 -1.040354 -1.814331 -2.667669 -1.893357 -2.094852 -2.331200 -1.120715
N	-5.034035 -0.490412 -0.745222 -1.099365 0.158549 -0.595249 0.497949 0.072353 -0.080228
P	-5.756509 -8.899702 -0.516557 -2.825922 0.814678 -2.021840 -2.105753 0.652651 -2.244289
Q	-5.072480 0.355070 -0.724287 -0.331776 -0.077845 -3.164835 0.258319 0.399057 -1.744922
R	-3.792917 1.024291 -1.784851 -3.507192 0.345019 -5.956994 -0.814210 1.096910 -4.439140
S	-5.616603 0.156868 1.540900 0.817826 0.460055 0.031313 -0.458917 0.311747 0.854774
T	-5.174106 0.194349 -0.027904 1.164799 0.645602 -0.007522 -1.753157 0.133293 0.757503
V	-0.007301 1.212520 1.111152 0.458588 -0.324061 -0.630099 0.341257 0.217293 1.920316
W	-0.700315 -2.510408 -1.374950 -2.860605 -5.323649 -0.936282 -4.805405 -4.559935 -4.647858
Y	1.735158 -0.399319 1.030068 -4.152624 -0.917641 1.292181 -3.626679 -1.697462 -1.368603
