A	0.440768	1.668504	1.607219	0.118449	0.335533	0.524184	0.128178	0.301546	0.352231	-5.603626
C	-7.410981	-4.323518	-3.796271	-5.603626	-5.603626	-4.553000	-5.163054	-5.603626	-4.125579	-7.410981
D	-4.826019	-3.410981	1.417949	1.802123	0.863979	-0.553000	-1.049037	-1.603626	-2.516164	-7.410981
E	-1.738556	-0.233562	-0.522238	1.049475	0.501908	-0.522238	-0.683061	0.352231	0.822638	-7.410981
F	1.799081	-2.344892	0.997348	-0.984717	-0.649430	-0.844927	-0.221157	-1.027277	-0.419459	2.826527
G	-1.312949	-2.144195	-1.774357	0.501908	1.437642	1.104719	1.018425	-0.462614	-0.553000	-7.410981
H	-0.391391	-2.781625	-1.927165	-1.163054	-0.310319	-0.297239	-0.735024	0.185208	-0.363857	-4.553000
I	-0.377558	0.147439	0.637506	-0.864087	-0.984717	0.275519	0.417155	-0.137186	-1.312949	-3.656094
K	1.018425	-3.656094	-0.507099	0.118449	-0.448085	-0.025119	-0.172577	-0.735024	0.509372	-5.603626
L	0.027811	0.943268	0.006871	-0.963898	-0.391391	0.343906	1.119425	1.153168	0.456297	1.820240
M	-1.603626	-1.636194	-1.339519	-3.018664	-3.951550	-2.292040	-2.053429	-1.116361	-2.144195	-0.035942
N	-2.456785	-3.656094	-0.717494	-0.323518	-0.125579	-0.160683	-0.046847	-0.114065	-0.752770	-6.241056
P	-6.241056	-0.584433	-0.943376	1.814226	1.876154	1.480043	0.915448	-0.507099	-2.344892	-7.410981
Q	-2.010102	0.058661	-0.883504	-0.735024	-0.600410	-0.221157	-0.068907	0.651065	0.456297	-7.410981
R	1.209239	0.266738	-1.049037	-0.864087	-1.071131	-0.616565	0.017379	-0.125579	0.516797	-7.410981
S	0.798472	1.319489	0.393150	0.486864	0.494406	0.616925	0.432940	0.904168	1.385870	-6.241056
T	-0.057834	1.510116	-0.700175	-0.492118	-0.323518	0.327111	0.464000	1.002647	1.306695	-7.410981
V	0.284247	1.688367	0.630678	-1.163054	-0.125579	0.677807	0.538845	0.975959	0.231070	-1.636194
W	-4.323518	-5.603626	-2.856392	-3.951550	-3.018664	-3.107201	-2.781625	-2.710542	-4.826019	-1.540617
Y	1.480043	-2.010102	0.616925	-0.717494	-1.774357	-1.968038	-0.984717	-1.049037	0.266738	2.906431
