A	0.513042	2.221299	0.867844	0.825284	0.616505	0.280783	0.616505	0.342446	0.078204	0.311944	-5.558421
C	-5.558421	-4.388496	-5.558421	-5.558421	-3.751066	-5.558421	-4.388496	-5.558421	-5.558421	-3.751066	-5.558421
D	-5.558421	-4.388496	1.186413	2.136808	-0.034859	1.345461	0.078204	-0.547193	-1.348967	-1.943711	-5.558421
E	-3.310493	-0.929064	0.248934	0.781429	-0.200869	0.616505	-0.200869	-1.082687	-0.388496	0.641252	-5.558421
F	1.980738	-3.751066	1.433101	-2.700440	-0.663603	-1.449896	-0.790236	-1.166103	-1.166103	-0.929064	2.876208
G	-1.166103	-2.973458	-1.558421	0.846721	1.045206	1.345461	1.026542	1.375270	-0.115477	-0.725531	-5.558421
H	-0.857981	-4.388496	-1.675778	-1.943711	0.078204	-1.449896	-0.291634	-0.245538	-0.339252	-0.725531	-4.388496
I	-0.439480	-0.034859	0.803523	-1.803533	-0.245538	-0.245538	-0.492332	0.430264	-0.245538	-1.348967	-5.558421
K	1.117536	-4.388496	-0.157541	-0.790236	-0.074605	-0.157541	-0.200869	-0.034859	-0.604224	0.513042	-5.558421
L	0.041492	0.041492	0.311944	-1.449896	-0.200869	-0.115477	0.758992	0.781429	1.931427	0.949374	1.252151
M	-2.273018	-2.470958	-1.166103	-2.973458	-2.973458	-2.470958	-1.943711	-1.254640	-0.604224	-1.943711	0.078204
N	-3.751066	-3.310493	-0.929064	-0.663603	-0.388496	-0.725531	-0.547193	-0.200869	-0.245538	-0.857981	-5.558421
P	-5.558421	-0.929064	-1.254640	1.488703	1.869939	1.235995	0.803523	0.591326	-0.547193	-2.098989	-5.558421
Q	-2.700440	0.216366	-1.003832	-0.388496	-0.291634	-0.492332	0.003822	-0.492332	1.045206	0.485973	-5.558421
R	1.152386	-1.003832	-0.857981	-1.449896	-0.857981	-1.254640	-0.604224	0.148938	-0.790236	0.458388	-3.751066
S	1.063631	1.618999	0.078204	1.186413	0.781429	0.825284	1.252151	0.758992	1.081824	1.345461	-5.558421
T	-0.604224	1.869939	-1.675778	-0.547193	-0.439480	0.513042	0.430264	0.401581	0.689507	1.081824	-5.558421
V	-0.074605	1.643703	0.342446	-0.604224	0.183046	0.078204	0.342446	0.485973	0.616505	0.825284	-2.470958
W	-5.558421	-5.558421	-2.700440	-3.310493	-2.973458	-3.310493	-3.751066	-3.751066	-3.751066	-4.388496	-2.973458
Y	1.655898	-3.751066	1.152386	-2.098989	-1.003832	-2.973458	-1.449896	-0.929064	-2.973458	0.114005	3.093528
