A	0.942285	2.685127	0.787006	0.942285	1.631355	-0.087463	0.415037	0.612977	0.942285	0.185556	0.942285	-2.672425
C	-2.672425	-2.672425	-2.672425	-2.672425	-2.672425	-2.672425	-2.672425	-2.672425	-2.672425	-2.672425	-2.672425	-2.672425
D	-2.672425	-2.672425	1.436099	1.537028	-2.672425	0.185556	1.327575	0.185556	-0.865070	-2.672425	-2.672425	-2.672425
E	-2.672425	-2.672425	-0.865070	0.185556	-0.424498	-0.087463	-0.087463	0.787006	-0.087463	-0.424498	0.185556	-2.672425
F	2.222392	-1.502500	1.327575	-1.502500	-1.502500	0.185556	-2.672425	-0.865070	-0.087463	-2.672425	-0.424498	2.497500
G	-2.672425	-0.865070	-2.672425	2.028014	1.210218	1.210218	1.631355	1.631355	1.719892	0.787006	-0.865070	-2.672425
H	-1.502500	-2.672425	-0.865070	-1.502500	-0.424498	-1.502500	-0.087463	0.185556	0.185556	-0.865070	-1.502500	-2.672425
I	-0.865070	-0.865070	0.415037	-2.672425	-0.424498	-1.502500	-0.865070	-0.424498	0.185556	-0.865070	-0.865070	-2.672425
K	-0.087463	-2.672425	0.612977	-1.502500	-0.424498	0.415037	-0.865070	-0.865070	-2.672425	0.415037	0.185556	-2.672425
L	-0.865070	-0.865070	-0.424498	-0.865070	-0.087463	0.415037	-1.502500	-0.424498	-0.424498	0.612977	0.787006	-0.087463
M	-1.502500	-1.502500	-1.502500	-2.672425	-2.672425	-1.502500	-2.672425	-2.672425	-1.502500	0.185556	-2.672425	-0.424498
N	-2.672425	-2.672425	-0.424498	0.185556	-0.865070	-2.672425	-0.087463	0.185556	-0.865070	-0.087463	-2.672425	-2.672425
P	-2.672425	-2.672425	-2.672425	1.803308	1.210218	0.415037	1.327575	0.612977	0.612977	-1.502500	-2.672425	-2.672425
Q	-2.672425	-0.087463	-0.424498	-1.502500	0.415037	-0.087463	-0.087463	-0.424498	-0.087463	-0.424498	0.942285	-2.672425
R	0.415037	-2.672425	-1.502500	-0.424498	-0.865070	0.415037	-0.865070	-0.424498	-0.865070	-0.087463	-0.087463	-2.672425
S	1.210218	2.095759	-0.424498	-0.865070	0.612977	0.942285	1.210218	0.787006	1.082462	1.719892	1.803308	-2.672425
T	-2.672425	1.082462	-1.502500	-0.865070	0.415037	1.436099	-0.087463	0.185556	0.415037	0.612977	1.537028	-2.672425
V	-0.865070	1.210218	0.185556	-0.865070	0.787006	-0.424498	-0.424498	-0.424498	-0.424498	0.942285	-0.424498	-1.502500
W	-2.672425	-2.672425	-2.672425	-2.672425	-2.672425	-2.672425	-2.672425	-2.672425	-2.672425	-1.502500	-2.672425	-2.672425
Y	2.338802	-2.672425	1.719892	-1.502500	-1.502500	-1.502500	-2.672425	-0.865070	-0.424498	-0.424498	-0.087463	3.316259
