A	-0.060373	3.027090	1.102686	-0.760812	0.363883	-0.189270	-0.029871	-5.930737
C	-5.930737	-5.930737	-5.930737	-5.930737	-5.930737	-4.760812	-5.930737	-5.930737
D	-5.930737	-4.760812	2.062201	0.244188	-2.645335	-2.175850	-2.175850	-5.930737
E	-4.760812	-5.930737	-1.376148	0.474404	-1.626957	-0.330824	1.487115	-5.930737
F	2.466937	-2.645335	0.431206	-1.035920	-0.617854	-0.711569	-0.976541	2.472275
G	-3.345775	-2.843274	0.057947	-0.258312	0.557103	-1.822213	-1.301381	-5.930737
H	-0.223378	-5.930737	-0.407175	-0.060373	1.046543	0.780069	-0.258312	-5.930737
I	0.431206	0.140725	-0.189270	0.654225	0.691314	0.516346	-0.663951	-2.175850
K	-0.368495	-4.760812	1.319561	1.102686	0.431206	-0.155950	1.017630	-5.930737
L	0.086071	-0.189270	-0.711569	0.654225	-0.223378	1.295675	0.863679	3.076991
M	-1.538420	-2.645335	-1.930737	-3.072756	-2.175850	-1.230298	-1.930737	-0.029871
N	-3.345775	-4.760812	-0.029871	-0.155950	-0.760812	-0.446922	-0.864648	-5.930737
P	-5.930737	-4.123382	-0.123382	1.377602	1.422409	0.386675	-3.345775	-5.930737
Q	-3.682810	-0.330824	-1.822213	-0.760812	-0.976541	0.596740	0.386675	-5.930737
R	-0.919510	-4.123382	-0.258312	0.363883	0.452967	0.409113	-0.223378	-5.930737
S	0.516346	1.693144	0.057947	-0.368495	0.000000	0.691314	0.830814	-5.930737
T	-0.760812	1.400180	-1.301381	0.140725	0.474404	0.193384	1.017630	-5.930737
V	0.340726	1.246682	-1.376148	0.616157	1.088853	1.074887	0.863679	-1.301381
W	-4.760812	-5.930737	-3.682810	-4.123382	-3.345775	-2.645335	-4.760812	-4.760812
Y	2.296879	-3.682810	-0.060373	-1.822213	-2.175850	-1.538420	0.029265	2.055105
