A	0.659218	1.597489	1.005859	-0.084728	-0.010569	0.147542	0.212520	0.609999	-3.188590
C	-6.085321	-5.699043	-4.450605	-6.288854	-4.987474	-4.600798	-4.224724	-4.173377	-8.333249
D	-2.575025	-7.458779	1.116588	1.617672	-0.639471	-1.571697	-1.470095	-2.714863	-10.918211
E	-0.920679	-1.796030	-0.981941	1.766702	-0.056349	-0.723146	0.283913	1.070296	-8.670284
F	1.146363	-2.266262	0.609999	-1.921032	-0.130921	-0.202035	-0.539916	-0.679209	1.646236
G	-0.833403	-2.081372	-1.989693	0.737320	0.292308	-0.437926	-2.125421	-0.784427	-10.918211
H	-0.203107	-3.884788	-0.509085	-1.372764	0.116072	-0.733956	0.550158	-0.111661	-3.058676
I	-0.017156	0.792165	0.687268	-1.953148	0.617307	1.298459	0.149223	-1.616715	-0.026617
K	1.244810	-4.242254	0.138257	0.101380	0.733401	-0.835064	-0.424105	0.761159	-3.778660
L	0.062643	2.106279	0.594653	-0.848426	0.736761	1.341753	1.358204	0.466303	3.046085
M	-1.187316	-0.371317	-0.726227	-3.554076	-2.121360	-1.566168	-1.353585	-2.085321	0.085658
N	-0.942005	-4.314585	0.099641	-0.326221	-0.292730	-0.698740	-0.410416	-0.340310	-10.918211
P	-7.163324	-0.333249	-0.116705	1.634578	0.244338	0.621554	0.415503	-2.897231	-10.918211
Q	-0.985627	0.412006	-1.021122	-0.158739	-0.330902	-0.232367	0.581635	0.656264	-10.918211
R	0.870711	-0.139107	-0.782822	-1.013576	0.349015	-0.152511	-0.211715	0.374398	-3.656116
S	1.113146	0.415503	0.594653	0.723276	0.249834	0.218139	0.495681	1.306770	-9.110856
T	0.163439	0.732841	-0.574193	-0.463398	-0.000280	0.614875	0.525768	1.009567	-6.918211
V	0.377988	1.523566	0.304433	-1.424356	0.958690	1.451454	0.873766	0.277776	1.295425
W	-3.500359	-7.035568	-2.288854	-3.955315	-2.248440	-4.491946	-2.270753	-5.017344	-0.836728
Y	0.759509	-1.622442	0.351938	-2.499304	-0.632231	-1.223853	-0.549432	-0.199892	1.656619
