A	0.501095	0.178364	0.855431	-0.951924	-0.014856	0.237418	-0.134551	-0.134551	-0.061549	-6.309476
C	-6.309476	-5.139551	-5.139551	-6.309476	-6.309476	-6.309476	-5.139551	-3.724514	-4.502121	-6.309476
D	-6.309476	-5.139551	1.010196	2.687703	1.087128	-0.185355	-0.825661	-2.309476	-2.850045	-6.309476
E	-5.139551	0.517072	-2.100023	2.206223	1.076386	0.030374	-0.568009	0.366481	0.855431	-6.309476
F	2.119930	-2.850045	0.817228	-2.200952	-0.996593	-0.785914	-0.470273	-0.637051	0.158129	0.501095
G	-1.414659	-4.061549	-2.554589	0.007936	1.368243	0.764665	0.682045	-2.309476	-0.439112	-6.309476
H	-1.476586	-5.139551	-2.554589	-2.554589	-0.568009	-0.602117	-0.470273	0.484940	0.366481	-6.309476
I	-0.134551	1.108376	0.940822	-3.222014	-0.378739	0.517072	0.867943	0.435357	-2.005696	-0.408610
K	1.470243	-3.724514	-4.061549	-1.609037	-0.502121	0.348735	-0.320792	-1.090308	0.294150	-6.309476
L	-0.320792	3.166764	1.502701	-1.833743	-0.265082	0.418444	1.368243	1.305233	0.653420	3.806543
M	-1.833743	0.348735	0.178364	-5.139551	-3.024074	-1.754888	-1.298249	-0.672852	-2.694767	0.609387
N	-3.222014	-4.502121	-1.414659	-1.090308	-0.014856	-0.378739	0.007936	-0.470273	-0.785914	-6.309476
P	-6.309476	-2.005696	1.411623	1.792499	1.711504	1.725323	1.239346	0.737648	-2.554589	-6.309476
Q	-3.024074	-0.637051	-1.680120	-0.709564	-0.534689	-0.085475	-0.265082	0.548505	1.021441	-6.309476
R	0.696148	-6.309476	-3.451495	-2.694767	-1.541292	-1.090308	-0.568009	-1.042690	0.198318	-5.139551
S	0.751220	-1.190535	-0.265082	-0.320792	0.218001	0.095665	0.116788	0.137607	0.804266	-5.139551
T	-0.439112	-0.378739	-1.680120	-1.680120	-0.672852	0.452075	0.384011	0.696148	1.296003	-6.309476
V	0.052467	1.305233	0.418444	-3.024074	0.030374	0.468601	0.696148	1.286713	-0.349474	0.880348
W	-5.139551	-6.309476	-2.200952	-3.724514	-3.222014	-6.309476	-5.139551	-3.222014	-4.061549	-5.139551
Y	1.739011	-5.139551	0.791186	-1.917159	-1.476586	-1.680120	-2.005696	-0.408610	0.791186	-2.005696
