A	0.105573	0.788002	0.321302	-0.148183	0.270318	0.321302	-0.372890	0.105573	0.105573	0.464260	-4.848623
C	-4.848623	-4.848623	-4.848623	-4.848623	-4.848623	-3.678698	-4.848623	-4.848623	-4.848623	-4.848623	-4.848623
D	-4.848623	-3.678698	1.021742	2.651223	0.990581	0.926164	0.418164	-0.015733	-1.990642	-3.678698	-4.848623
E	-4.848623	-1.093735	-1.093735	2.142899	0.217466	1.082114	0.270318	0.046195	-0.294034	0.217466	-4.848623
F	2.341202	-4.848623	0.926164	-3.041268	-0.848623	-2.600695	-1.093735	-1.233913	-1.233913	0.105573	-0.740098
G	-1.761160	-2.600695	-2.600695	0.552256	0.370546	0.713619	0.958732	1.052244	-1.093735	-2.263660	-4.848623
H	-1.233913	-4.848623	-1.761160	-2.600695	-0.372890	-1.761160	-0.080439	-0.965980	0.162604	0.162604	-4.848623
I	-0.219266	1.111379	1.275498	-3.041268	-0.544842	0.046195	-0.544842	0.788002	0.508929	-3.678698	-1.389191
K	1.082114	-4.848623	-3.678698	-2.600695	-1.093735	-0.848623	0.464260	-0.848623	-1.990642	0.508929	-4.848623
L	-1.093735	3.101204	1.491227	-2.263660	-0.294034	-0.219266	0.046195	0.990581	2.055259	1.168185	4.011688
M	-0.965980	-0.544842	-0.148183	-4.848623	-1.761160	-2.263660	-1.990642	-1.563221	0.508929	-2.263660	0.508929
N	-3.678698	-4.848623	-2.263660	-1.761160	0.270318	-0.148183	-0.219266	-0.015733	-0.148183	-0.639170	-4.848623
P	-4.848623	-3.041268	1.326303	1.598460	2.425173	1.791622	1.375379	0.508929	0.370546	-3.041268	-4.848623
Q	-3.041268	-0.848623	-1.233913	-1.093735	-0.456306	-0.544842	0.321302	-0.639170	0.958732	0.990581	-4.848623
R	0.926164	-3.678698	-3.041268	-2.263660	-2.263660	-2.600695	-0.456306	-1.563221	-1.389191	0.370546	-4.848623
S	1.140062	-0.848623	-0.848623	0.046195	0.594321	0.594321	0.823802	0.674939	-0.294034	1.140062	-4.848623
T	-1.093735	-0.965980	-2.600695	-0.740098	-0.740098	0.508929	-0.148183	0.552256	0.046195	0.892844	-4.848623
V	-0.148183	1.993727	0.594321	-1.990642	-0.456306	0.552256	0.674939	0.990581	0.713619	-0.080439	-0.219266
W	-4.848623	-4.848623	-1.563221	-3.678698	-2.600695	-4.848623	-4.848623	-4.848623	-3.041268	-3.041268	-4.848623
Y	1.736340	-3.041268	0.858736	-3.041268	-2.263660	-1.990642	-2.263660	-0.372890	-1.233913	0.858736	-3.041268
