A	-0.415037	1.502500	0.662965	-1.584963	-0.415037	-0.415037	1.273018	0.662965	-0.415037	1.000000	-1.584963	-1.584963
C	-1.584963	-1.584963	-1.584963	-0.415037	-1.584963	-1.584963	-1.584963	-1.584963	-1.584963	-1.584963	-1.584963	-1.584963
D	-1.584963	-1.584963	0.662965	3.115477	-0.415037	0.662965	-1.584963	-0.415037	-0.415037	-1.584963	-1.584963	-1.584963
E	-1.584963	-1.584963	-1.584963	1.700440	0.662965	0.662965	-1.584963	0.222392	0.222392	-1.584963	0.662965	-1.584963
F	2.169925	-1.584963	0.662965	-1.584963	-1.584963	-0.415037	0.662965	-1.584963	-1.584963	-1.584963	0.222392	-0.415037
G	-1.584963	-1.584963	-1.584963	-0.415037	1.273018	-1.584963	0.662965	1.502500	0.222392	-1.584963	-1.584963	-1.584963
H	-0.415037	-1.584963	-0.415037	-1.584963	-1.584963	-0.415037	-0.415037	-1.584963	0.222392	1.273018	0.662965	-1.584963
I	-0.415037	0.662965	1.273018	-1.584963	-1.584963	-0.415037	-1.584963	-0.415037	-0.415037	0.222392	-1.584963	-1.584963
K	-1.584963	-1.584963	-1.584963	-1.584963	-0.415037	0.222392	0.222392	0.222392	0.222392	0.662965	-0.415037	-1.584963
L	-1.584963	2.969626	0.662965	-1.584963	0.222392	0.222392	0.222392	0.222392	-0.415037	-0.415037	1.502500	3.727920
M	-1.584963	-1.584963	0.662965	-1.584963	-1.584963	-0.415037	-0.415037	-1.584963	-1.584963	0.222392	-1.584963	-1.584963
N	-1.584963	-1.584963	-1.584963	-1.584963	-1.584963	0.662965	-1.584963	0.222392	0.662965	-1.584963	-0.415037	-1.584963
P	-1.584963	-1.584963	-0.415037	-1.584963	2.718818	1.273018	0.662965	0.222392	1.502500	-1.584963	-1.584963	-1.584963
Q	-1.584963	-1.584963	-1.584963	0.222392	-0.415037	-1.584963	-0.415037	-1.584963	0.222392	0.662965	0.222392	-1.584963
R	0.222392	-1.584963	-1.584963	-1.584963	-1.584963	-1.584963	-0.415037	-1.584963	0.222392	-1.584963	0.222392	-1.584963
S	0.662965	-1.584963	0.222392	-1.584963	-0.415037	1.502500	-0.415037	1.000000	0.222392	0.662965	1.700440	-1.584963
T	-1.584963	-0.415037	-1.584963	-0.415037	-1.584963	-0.415037	1.000000	0.662965	1.000000	0.662965	-0.415037	-1.584963
V	0.222392	1.000000	-0.415037	-1.584963	0.222392	-1.584963	0.662965	0.662965	-0.415037	1.502500	0.222392	-1.584963
W	-1.584963	-1.584963	-0.415037	-1.584963	-1.584963	-1.584963	-1.584963	-1.584963	-1.584963	-1.584963	-1.584963	-1.584963
Y	2.415037	-1.584963	1.502500	-1.584963	-1.584963	0.222392	0.222392	-0.415037	-1.584963	-1.584963	0.222392	-1.584963
