A	0.528905	2.797030	2.118155	-0.974669	0.560754	-0.578010	-0.649093	-5.278449
C	-5.278449	-4.108524	-5.278449	-5.278449	-5.278449	-5.278449	-5.278449	-5.278449
D	-5.278449	-3.471095	1.809013	0.560754	-2.420468	-4.108524	-2.420468	-5.278449
E	-5.278449	-5.278449	-0.974669	1.209391	0.560754	-1.523562	0.819583	-5.278449
F	2.191192	-1.068996	-0.445559	-1.278449	-0.802716	0.205366	0.681552	-1.169925
G	-1.523562	-2.420468	1.147815	-0.212360	-0.802716	-2.693487	-3.030522	-5.278449
H	-0.802716	-5.278449	-1.395806	0.321463	0.393976	0.945552	0.560754	-5.278449
I	0.283793	0.819583	0.164494	-0.723861	0.591915	1.669918	-0.324253	-0.510265
K	0.122430	-5.278449	-1.663740	1.499628	-0.445559	-2.420468	0.969478	-5.278449
L	0.560754	2.018467	-0.383632	-0.159508	-0.011663	1.669918	1.483102	4.076351
M	-1.278449	-0.723861	-1.819018	-2.693487	-2.190987	-1.278449	-2.190987	-0.802716
N	-2.420468	-5.278449	-0.886132	-0.649093	-2.190987	-1.278449	-0.649093	-5.278449
P	-5.278449	-4.108524	0.652288	1.625432	2.533728	-0.267222	-3.471095	-5.278449
Q	-3.471095	-2.420468	-1.819018	-0.578010	-1.993047	-0.159508	-0.059281	-5.278449
R	-0.510265	-5.278449	-4.108524	0.428910	-0.510265	-0.578010	0.079103	-5.278449
S	1.061401	0.793013	0.710235	-0.723861	-0.974669	-0.802716	0.164494	-5.278449
T	-0.510265	0.428910	-0.510265	0.205366	-0.802716	-0.578010	0.496338	-5.278449
V	0.845672	1.189156	-1.278449	-0.383632	1.361795	2.063625	0.205366	-0.059281
W	-5.278449	-5.278449	-3.471095	-2.693487	-4.108524	-3.471095	-2.420468	-5.278449
Y	1.669918	-4.108524	-0.974669	-1.993047	-1.993047	-1.395806	0.845672	-3.471095
