A	0.977900	0.683607	0.702319	0.038717	0.248480	-0.112959	0.329621	0.441514	-2.841106
C	-6.312631	-6.452809	-6.312631	-6.782116	-4.848350	-4.624575	-4.430894	-4.624575	-7.209537
D	-5.001429	-6.452809	1.028208	1.728521	-0.412882	-1.402182	-1.632890	-2.471329	-10.067518
E	-2.747846	-2.628727	-1.456494	2.049150	0.406441	-0.498137	0.280656	1.004949	-10.067518
F	1.055148	-1.816036	0.059831	-2.618370	-0.197154	-0.170429	-0.075288	-0.254138	-0.043764
G	-0.125737	-2.462039	-1.724333	0.724865	0.105846	-0.994716	-2.452809	-0.364480	-10.067518
H	-0.771749	-8.260163	-0.757474	-1.191769	-0.002776	-1.088093	0.585103	0.203945	-10.067518
I	0.043617	1.223652	0.893569	-2.215769	0.486591	1.480701	0.430333	-2.207984	0.728927
K	1.323725	-8.260163	-1.411094	-0.016309	0.684653	-1.172701	-0.696286	0.968483	-10.067518
L	0.232834	3.138351	1.488509	-1.406631	0.684653	1.744659	1.039699	0.574985	3.463376
M	-1.218895	0.579490	-0.140481	-3.843517	-1.876459	-1.214989	-1.278800	-1.659189	0.202485
N	-0.818405	-6.608087	-0.355851	-0.191385	-0.315556	-0.541508	-0.502893	0.148924	-10.067518
P	-7.209537	-2.200240	1.000756	1.422330	0.074269	0.568200	1.012466	-2.841106	-10.067518
Q	-0.757474	-0.246143	-0.512450	-0.164766	-0.071751	-0.419610	0.318883	0.718751	-10.067518
R	0.690913	-5.438162	-3.482556	-1.315974	0.038717	-1.341300	-0.712718	0.525639	-10.067518
S	1.164153	-0.922860	0.165502	0.622698	0.436556	0.037080	0.037080	0.943359	-10.067518
T	0.022263	-0.783273	-0.465283	-0.576166	0.102720	0.452609	0.530301	0.669940	-7.819591
V	0.330958	1.371923	0.481785	-1.527390	0.863404	1.510500	0.945979	-0.465283	2.123541
W	-3.322685	-4.948577	-2.060491	-4.136781	-3.104622	-4.360159	-1.913966	-4.360159	-5.858065
Y	0.786571	-1.839902	0.025569	-2.805424	-0.581186	-1.098852	-0.230285	0.066266	-0.606551
