A	-6.756509 1.105879 1.740764 0.252784 0.810098 2.336638 1.312305 1.043036 1.728678
C	-8.135724 -8.135691 -8.135188 -8.135115 -4.686699 -8.027212 -8.135716 -8.135716 -8.135724
D	-3.588563 -1.928062 -1.266392 0.962339 -0.040921 -0.815235 0.453915 -1.162667 -0.227283
E	-7.099636 -0.367970 -1.868152 0.194543 -0.199786 -1.208041 0.737199 0.116551 -0.809489
F	2.196299 -1.426300 -0.001750 0.054560 -1.940600 -0.137172 -1.879680 -1.755853 -1.361706
G	-6.920247 -0.992730 0.288687 -2.064217 -0.992695 -0.655117 -0.816850 0.654150 0.748564
H	-5.387353 -0.079006 -1.457673 -1.227293 -0.827943 -2.450734 0.456613 -0.373002 -1.859551
I	2.247314 0.162537 0.742274 0.722386 -0.167066 -1.097604 -0.578960 -0.731288 1.085425
K	-1.006431 0.888313 -1.640065 -1.993850 1.623680 0.596422 -0.409194 0.749036 -1.434052
L	0.892818 -0.424258 0.127900 0.246644 -0.405257 -1.476386 0.636575 0.767426 0.654696
M	-2.531463 -2.296559 -1.017984 -1.440632 -2.300733 -3.613291 -2.900352 -2.374678 -1.041708
N	-7.418483 -0.764729 -0.884578 1.316470 -0.637132 -0.354940 0.055881 -0.350228 0.006256
P	-2.495164 -7.856471 -0.287043 -6.992680 1.132643 0.375928 0.906096 1.191525 -3.524181
Q	-3.247543 0.605386 -0.592519 0.102333 -0.760089 -3.018520 0.747133 -0.458854 -0.347289
R	-0.831995 1.177089 -1.162131 -6.140845 0.428359 0.289787 0.418950 0.882202 -0.602639
S	-7.097429 0.584911 0.960464 0.968440 0.639821 1.279982 -0.616295 0.293363 0.957828
T	-1.879998 0.567175 0.032228 1.156423 0.843899 0.659322 -0.361887 0.533358 -0.868268
V	1.002969 1.587615 1.349863 0.902571 0.606027 1.096950 0.565706 -0.092509 1.593009
W	-2.133325 -3.606137 -3.709868 -1.884924 -7.496018 -4.556353 -8.126921 -8.135367 -8.135707
Y	2.215610 -0.686239 0.794989 -0.644975 -1.132774 -2.462094 -1.687195 -1.592345 -1.670952
