A	1.435423	0.060846	-0.004446	-0.049675	0.417255	-0.049675	-0.072833	0.221758	0.143544	-1.714939
C	-6.344296	-5.174371	-5.174371	-6.344296	-6.344296	-4.096368	-6.344296	-6.344296	-5.174371	-4.536941
D	-5.174371	-3.058894	-2.134843	1.350932	0.081969	-0.782053	-1.077509	-2.461653	-2.134843	-6.344296
E	-4.096368	-2.344296	-2.344296	1.175340	0.383625	0.482253	-0.443429	-0.671871	0.366511	-5.174371
F	-3.058894	-0.144624	1.135484	-0.413559	-0.327488	-0.820734	-0.072833	-0.782053	0.039408	-1.951978
G	0.060846	-1.077509	-1.643856	0.559586	1.104853	0.845529	0.743167	-1.643856	-0.120294	-6.344296
H	-0.943416	-4.536941	-0.943416	-1.576112	-1.390100	-0.860480	-1.077509	-1.077509	-0.860480	-5.174371
I	-0.671871	0.647226	0.482253	-0.707671	0.857828	0.702828	0.331661	0.952620	-1.174371	-2.589408
K	2.146555	-5.174371	1.605531	-0.473931	-0.120294	0.529148	0.689127	0.400538	0.647226	3.915447
L	-2.040515	1.019839	1.135484	-0.246264	0.632984	0.647226	0.544447	1.030744	1.251894	0.183181
M	-2.134843	-1.576112	-1.174371	-1.951978	-1.714939	-2.344296	-1.789707	-1.031413	-1.333069	-2.589408
N	-3.759333	-2.344296	-0.602829	0.295949	-0.536941	-0.299902	-0.536941	-0.986744	-0.096368	-6.344296
P	-6.344296	-3.486315	-1.031413	1.194863	1.402218	1.094496	1.008851	1.483841	0.618600	-6.344296
Q	-1.511406	0.313916	0.081969	-0.120294	-0.569509	-0.384294	-0.246264	-0.860480	0.259330	-4.536941
R	2.432137	-5.174371	0.756366	-0.671871	-1.390100	-0.602829	1.538347	1.115136	-0.413559	-1.225355
S	1.350932	0.986621	-0.220175	0.689127	0.277756	0.782409	0.163499	0.102787	0.433781	-4.096368
T	-0.602829	2.042644	-0.986744	0.102787	-0.355611	0.240667	0.039408	0.123310	0.544447	-6.344296
V	-0.327488	2.026391	0.221758	-0.707671	0.632984	0.400538	-0.004446	1.115136	0.295949	-1.390100
W	-6.344296	-1.390100	-2.884864	-3.256833	-2.589408	-2.589408	-3.058894	-3.256833	-3.256833	-6.344296
Y	-2.884864	0.163499	0.906003	-0.413559	-1.868562	-1.031413	-1.333069	-1.333069	0.589395	0.845529
