A	1.836686	-0.223930	-0.223930	0.193797	0.933983	0.382406	0.382406	0.346606	0.233543	-0.023232	-1.407376
C	-5.290019	-5.290019	-5.290019	-4.120094	-5.290019	-5.290019	-5.290019	-5.290019	-5.290019	-5.290019	-5.290019
D	-5.290019	-3.482664	-3.042091	1.583425	-0.589579	0.580346	-0.120094	-1.181494	-1.181494	-2.004617	-5.290019
E	-5.290019	-2.705056	-2.202556	1.294944	0.698666	0.981444	0.884907	-0.023232	-0.660662	0.110861	-5.290019
F	-5.290019	0.152925	0.957909	-1.290019	-0.897701	-0.223930	-0.660662	-0.814285	-0.395201	-0.120094	-4.120094
G	-0.589579	-1.535131	-2.004617	0.580346	0.610848	0.517336	0.417340	0.726789	-1.675309	-0.814285	-5.290019
H	-1.535131	-3.042091	-1.181494	-3.482664	-1.290019	-1.290019	-0.735430	-1.407376	-1.080565	-1.181494	-5.290019
I	-0.986238	0.022864	0.309894	-1.181494	0.610848	0.272224	0.382406	0.957909	0.909653	-0.335823	-3.482664
K	2.296821	-5.290019	2.378866	-0.278792	-0.278792	-0.335823	0.346606	0.580346	0.834102	0.698666	4.070280
L	-3.042091	0.309894	1.071925	-0.589579	0.698666	0.580346	1.093685	1.385938	0.517336	1.715606	-0.023232
M	-3.482664	-1.080565	-0.660662	-2.705056	-1.407376	-3.042091	-2.202556	-2.004617	-0.457129	-2.004617	-3.042091
N	-3.482664	-2.705056	-0.521835	-0.223930	-0.120094	-0.070850	-0.223930	-0.278792	-1.407376	-0.457129	-5.290019
P	-5.290019	-2.705056	-2.432038	1.643672	0.698666	0.981444	0.933983	-0.070850	0.669983	0.451448	-5.290019
Q	-1.830587	0.580346	0.272224	-0.589579	-0.278792	-0.278792	-0.589579	-0.395201	0.382406	0.781444	-5.290019
R	2.522158	-5.290019	0.754375	-2.004617	-0.335823	-1.290019	-2.432038	0.957909	1.237458	-0.171078	-1.830587
S	1.256876	1.294944	-0.023232	0.957909	1.004602	1.115123	0.580346	0.272224	0.067533	0.193797	-5.290019
T	-0.986238	2.324691	-3.042091	0.346606	0.067533	-0.070850	0.382406	-0.589579	0.272224	0.549185	-4.120094
V	-0.986238	2.063128	-0.589579	-0.335823	0.346606	0.346606	0.417340	0.698666	1.004602	0.346606	-2.004617
W	-5.290019	-3.482664	-1.535131	-4.120094	-2.432038	-2.202556	-3.042091	-4.120094	-2.705056	-4.120094	-5.290019
Y	-3.042091	-0.023232	0.110861	-1.675309	-1.830587	-3.042091	-0.897701	-1.535131	-1.675309	0.193797	-0.457129
