A	1.373043	1.177787	-0.345775	-0.072756	-0.345775	1.177787	0.528694	1.278716	1.069263	0.528694	-0.072756	-2.930737
C	-2.930737	-2.930737	-2.930737	-1.760812	-2.930737	-1.760812	-2.930737	-2.930737	-2.930737	-2.930737	-2.930737	-2.930737
D	-2.930737	-2.930737	-1.760812	1.544996	-0.072756	0.683973	0.683973	0.528694	-0.682810	-0.345775	-2.930737	-2.930737
E	-2.930737	-2.930737	-1.760812	0.824150	-0.345775	0.824150	0.951906	0.156726	0.528694	-2.930737	0.683973	-2.930737
F	-1.760812	-0.682810	0.824150	-0.345775	0.354665	0.156726	-2.930737	-1.123382	0.156726	-2.930737	0.156726	-2.930737
G	-1.760812	-0.072756	-0.072756	0.683973	0.683973	0.824150	0.528694	0.951906	0.528694	-0.072756	0.156726	-2.930737
H	-1.760812	-2.930737	-1.123382	-0.682810	-0.345775	-0.682810	-2.930737	-1.123382	-1.760812	-1.760812	-2.930737	-2.930737
I	-1.760812	-0.682810	0.528694	-1.760812	0.156726	-1.123382	0.528694	-0.682810	0.354665	1.177787	-1.123382	-2.930737
K	2.512206	-2.930737	2.470142	0.354665	-1.760812	0.683973	-0.682810	0.354665	0.951906	-1.123382	0.156726	4.088853
L	-0.682810	-0.345775	0.824150	-1.760812	0.951906	0.156726	0.528694	-0.072756	0.354665	0.683973	1.769702	-2.930737
M	-2.930737	-1.123382	0.354665	-2.930737	-2.930737	-2.930737	-1.760812	-1.760812	-2.930737	-0.682810	-1.760812	-2.930737
N	-2.930737	-2.930737	-0.345775	0.354665	-0.682810	0.156726	-1.123382	-0.682810	-0.072756	-1.760812	-0.072756	-2.930737
P	-2.930737	-2.930737	-1.760812	1.902153	1.544996	-0.072756	1.177787	1.069263	0.528694	1.373043	0.528694	-2.930737
Q	-2.930737	-0.072756	-1.123382	-2.930737	-0.345775	0.156726	-0.682810	-0.682810	-0.072756	-0.072756	-0.072756	-2.930737
R	2.382146	-1.760812	0.354665	-1.123382	-2.930737	-0.682810	-1.123382	-1.760812	0.156726	1.069263	-0.682810	-2.930737
S	1.069263	0.528694	-0.682810	0.824150	0.683973	-0.072756	0.951906	1.461580	0.156726	0.683973	0.683973	-2.930737
T	-1.760812	1.964080	-1.123382	-1.760812	0.951906	-0.682810	0.156726	-0.682810	0.354665	-0.682810	0.824150	-1.760812
V	-0.072756	2.382146	-1.123382	-0.072756	0.156726	0.528694	0.824150	0.156726	-1.123382	1.373043	-0.072756	-2.930737
W	-2.930737	-2.930737	-2.930737	-2.930737	-1.760812	-2.930737	-2.930737	-2.930737	-2.930737	-2.930737	-2.930737	-2.930737
Y	-1.760812	0.528694	-0.345775	-1.760812	-0.345775	-1.760812	-0.682810	-0.682810	-0.345775	-1.760812	0.156726	-1.123382
