A	1.465664	1.893085	-0.222392	-0.222392	0.855610	0.415037	0.415037	1.192645	-0.222392	-0.222392	0.415037	0.415037	-1.392317
C	-1.392317	-1.392317	-1.392317	-1.392317	-1.392317	-1.392317	-1.392317	-1.392317	-1.392317	-1.392317	-1.392317	-1.392317	-1.392317
D	-1.392317	-1.392317	-1.392317	1.893085	-1.392317	0.855610	-0.222392	-1.392317	-0.222392	-0.222392	-1.392317	-1.392317	-1.392317
E	-1.392317	-1.392317	-1.392317	-0.222392	-0.222392	0.855610	-1.392317	-0.222392	1.192645	0.415037	0.415037	-1.392317	-1.392317
F	-1.392317	-1.392317	0.415037	-1.392317	-1.392317	-1.392317	-1.392317	-1.392317	-1.392317	-0.222392	-0.222392	-1.392317	-1.392317
G	-1.392317	-1.392317	-1.392317	0.855610	1.465664	-0.222392	0.415037	-0.222392	0.855610	-0.222392	-0.222392	-1.392317	-1.392317
H	-1.392317	-1.392317	-1.392317	-1.392317	-1.392317	-0.222392	-0.222392	-1.392317	-1.392317	-1.392317	-1.392317	-1.392317	-1.392317
I	-0.222392	-0.222392	-0.222392	-1.392317	-0.222392	-0.222392	0.415037	0.855610	-0.222392	0.415037	0.855610	-0.222392	-1.392317
K	2.490326	-1.392317	2.222392	0.415037	-1.392317	0.415037	-0.222392	-0.222392	1.465664	0.415037	0.415037	1.695145	3.673772
L	-1.392317	0.855610	0.415037	-0.222392	0.415037	0.855610	1.192645	0.415037	-0.222392	-0.222392	-0.222392	1.192645	-1.392317
M	-1.392317	-1.392317	0.415037	-1.392317	-1.392317	-1.392317	-1.392317	-0.222392	-0.222392	0.415037	-0.222392	-1.392317	-1.392317
N	-1.392317	-1.392317	-0.222392	-1.392317	-0.222392	-1.392317	-0.222392	-0.222392	0.415037	-1.392317	-0.222392	-1.392317	-1.392317
P	-1.392317	-1.392317	-1.392317	1.893085	1.465664	1.465664	-0.222392	0.415037	-0.222392	-0.222392	1.192645	0.415037	-1.392317
Q	-1.392317	0.415037	-0.222392	-0.222392	-1.392317	-0.222392	-1.392317	0.415037	-0.222392	0.415037	-1.392317	0.415037	-1.392317
R	1.893085	-1.392317	0.855610	-1.392317	-1.392317	-0.222392	-0.222392	-1.392317	-1.392317	0.855610	0.415037	-1.392317	-1.392317
S	0.415037	-0.222392	-0.222392	0.855610	1.465664	0.415037	1.192645	1.893085	0.415037	0.855610	-1.392317	0.415037	-1.392317
T	-1.392317	1.893085	-1.392317	-1.392317	-0.222392	-0.222392	0.415037	-1.392317	0.415037	-0.222392	0.855610	0.855610	-1.392317
V	-1.392317	0.855610	-0.222392	-1.392317	-0.222392	-1.392317	0.855610	-0.222392	-0.222392	0.855610	0.855610	0.855610	-1.392317
W	-1.392317	-1.392317	-1.392317	-1.392317	-1.392317	-1.392317	-1.392317	-1.392317	-1.392317	-1.392317	-1.392317	-1.392317	-1.392317
Y	-1.392317	0.415037	0.415037	-1.392317	-0.222392	-1.392317	-0.222392	-1.392317	-1.392317	-1.392317	-1.392317	-0.222392	-1.392317
