A	0.765535	-1.152003	-2.321928	-0.074001	0.263034	-1.152003	0.536053	-1.152003
C	-2.321928	-2.321928	-2.321928	-2.321928	-2.321928	-2.321928	-2.321928	-2.321928
D	-2.321928	-2.321928	-1.152003	-0.514573	-2.321928	-2.321928	-2.321928	-2.321928
E	-2.321928	-2.321928	-2.321928	-0.514573	-1.152003	-2.321928	0.765535	-2.321928
F	-2.321928	0.536053	2.153805	-0.514573	0.536053	0.536053	-0.514573	-2.321928
G	-0.514573	-2.321928	-2.321928	-1.152003	0.536053	-1.152003	-2.321928	-2.321928
H	-1.152003	-1.152003	-0.074001	-1.152003	-0.074001	-1.152003	-0.514573	-2.321928
I	-0.074001	0.536053	-0.074001	-1.152003	-1.152003	1.137504	-2.321928	-0.514573
K	2.510962	-1.152003	0.963474	0.963474	-1.152003	-0.514573	-0.514573	3.749534
L	-1.152003	-0.074001	-1.152003	-0.074001	0.263034	1.887525	0.765535	-0.514573
M	-2.321928	-1.152003	-2.321928	-1.152003	-2.321928	-2.321928	-1.152003	-2.321928
N	-2.321928	-2.321928	-1.152003	-0.514573	-0.074001	-1.152003	-0.074001	-2.321928
P	-2.321928	-2.321928	0.263034	2.307429	2.232661	1.678072	1.786596	-1.152003
Q	-2.321928	-0.074001	-0.514573	-2.321928	-0.514573	-0.514573	1.137504	-1.152003
R	1.887525	-0.514573	2.232661	-1.152003	0.536053	0.765535	-1.152003	-1.152003
S	1.137504	0.963474	-0.514573	0.765535	0.263034	-0.514573	0.963474	-2.321928
T	-0.514573	1.786596	-2.321928	0.963474	0.263034	-0.514573	-0.074001	-2.321928
V	0.536053	2.378512	-0.514573	0.536053	-0.514573	0.536053	-1.152003	-0.514573
W	-2.321928	-2.321928	-1.152003	-2.321928	-2.321928	-1.152003	-2.321928	-2.321928
Y	-2.321928	-0.514573	-0.514573	-1.152003	-0.514573	-1.152003	0.263034	-1.152003
