A	1.314418	0.877536	0.184581	0.373785	0.192645	0.278499	-0.192153	0.566075	-0.983324
C	-6.031357	-7.446394	-5.758338	-6.031357	-5.330917	-5.758338	-5.330917	-6.031357	-5.528856
D	-6.368392	-6.808964	-3.092757	1.172807	-1.241280	-2.392317	-2.148714	-2.841532	-8.616319
E	-3.258767	-4.616319	-3.303436	1.386496	-0.176488	-1.020129	-0.602299	0.909691	-6.808964
F	-2.466572	-0.540840	0.955434	-1.219714	0.084121	0.541028	-0.085913	-0.494786	-0.364837
G	-0.197412	-1.330917	-1.758338	0.779215	0.366674	-0.197412	-2.466572	-0.234776	-8.616319
H	-0.764570	-5.758338	-0.358931	-1.821903	-0.567832	-1.296647	-0.726055	-0.780269	-3.986962
I	-0.651978	0.614902	0.270902	-0.992438	0.713477	1.197061	1.091040	-1.106544	0.938749
K	2.239717	-4.507795	2.070619	0.084121	0.721860	-0.527531	-0.115477	0.426024	2.757362
L	-1.330917	1.254046	0.521953	-0.251090	0.738481	0.746721	1.795457	0.892466	1.874030
M	-2.344856	-1.252184	-0.965267	-3.054077	-2.344856	-1.667952	-1.020129	-1.697456	-1.502577
N	-3.303436	-2.979694	-0.202691	-0.186912	-0.644776	-1.038890	-1.146677	0.160114	-7.446394
P	-5.758338	-5.001609	-2.031357	1.676865	1.036078	0.836952	0.969582	-0.431444	-6.808964
Q	-1.542178	1.067114	-0.431444	-0.155863	-0.329761	-0.202691	0.289820	0.670816	-5.758338
R	2.283793	-3.446394	1.345492	-1.958108	-0.005294	0.240106	0.122618	-0.115477	-0.450156
S	1.275085	1.045014	0.348744	0.816223	0.373785	0.456483	-0.171304	1.071494	-4.140586
T	-0.388703	1.631608	-1.252184	-0.166139	0.160114	0.499375	0.035630	0.839522	-4.312538
V	0.044568	1.956855	-0.581520	-0.772398	0.784560	1.174844	1.116696	0.341508	1.465164
W	-7.446394	-2.808964	-2.979694	-3.349533	-2.627634	-2.321698	-2.908960	-4.507795	-4.061730
Y	-2.108524	0.126832	0.456483	-1.727576	-0.820279	-0.312538	-0.903792	-0.329761	1.156408
