A	1.402759	-1.882643	-0.075288	-0.075288	0.702319	-0.075288	1.204820	0.365284	0.702319	-0.075288	-1.882643
C	-1.882643	-1.882643	-1.882643	-1.882643	-1.882643	-1.882643	-1.882643	-1.882643	-1.882643	-1.882643	-1.882643
D	-1.882643	-1.882643	-1.882643	0.365284	0.975338	0.365284	0.365284	-1.882643	-1.882643	-1.882643	-1.882643
E	-1.882643	-1.882643	-1.882643	1.204820	1.402759	1.204820	0.702319	-0.075288	-0.075288	0.365284	-1.882643
F	-1.882643	-1.882643	-0.075288	-0.712718	-0.075288	-1.882643	-1.882643	0.702319	-1.882643	-1.882643	-1.882643
G	-0.075288	-1.882643	-1.882643	-0.712718	0.365284	1.732067	0.702319	0.702319	-0.712718	0.975338	-1.882643
H	-0.712718	-1.882643	-1.882643	-1.882643	-1.882643	-0.712718	-1.882643	-0.712718	0.702319	-0.712718	-1.882643
I	-0.712718	-0.075288	0.365284	-0.712718	-0.712718	0.365284	0.365284	1.732067	-0.712718	-1.882643	-1.882643
K	0.702319	-1.882643	2.509674	-0.712718	-0.075288	0.975338	-0.075288	-0.712718	1.576789	0.365284	-0.712718
L	-1.882643	-0.075288	-0.075288	-0.712718	0.702319	-0.075288	0.365284	0.975338	-0.712718	1.204820	-1.882643
M	-1.882643	-0.712718	-0.712718	-1.882643	-1.882643	-1.882643	-1.882643	-1.882643	-0.712718	-0.712718	-1.882643
N	-1.882643	-1.882643	-0.712718	0.975338	-1.882643	0.365284	-1.882643	-1.882643	-1.882643	-0.712718	-1.882643
P	-1.882643	-1.882643	-1.882643	2.000000	-0.075288	-0.712718	-0.712718	-0.712718	-1.882643	-1.882643	-1.882643
Q	-0.712718	-0.075288	0.365284	-0.712718	0.702319	-0.712718	-0.712718	0.365284	-1.882643	0.702319	-1.882643
R	2.671946	-0.712718	0.702319	-0.712718	-0.712718	-1.882643	-1.882643	-0.712718	1.204820	0.365284	3.858824
S	1.204820	1.576789	-0.712718	0.702319	-0.075288	0.365284	1.872244	0.365284	0.365284	1.872244	-1.882643
T	-1.882643	2.117357	-0.712718	-0.075288	0.702319	-0.075288	0.702319	-1.882643	0.365284	0.365284	-1.882643
V	0.365284	2.117357	1.204820	-1.882643	-0.075288	-0.712718	-0.075288	0.702319	1.732067	-0.712718	-1.882643
W	-1.882643	-1.882643	-1.882643	-0.712718	-1.882643	-1.882643	-1.882643	-1.882643	-1.882643	-1.882643	-1.882643
Y	-1.882643	0.365284	-0.712718	-0.075288	-1.882643	-0.712718	-1.882643	-0.075288	-1.882643	-1.882643	-1.882643
