A	1.748461	-0.199071	-0.199071	0.578536	0.068862	0.661952	0.740808	0.578536	-3.813781
C	-3.813781	-3.813781	-3.813781	-3.813781	-3.813781	-2.643856	-3.813781	-3.813781	-3.813781
D	-3.813781	-3.813781	-2.643856	0.954403	-0.726318	-2.643856	-3.813781	-3.813781	-3.813781
E	-3.813781	-3.813781	-3.813781	1.453005	-1.228819	-1.565854	-1.565854	0.740808	-3.813781
F	-1.565854	-2.643856	0.068862	-2.643856	0.068862	0.661952	-0.058894	-1.565854	-2.643856
G	0.490000	-0.199071	-0.528379	1.252308	0.578536	0.068862	-2.643856	0.395672	-3.813781
H	-0.955800	-3.813781	-0.955800	-1.565854	-0.354350	-0.199071	0.661952	-0.955800	-3.813781
I	-0.955800	-0.955800	-0.199071	-0.528379	0.490000	1.629162	0.578536	-2.643856	-3.813781
K	1.587098	-3.813781	1.893578	-0.354350	0.815575	-0.058894	-1.228819	0.490000	-1.565854
L	-2.006426	0.886659	0.578536	-0.726318	0.490000	1.305160	-0.955800	-0.199071	0.661952
M	-3.813781	-3.813781	-1.565854	-2.643856	-3.813781	-2.643856	-3.813781	-3.813781	-3.813781
N	-3.813781	-2.006426	1.670035	0.578536	-2.643856	-0.955800	-1.565854	1.305160	-3.813781
P	-3.813781	-3.813781	-2.643856	1.405387	1.543771	-0.354350	-1.228819	-0.955800	-3.813781
Q	-1.565854	1.081037	0.954403	-0.726318	-0.726318	-0.955800	0.954403	1.405387	-3.813781
R	2.361144	-3.813781	-0.354350	-1.228819	-0.726318	-2.643856	-0.058894	-0.726318	4.061200
S	1.543771	1.893578	0.578536	0.578536	0.068862	0.294743	0.578536	1.356144	-3.813781
T	-0.354350	1.961006	-1.565854	-0.354350	0.395672	0.294743	1.197446	0.740808	-3.813781
V	-0.199071	2.056584	-1.565854	-0.354350	1.252308	1.019109	1.993574	-0.726318	-2.643856
W	-3.813781	-3.813781	-1.565854	-3.813781	-0.955800	-2.006426	-2.006426	-3.813781	-3.813781
Y	-3.813781	-0.058894	0.661952	-1.565854	-1.565854	-0.199071	-0.058894	-0.199071	-3.813781
