A	-0.241758	0.381679	1.323576	0.502985	0.443607	0.178146	0.614878	1.356144	0.178146	-4.451211
C	-4.451211	-4.451211	-4.451211	-4.451211	-4.451211	-3.281286	-4.451211	-4.451211	-4.451211	-4.451211
D	-0.991779	-4.451211	-2.643856	0.949668	-1.165809	-0.836501	-3.281286	-3.281286	-3.281286	-4.451211
E	1.866202	-4.451211	-2.643856	0.560016	-1.363748	-1.363748	-1.593230	-0.991779	0.502985	-4.451211
F	-0.568568	-2.203284	1.290256	-1.593230	0.815575	-1.866249	0.718714	-4.451211	-0.836501	-1.866249
G	-0.241758	-4.451211	-2.203284	1.698536	1.723715	1.072351	0.949668	0.443607	0.667730	-4.451211
H	0.443607	-4.451211	-1.593230	-0.451211	-0.241758	-1.593230	-1.593230	-0.836501	-0.342687	-3.281286
I	-1.165809	0.024522	2.016394	-2.203284	0.024522	0.560016	0.316973	-0.342687	-2.643856	-4.451211
K	-1.866249	-4.451211	0.316973	-0.342687	0.443607	0.443607	-0.696324	-0.342687	-0.147430	-0.147430
L	-1.866249	-1.363748	-0.147430	-2.203284	-0.147430	0.024522	1.185414	0.249229	1.032605	-2.643856
M	-0.451211	-4.451211	-0.836501	-3.281286	-1.165809	-0.836501	-2.203284	-0.991779	-1.866249	-3.281286
N	0.614878	-4.451211	-0.836501	0.178146	-0.568568	-0.696324	-0.058894	-0.147430	0.178146	-4.451211
P	-4.451211	-1.866249	0.103378	1.221214	1.256148	1.698536	1.323576	-0.836501	1.593183	-4.451211
Q	0.103378	-4.451211	-1.866249	-0.058894	-0.342687	-0.241758	-0.836501	-0.342687	0.991732	-4.451211
R	-2.643856	-4.451211	-1.165809	-1.165809	-1.866249	-1.866249	-0.696324	-1.165809	-0.342687	4.034618
S	2.152415	0.024522	-0.342687	1.323576	0.861672	1.032605	0.502985	1.479526	0.560016	-4.451211
T	1.111031	2.713696	-0.241758	0.249229	0.024522	1.032605	0.906341	1.910733	-0.058894	-4.451211
V	-1.866249	3.078219	1.072351	-0.568568	-0.241758	0.103378	0.502985	1.111031	-0.342687	-4.451211
W	-3.281286	-4.451211	-2.643856	-4.451211	-2.643856	-1.866249	-3.281286	-4.451211	-4.451211	-4.451211
Y	-0.836501	-1.866249	0.178146	-2.203284	-2.643856	-1.866249	-1.866249	-3.281286	-0.342687	0.560016
