A	0.484300	1.252484	0.788081	0.366943	1.317190	-0.230298	0.592825	0.876618	1.184740	0.592825	-3.515700
C	-3.515700	-3.515700	-3.515700	-2.345775	-3.515700	-3.515700	-3.515700	-3.515700	-2.345775	-2.345775	-3.515700
D	-1.708345	-3.515700	-3.515700	1.654225	-3.515700	-0.428237	-0.230298	-2.345775	-2.345775	-3.515700	-3.515700
E	1.885180	-3.515700	-2.345775	0.788081	-0.930737	0.099010	-0.657719	-0.930737	-0.657719	-0.428237	-3.515700
F	-1.708345	-3.515700	0.876618	-1.708345	-1.267772	-2.345775	-1.267772	0.239188	-2.345775	0.099010	-3.515700
G	-0.930737	-1.708345	-2.345775	1.038889	0.366943	1.252484	1.113657	1.379118	1.184740	0.693754	-3.515700
H	0.366943	-3.515700	-2.345775	-1.708345	-1.708345	-1.267772	-0.930737	-1.267772	-1.708345	0.592825	-3.515700
I	-1.708345	-0.657719	2.582332	-2.345775	-0.657719	-1.267772	-1.708345	0.693754	-0.056268	-3.515700	-3.515700
K	-2.345775	-3.515700	-0.056268	0.099010	-0.930737	0.239188	0.239188	-0.930737	-1.267772	0.960034	-0.930737
L	-2.345775	-1.708345	0.099010	-0.930737	0.366943	-0.657719	1.184740	1.184740	0.484300	0.099010	-3.515700
M	-0.056268	-3.515700	-0.056268	-2.345775	-2.345775	-2.345775	-1.708345	-1.267772	-1.267772	-2.345775	-3.515700
N	0.239188	-3.515700	-2.345775	-0.230298	-0.930737	-0.428237	-0.657719	-1.267772	-0.657719	0.366943	-3.515700
P	-3.515700	-2.345775	-0.428237	0.788081	2.007862	-0.056268	0.099010	0.693754	-1.708345	0.366943	-3.515700
Q	0.484300	-3.515700	-1.267772	-0.056268	-0.428237	-0.428237	0.099010	-0.230298	-0.230298	1.038889	-3.515700
R	-2.345775	-3.515700	-0.930737	-1.708345	-3.515700	-0.056268	-0.428237	-3.515700	-0.428237	-1.708345	4.099010
S	2.225767	-0.230298	-3.515700	1.252484	1.797183	2.120925	1.495527	0.366943	1.841852	0.788081	-3.515700
T	1.184740	2.708302	-1.708345	0.592825	0.484300	1.184740	0.788081	0.592825	1.184740	0.484300	-3.515700
V	-0.930737	2.951906	1.550389	-0.428237	0.788081	0.239188	0.366943	0.788081	1.038889	-0.428237	-3.515700
W	-2.345775	-3.515700	-1.708345	-3.515700	-3.515700	-3.515700	-3.515700	-2.345775	-3.515700	-3.515700	-3.515700
Y	-2.345775	-3.515700	0.239188	-1.267772	-3.515700	-0.930737	-1.708345	-0.657719	-2.345775	0.099010	-0.230298
