A	-0.444785	-0.444785	0.192645	-0.444785	0.970253	0.192645	1.243271	-0.444785	0.192645	0.633218	0.970253	-1.614710
C	-1.614710	-1.614710	-1.614710	-1.614710	-1.614710	-1.614710	-1.614710	-1.614710	-1.614710	-1.614710	-1.614710	-1.614710
D	-1.614710	-1.614710	-1.614710	1.243271	-0.444785	0.192645	-1.614710	-1.614710	-1.614710	-1.614710	-1.614710	-1.614710
E	0.970253	-1.614710	-1.614710	0.192645	0.192645	-0.444785	0.633218	-0.444785	0.192645	-1.614710	0.970253	-1.614710
F	-1.614710	-1.614710	0.970253	-1.614710	-1.614710	-1.614710	-1.614710	-0.444785	0.192645	-1.614710	-0.444785	-1.614710
G	-1.614710	-1.614710	-1.614710	2.267933	-0.444785	0.633218	1.844722	2.000000	1.670692	0.633218	0.192645	-1.614710
H	1.243271	-1.614710	-1.614710	-0.444785	-1.614710	-1.614710	-0.444785	-0.444785	-1.614710	0.192645	-1.614710	-1.614710
I	-0.444785	-0.444785	2.493815	-1.614710	0.633218	0.192645	0.192645	0.192645	-0.444785	-0.444785	-1.614710	-1.614710
K	-1.614710	-1.614710	-0.444785	-0.444785	0.192645	-0.444785	-0.444785	-0.444785	-0.444785	-1.614710	-0.444785	-1.614710
L	0.192645	-0.444785	-1.614710	-1.614710	1.243271	-0.444785	-1.614710	-0.444785	1.243271	0.192645	0.633218	-1.614710
M	-1.614710	-1.614710	-1.614710	-0.444785	-1.614710	-0.444785	-0.444785	-0.444785	-0.444785	-0.444785	-1.614710	-1.614710
N	0.192645	-1.614710	-1.614710	-0.444785	-1.614710	-1.614710	-0.444785	-1.614710	-1.614710	-1.614710	0.970253	-1.614710
P	-1.614710	-1.614710	-1.614710	0.192645	1.472753	-0.444785	-0.444785	0.970253	-1.614710	-1.614710	0.633218	-1.614710
Q	0.970253	-1.614710	-1.614710	0.192645	0.192645	0.633218	-0.444785	0.192645	-0.444785	0.633218	0.633218	-1.614710
R	-1.614710	-1.614710	-1.614710	-1.614710	-0.444785	0.633218	0.192645	-1.614710	-1.614710	-1.614710	-1.614710	3.742842
S	1.670692	0.192645	-1.614710	0.192645	0.192645	1.243271	0.633218	0.970253	0.633218	2.000000	1.243271	-1.614710
T	1.670692	2.939879	-1.614710	0.970253	0.633218	0.633218	-0.444785	0.192645	0.970253	0.970253	-0.444785	-1.614710
V	-1.614710	2.140178	1.844722	-1.614710	-0.444785	1.243271	0.192645	0.633218	0.970253	1.243271	-1.614710	-1.614710
W	-1.614710	-1.614710	-1.614710	-1.614710	-1.614710	-1.614710	-1.614710	-1.614710	-1.614710	-1.614710	-1.614710	-1.614710
Y	-1.614710	-1.614710	1.243271	-1.614710	-1.614710	-1.614710	-0.444785	-1.614710	-1.614710	-1.614710	0.192645	-0.444785
