A	0.378927	1.277372	1.659035	0.565743	0.378927	0.636967	0.981511	0.608898	-6.382624
C	-5.212699	-6.382624	-5.212699	-4.134697	-6.382624	-5.212699	-3.524643	-4.134697	-6.382624
D	-0.710199	-6.382624	-3.295161	1.107224	-1.614440	-3.295161	-2.382624	-2.274100	-6.382624
E	1.295096	-6.382624	-4.575269	0.594656	-0.543420	-3.097222	-1.428428	0.843788	-6.382624
F	0.064459	-1.549734	0.819500	-0.981745	-0.338230	0.475357	-0.020680	0.043641	-1.990307
G	0.064459	-3.797662	-1.212699	1.397095	0.636967	1.175797	-0.207698	0.105216	-6.382624
H	-0.065211	-5.212699	-1.025072	-1.212699	-0.575269	-0.512259	-0.134697	-0.393939	-5.212699
I	-0.338230	0.691517	1.692855	-1.906891	1.185332	0.636967	-0.111161	-2.173171	-5.212699
K	-0.898808	-6.382624	-0.481757	0.475357	0.221002	-0.782711	-0.675265	0.328182	-0.939681
L	-0.422622	0.594656	0.490820	-0.512259	0.756927	0.443924	2.041542	1.185332	-2.274100
M	-0.782711	-1.614440	-0.512259	-3.097222	-1.614440	-0.898808	-0.782711	-1.753267	-2.382624
N	0.475357	-4.134697	-0.451887	-0.158622	-0.939681	-1.263683	-1.069741	0.144853	-6.382624
P	-6.382624	-0.451887	-1.115837	1.388865	1.232086	0.293333	-1.487806	0.310863	-6.382624
Q	0.105216	-4.575269	-2.923192	-0.207698	-0.422622	-0.710199	-0.481757	0.411792	-6.382624
R	-2.274100	-6.382624	-1.614440	-0.575269	-0.512259	-1.025072	-0.422622	-0.232877	3.666884
S	1.903934	0.022517	0.731118	1.013981	0.536239	1.107224	0.902778	0.925715	-6.382624
T	0.782283	2.317816	0.105216	-0.158622	-0.338230	1.107224	1.013981	0.275587	-6.382624
V	-0.311162	2.729815	1.277372	-1.115837	1.156535	1.127151	0.411792	-0.065211	-5.212699
W	-4.134697	-6.382624	-4.575269	-4.134697	-3.524643	-2.923192	-3.097222	-6.382624	-6.382624
Y	-0.158622	-2.767914	0.105216	-1.906891	-1.614440	-1.163456	-0.451887	-0.158622	2.564282
