A	-11.046861 0.260500 1.006722 0.839211 0.692829 0.551389 1.149415 0.828212 1.786922
C	-11.659321 -3.086326 -1.250076 -2.974210 -3.227589 -5.184550 -3.384924 -4.053125 -1.829460
D	-11.496340 -1.229795 -1.335131 2.213833 0.091184 1.509534 -0.100345 -1.090078 0.507489
E	-10.682299 0.331281 -0.420252 1.660764 0.464428 -2.623530 0.820257 0.700072 0.419686
F	2.609173 -0.925895 -0.613842 -1.304291 -1.717363 -7.804580 -1.423279 -1.165467 -2.728733
G	-11.503753 -1.624039 -0.637172 -2.750525 0.061505 -1.165305 -0.737605 0.118992 1.506937
H	-11.258146 -0.484958 -1.617649 -3.362440 -0.889947 -5.829919 -1.645561 -0.515707 -1.426191
I	1.594271 0.592795 0.876641 0.469109 -0.403198 -1.595132 -0.053260 -0.604749 -0.943333
K	-11.167035 0.960697 0.169050 -3.220332 0.948855 -3.845109 -1.812952 0.984474 -1.679282
L	1.296780 0.795671 0.879323 0.708369 -0.177562 -4.495657 1.101206 1.100224 -0.831538
M	-1.913455 -2.052021 -0.868379 -0.178610 -2.455381 -7.992945 -1.663968 -1.922998 -1.983407
N	-11.172326 -0.687005 -0.392614 -1.019632 -0.247769 1.548417 1.028484 -0.923873 -0.777220
P	-11.455033 -11.636259 0.313759 -11.464265 1.177140 -0.993189 0.927440 0.873037 -2.175130
Q	-11.302285 0.048016 -0.311567 0.510632 -0.048105 -4.504904 0.209683 -0.049923 0.896391
R	-11.262996 1.216672 0.033562 -7.001881 0.294420 -8.596178 -1.424626 0.804984 -1.838543
S	-11.074303 0.352415 0.777663 0.358583 0.886711 2.228400 0.609473 0.495855 1.945278
T	-11.134465 0.279947 0.071661 0.034706 0.454454 2.219543 0.002410 -0.322711 -0.659217
V	0.070587 1.324453 0.913465 0.269297 0.345501 0.817661 0.621614 0.004089 -0.174319
W	-0.067561 -2.171563 -2.991859 -3.855125 -3.589004 -11.393985 -3.234723 -3.227724 -11.676342
Y	2.619878 -0.310218 -0.237755 -3.107139 -1.637298 -11.581390 -1.543434 -1.307866 -2.475951
