A	-10.302310 0.534592 1.395392 0.756656 0.545049 2.035244 1.643043 0.648563 1.345816
C	-10.944640 -6.579809 -2.800717 -4.331214 -4.594860 -4.326483 -4.260116 -5.937836 -2.241134
D	-10.837327 -1.090379 -1.723582 -1.198255 0.360429 -0.530252 -0.588509 -0.818467 -0.147832
E	-10.419729 0.810047 -0.160585 0.953137 0.383517 -1.827779 1.227606 0.502622 -1.670980
F	2.589998 -1.014296 -0.355265 -1.744681 -1.597950 -4.321651 -0.270765 -1.045741 -6.294471
G	-10.754707 -1.261396 -0.337434 -3.269153 -0.308369 0.402052 -0.638914 0.187547 0.597078
H	-10.670301 -0.269147 -0.705523 -5.350992 -0.921374 -4.723014 -1.409156 -0.410214 -2.242581
I	1.577876 0.286784 0.785231 1.291474 -0.023009 -0.813626 -0.255532 -0.564120 -1.137508
K	-10.312878 1.002436 0.357480 -6.431259 0.885626 -7.141668 -0.878719 0.827022 -1.363152
L	1.498057 0.451286 0.624466 3.004167 0.105230 -1.434270 0.573516 1.218707 0.184539
M	-1.959127 -2.271197 -0.912038 -0.086088 -2.029288 -5.234243 -2.492754 -2.103035 -3.563168
N	-9.934146 -0.430003 -1.062517 -3.018004 -0.321384 0.281927 0.105134 -0.336679 2.367729
P	-10.622006 -10.725775 0.243603 -6.930196 0.375683 2.001399 0.674934 0.857866 -1.403053
Q	-9.797255 0.263544 -0.237289 0.238403 0.248926 -3.041530 0.311898 0.096667 -0.394392
R	-10.659037 1.181828 0.190585 -7.139991 0.364548 -10.701808 -1.124428 0.810019 -1.953350
S	-10.536964 0.385628 0.898704 -0.550664 0.790730 1.263082 0.632486 0.177109 1.760374
T	-10.608117 0.313053 -0.393823 -0.973741 0.942164 1.196746 -0.180541 -0.288798 -0.492444
V	0.367666 1.126590 0.509813 0.562746 0.604392 1.289480 0.461145 0.007216 0.597381
W	-0.199163 -2.321899 -2.488222 -5.784477 -5.049413 -10.923471 -2.374750 -4.132550 -7.234814
Y	2.521387 -0.656849 -0.177066 -4.960043 -1.655253 -5.943693 -0.866121 -0.717880 -4.256229
