A	-5.770092 0.589432 1.612419 1.320369 0.948172 1.817934 0.847059 0.810172 1.379466
C	-7.770897 -7.762508 -2.155508 -1.800465 -4.231785 -7.768623 -7.782876 -7.779315 -2.781901
D	-2.594771 -0.685881 -0.285857 -0.444553 -0.166192 1.992696 0.756439 -0.663205 1.856348
E	-1.143284 0.576981 -0.700141 0.109665 0.863969 -0.907387 1.035441 1.142871 1.554461
F	0.934622 -2.045038 -0.435616 -0.134357 -2.223172 -2.043896 -2.493275 -2.506277 -7.777687
G	-6.808349 -1.326697 0.454262 -1.727609 -0.527895 -0.017280 -0.989472 -0.416161 0.614876
H	-3.640488 -0.208374 -0.300484 -2.423653 -0.470189 -6.871947 0.399952 -1.499736 -7.717839
I	2.525843 0.419860 0.033573 1.342839 -1.675664 -2.635213 -0.421797 -1.441399 0.754607
K	0.701175 1.130061 -2.155226 -4.014621 1.227211 -7.511593 -2.241748 0.324970 -2.671937
L	1.221345 0.241867 -0.035547 1.260399 -0.541765 -2.273315 0.014050 1.030096 0.618536
M	-1.017102 -2.796088 -1.295050 0.055504 -2.646338 -3.584262 -1.877547 -1.641595 -1.507140
N	-6.759654 -0.032215 -0.544351 -2.643238 -0.176632 0.368773 1.060186 -0.452372 -2.790597
P	-7.241383 -7.697422 0.929202 -4.054980 1.162674 0.517340 0.399280 1.722615 -3.901690
Q	-4.965730 0.433242 0.133387 0.287276 -0.053434 -7.197617 1.593382 0.481656 0.690916
R	0.465786 0.949880 -0.764910 -7.619849 0.041507 -3.663301 -0.480494 0.322374 -2.985464
S	-6.536873 0.229662 0.818476 -0.092276 0.286115 1.261194 -0.373144 0.077541 0.567836
T	-5.566299 0.570813 0.441592 1.164439 0.784571 1.447939 -0.701417 -0.409857 -2.178495
V	1.658125 1.198922 0.309349 1.461267 0.792604 1.139496 0.214247 0.216575 0.813370
W	-3.266802 -7.717098 -2.935205 -2.077297 -7.762333 -7.777706 -3.341350 -7.782889 -7.782908
Y	1.279127 -0.331256 -0.054890 -1.499818 -1.393531 -3.060693 -1.208101 -1.036609 -7.442574
