A	0.867106	-3.965784	1.153157	0.142740	-0.878321	0.034216	-0.680382	0.988412	0.929033	0.034216
C	-3.965784	-3.965784	-2.795859	-2.158429	-3.965784	-2.795859	-3.965784	-3.965784	-3.965784	-2.795859
D	-3.965784	-3.965784	0.034216	2.710173	-0.351074	-0.351074	-1.107803	-2.158429	-2.158429	-3.965784
E	-3.965784	-3.965784	-2.795859	2.209141	0.802400	0.243669	-0.506353	0.034216	0.802400	-3.965784
F	1.301002	-3.965784	1.100305	-3.965784	-0.878321	-1.107803	0.142740	-0.506353	-0.351074	-1.717857
G	-0.083141	-2.158429	-2.795859	-1.380822	0.867106	1.809003	0.588805	-2.158429	0.929033	-3.965784
H	-0.878321	-3.965784	-1.107803	-2.158429	0.034216	-2.158429	-1.107803	0.034216	0.243669	-3.965784
I	-0.351074	0.337996	0.034216	-1.717857	0.929033	-0.210897	0.988412	0.734655	-1.717857	1.045443
K	2.258217	-3.965784	-3.965784	-1.380822	-0.083141	0.929033	0.142740	-0.351074	-0.083141	-3.965784
L	0.337996	3.711935	1.391768	-2.158429	1.706641	0.142740	1.518031	0.867106	-0.083141	2.351628
M	-1.380822	1.391768	1.045443	-3.965784	-1.380822	-1.380822	-0.878321	-0.878321	-2.158429	-1.107803
N	-1.717857	-3.965784	-1.717857	-0.210897	-0.680382	-1.717857	0.243669	-1.107803	0.426533	-3.965784
P	-3.965784	-3.965784	-0.210897	1.518031	1.347099	1.435095	1.873420	0.509949	-2.795859	-3.965784
Q	-1.717857	-1.380822	0.034216	-0.680382	-1.380822	-0.878321	-1.107803	0.034216	0.734655	-3.965784
R	0.663572	-2.795859	-3.965784	-2.795859	-0.878321	0.509949	-0.878321	-0.506353	0.426533	-3.965784
S	0.509949	-3.965784	-2.158429	-0.506353	-0.506353	0.337996	-1.380822	-0.351074	0.588805	-3.965784
T	-0.878321	-1.380822	-2.158429	-1.380822	-1.380822	0.034216	-0.878321	0.509949	-0.083141	-3.965784
V	-0.083141	0.142740	-2.158429	-3.965784	0.509949	-0.210897	-0.351074	1.775683	-0.210897	3.319618
W	-3.965784	-3.965784	1.391768	-3.965784	-2.795859	-2.795859	-1.107803	-3.965784	-3.965784	-3.965784
Y	0.663572	-3.965784	1.253384	-2.795859	-2.158429	-2.795859	-0.878321	-0.680382	0.929033	-2.795859
