A	0.756074	-2.906891	0.989274	-1.218835	0.132638	0.226965	0.989274	-0.076816	0.477773	0.818002	0.756074
C	-4.076816	-4.076816	-4.076816	-4.076816	-4.076816	-4.076816	-4.076816	-4.076816	-2.906891	-2.269461	-4.076816
D	-4.076816	-4.076816	-0.462106	2.781165	-0.462106	1.093109	0.623624	-0.462106	-1.491853	-4.076816	-4.076816
E	-4.076816	-4.076816	-2.269461	2.370268	0.477773	1.042125	0.989274	-0.194173	0.552541	-0.076816	-4.076816
F	0.756074	-4.076816	1.366128	-2.269461	-0.791413	-2.906891	-1.218835	0.031709	-0.462106	-0.989353	-4.076816
G	0.031709	-4.076816	-2.906891	-0.617384	-0.462106	1.324064	0.818002	0.818002	-1.828888	-0.076816	-4.076816
H	-1.218835	-4.076816	-1.828888	-1.491853	-0.617384	-1.828888	-0.194173	-1.491853	-0.076816	0.552541	-4.076816
I	0.031709	0.315502	0.818002	-2.906891	0.934412	-0.791413	-0.462106	0.934412	0.315502	-2.269461	0.989274
K	2.072932	-4.076816	-2.906891	-1.828888	-0.989353	0.315502	0.989274	-0.076816	-0.321928	0.756074	-4.076816
L	0.031709	3.735362	2.047306	-1.828888	1.664651	-1.218835	0.226965	2.194647	1.280736	-0.076816	2.563429
M	-1.218835	1.236067	0.756074	-2.906891	-0.462106	-4.076816	-2.269461	-1.218835	0.226965	-1.218835	-1.218835
N	-1.491853	-4.076816	-2.269461	0.132638	-1.491853	0.132638	-0.989353	-0.462106	-0.076816	0.132638	-4.076816
P	-4.076816	-4.076816	-0.791413	0.934412	2.194647	1.280736	-0.617384	-0.791413	-0.791413	-2.269461	-4.076816
Q	-1.828888	-1.218835	-0.989353	-1.218835	-1.491853	-1.218835	-0.194173	-0.791413	0.877381	1.093109	-4.076816
R	1.407000	-4.076816	-2.906891	-2.906891	-2.269461	-0.321928	-0.462106	-0.194173	-0.989353	0.226965	-4.076816
S	0.934412	-4.076816	-1.828888	0.031709	-1.218835	1.407000	0.623624	0.477773	-0.194173	1.042125	-4.076816
T	-0.076816	-2.906891	-2.906891	-1.218835	-0.321928	-0.194173	0.226965	-0.462106	0.132638	0.934412	-2.269461
V	-0.321928	0.691369	-0.462106	-2.269461	0.623624	-0.194173	0.398918	0.226965	0.691369	0.132638	3.161589
W	-2.906891	-4.076816	1.446746	-4.076816	-4.076816	-4.076816	-2.906891	-2.906891	-1.218835	-2.906891	-4.076816
Y	0.226965	-4.076816	0.031709	-2.906891	-2.906891	-2.906891	-1.491853	-2.269461	0.226965	0.031709	-4.076816
