A	0.125531	0.125531	-1.044394	-1.044394	0.125531	-1.044394	1.203533	-1.044394
C	-1.044394	-1.044394	-1.044394	-1.044394	-1.044394	-1.044394	-1.044394	-1.044394
D	-1.044394	-1.044394	0.762961	-1.044394	-1.044394	-1.044394	-1.044394	-1.044394
E	-1.044394	-1.044394	0.125531	-1.044394	-1.044394	-1.044394	0.125531	-1.044394
F	1.540568	0.125531	0.762961	0.125531	-1.044394	1.813587	-1.044394	-1.044394
G	-1.044394	-1.044394	2.570316	-1.044394	-1.044394	-1.044394	0.125531	-1.044394
H	-1.044394	-1.044394	-1.044394	0.125531	-1.044394	1.203533	1.540568	-1.044394
I	0.125531	-1.044394	-1.044394	-1.044394	2.710493	-1.044394	-1.044394	0.762961
K	0.762961	-1.044394	-1.044394	2.415037	-1.044394	-1.044394	1.203533	-1.044394
L	1.203533	2.838249	-1.044394	0.762961	-1.044394	-1.044394	0.125531	2.043069
M	-1.044394	1.540568	-1.044394	-1.044394	-1.044394	0.125531	-1.044394	-1.044394
N	-1.044394	-1.044394	-1.044394	-1.044394	-1.044394	0.125531	0.125531	-1.044394
P	-1.044394	-1.044394	-1.044394	0.125531	0.762961	-1.044394	-1.044394	-1.044394
Q	-1.044394	-1.044394	-1.044394	0.762961	-1.044394	0.125531	0.125531	-1.044394
R	-1.044394	-1.044394	-1.044394	0.125531	-1.044394	0.125531	-1.044394	-1.044394
S	1.203533	-1.044394	0.125531	-1.044394	-1.044394	-1.044394	0.125531	-1.044394
T	-1.044394	-1.044394	-1.044394	-1.044394	0.125531	0.125531	0.125531	-1.044394
V	0.762961	-1.044394	-1.044394	0.125531	1.203533	-1.044394	-1.044394	2.570316
W	-1.044394	-1.044394	0.762961	-1.044394	-1.044394	1.203533	-1.044394	-1.044394
Y	0.125531	-1.044394	-1.044394	-1.044394	-1.044394	0.125531	-1.044394	-1.044394
