A	0.757276	-1.438730	1.258393	-0.460425	-0.433357	-0.797460	0.500806	0.514772	0.002976
C	-5.334894	-5.334894	-6.504819	-6.504819	-6.504819	-6.504819	-5.334894	-6.504819	-6.504819
D	-6.504819	-6.504819	0.582644	1.740734	-1.671929	-2.029086	-0.634454	-4.256891	-6.504819
E	-4.256891	-5.334894	-3.045387	2.259223	-0.488011	-0.544817	1.291221	0.660088	-6.504819
F	0.964823	-5.334894	1.452283	-1.671929	-0.603952	-0.697464	0.153392	-0.904906	-6.504819
G	-1.334894	-5.334894	-1.021003	0.368625	-0.329893	-1.191936	-3.045387	0.337531	-6.504819
H	-1.550623	-6.504819	-1.285650	-0.665615	-0.256891	-0.942577	1.346930	0.768977	-6.504819
I	-0.142875	0.709500	-0.187406	-1.875462	1.781739	1.536840	-0.832394	-3.219417	1.299312
K	2.129084	-6.504819	-2.890109	0.289597	0.721593	0.289597	-0.488011	1.216280	-6.504819
L	0.305753	3.534443	1.437696	-0.981257	1.488119	1.667609	-1.285650	-0.832394	2.779427
M	-0.942577	1.362460	0.305753	-4.256891	-1.550623	-1.550623	-2.201038	-2.622176	-1.334894
N	-1.061875	-6.504819	-0.433357	-0.078554	-0.233356	-1.021003	-0.280817	0.780583	-6.504819
P	-6.504819	-6.504819	-0.380698	1.137233	0.383924	1.044003	0.792097	-2.295366	-6.504819
Q	-0.832394	-0.433357	-0.460425	-0.305147	-0.574082	-0.574082	0.289597	0.634732	-6.504819
R	0.745479	-6.504819	-3.646838	-1.061875	-0.256891	-0.574082	-0.904906	0.685006	-6.504819
S	0.923541	-4.697464	-0.904906	-0.057736	-1.021003	-0.904906	0.042075	0.964823	-6.504819
T	-0.544817	-0.406787	-1.493592	-0.460425	-0.981257	0.289597	0.383924	0.848328	-3.646838
V	0.205987	1.082021	-1.334894	-1.238032	1.250069	1.692398	0.837256	-1.061875	3.176419
W	-3.919856	-6.504819	1.004956	-3.219417	-1.493592	-4.697464	-1.021003	-6.504819	-6.504819
Y	0.974961	-6.504819	0.826098	-2.396295	-1.736635	-1.550623	-0.210198	-0.078554	-6.504819
