A	-7.449013 0.758997 1.293618 2.157516 1.115633 0.494962 1.047050 1.213453 2.322211
C	-8.412001 -4.953555 -3.540738 -4.588938 -8.412965 -8.413388 -8.394690 -4.921959 -4.935404
D	-8.298719 -2.417067 -1.649394 -1.060295 0.324926 1.188996 -0.492160 -0.980136 -1.787617
E	-6.230297 0.082536 -0.929611 -1.197064 0.002960 -2.645274 0.181782 0.517405 -0.715055
F	2.613225 -1.895481 -0.911641 -1.454190 -3.219208 -7.802344 -1.121618 -0.814646 -3.967295
G	-7.386421 -1.160718 0.008375 -2.246724 0.251211 -1.869006 -0.295284 0.002906 1.838371
H	-7.894420 0.137008 -0.992190 -3.950189 -1.192718 -8.391005 -2.786986 -0.905332 -1.976941
I	1.449144 0.507321 0.566342 0.741694 -1.438542 -2.593724 -0.217836 -1.031262 -2.294321
K	-8.173970 0.699685 0.221706 -8.108663 0.493303 -7.838957 -1.184254 0.690469 -3.170680
L	1.675400 0.614039 0.439636 0.643526 -0.032220 -4.813390 1.004638 0.504570 -0.982215
M	-1.245998 -2.017207 -1.349816 -1.728383 -2.877015 -8.386942 -1.051321 -2.698174 -4.841655
N	-7.785223 -0.961856 -0.543623 -2.486837 -0.560788 1.294947 1.336306 -0.626291 -0.560702
P	-8.021563 -7.700119 0.934554 -8.309801 1.226040 -0.038978 0.710940 1.297262 -0.702421
Q	-8.260072 0.054879 -0.006191 -1.271155 -0.099658 -4.416337 0.473471 0.063862 1.199085
R	-7.173995 1.066771 0.709379 -8.300037 0.090634 -7.855568 -1.621488 0.736631 -2.218048
S	-7.697044 1.110991 0.729308 1.941369 1.442811 2.402831 1.188287 0.736485 2.170124
T	-4.265761 0.458080 0.311571 1.386138 0.719233 2.247952 0.180629 -0.239539 -0.395124
V	0.609948 1.447949 0.290132 1.710393 0.328087 1.094587 0.407203 0.131281 -2.205457
W	0.025060 -5.013833 -3.867436 -8.029246 -3.877621 -8.409124 -3.351581 -2.755204 -8.396818
Y	2.286071 -1.165027 -0.386559 -3.807698 -2.021301 -8.336199 -2.594163 -1.490351 -4.909452
