A	0.991489	-4.409391	-0.654503	-0.199938	0.358793	0.423499	-0.654503	0.066342	0.291049	-4.409391
C	-4.409391	-4.409391	-3.239466	-4.409391	-4.409391	-4.409391	-4.409391	-4.409391	-4.409391	-4.409391
D	-3.239466	2.804928	-0.949959	1.550611	0.485427	-0.199938	-0.300866	-2.161463	-2.161463	-4.409391
E	-0.105610	2.524300	-0.654503	1.365396	0.066342	-0.794681	-0.526748	-0.654503	-0.105610	-4.409391
F	-2.161463	-4.409391	1.714730	-0.105610	-0.105610	-0.654503	-0.300866	0.066342	-0.949959	2.524300
G	0.656698	-4.409391	-3.239466	0.857396	1.429813	0.709550	1.662071	-0.794681	0.544805	-4.409391
H	-1.321928	-4.409391	-1.824428	-0.949959	-0.949959	-0.526748	-0.300866	-0.199938	0.145198	-4.409391
I	-2.161463	-4.409391	1.074425	-1.551410	0.809778	0.760534	0.709550	0.423499	-2.602036	-1.824428
K	1.332076	-2.602036	-0.794681	0.485427	-1.824428	0.857396	-0.300866	0.601836	0.760534	-1.321928
L	-4.409391	-0.526748	1.491476	0.358793	1.033553	0.709550	1.033553	1.190522	0.656698	2.284096
M	-2.602036	-3.239466	-0.105610	-2.602036	-2.602036	-4.409391	-1.824428	-0.526748	-1.551410	0.219966
N	-1.551410	-2.602036	-2.161463	-0.526748	-0.199938	-0.654503	0.219966	-0.300866	-0.300866	-4.409391
P	-4.409391	-0.949959	1.297968	0.423499	1.152851	1.074425	0.219966	-0.654503	-2.161463	-4.409391
Q	-2.161463	0.358793	-1.321928	-0.199938	-0.794681	0.219966	-0.300866	0.485427	0.219966	-4.409391
R	2.987214	1.365396	-0.105610	-1.551410	-1.321928	-0.017074	-0.654503	0.291049	1.365396	-3.239466
S	0.423499	-1.551410	-1.123989	0.991489	0.291049	0.485427	0.544805	0.760534	1.365396	-4.409391
T	-1.551410	-1.123989	-1.824428	-0.300866	-0.409391	0.145198	-0.300866	0.656698	1.033553	-4.409391
V	-1.824428	-0.794681	0.145198	-0.654503	0.358793	0.485427	0.656698	0.656698	-0.949959	-2.602036
W	-2.602036	-4.409391	-1.551410	-3.239466	-4.409391	-4.409391	-2.602036	-3.239466	-4.409391	-0.949959
Y	0.145198	-4.409391	0.857396	-1.551410	-1.123989	-2.602036	-1.123989	-0.526748	-0.409391	2.637733
