A	1.042228	-2.488286	-0.372809	-0.198780	1.236606	0.551242	0.224432	0.551242	0.450313	-0.570749	-3.658211
C	-3.658211	-3.658211	-3.658211	-3.658211	-3.658211	-3.658211	-3.658211	-3.658211	-3.658211	-3.658211	-3.658211
D	-3.658211	2.565790	-1.850857	1.460730	-0.800230	0.817522	-0.043502	-0.570749	-3.658211	-3.658211	-3.658211
E	-3.658211	2.439821	-2.488286	2.439821	-0.372809	0.971145	0.551242	-0.570749	-1.850857	-0.800230	-3.658211
F	-1.410284	-3.658211	2.212153	-1.073249	-0.570749	-2.488286	-1.410284	-1.073249	-0.043502	-1.410284	2.212153
G	0.551242	-3.658211	-1.073249	0.645569	0.096676	0.551242	1.295985	1.699341	-1.850857	-0.372809	-3.658211
H	-1.410284	-3.658211	-1.410284	-1.410284	0.341789	-1.850857	-0.372809	-1.410284	-0.198780	0.096676	-1.410284
I	-1.850857	-1.073249	0.551242	-1.850857	0.341789	0.645569	-0.198780	0.734106	0.734106	-1.850857	-3.658211
K	2.014214	-2.488286	-0.800230	0.224432	0.450313	-0.372809	0.817522	-0.043502	-0.043502	1.608575	0.224432
L	-3.658211	0.450313	1.511714	0.224432	1.042228	-0.043502	-0.570749	0.450313	2.330473	0.645569	2.829629
M	-2.488286	-1.073249	0.341789	-3.658211	-0.800230	-2.488286	-3.658211	-1.410284	0.341789	-2.488286	-0.800230
N	-3.658211	-3.658211	-1.410284	-1.850857	-0.198780	0.450313	0.096676	0.341789	-2.488286	-0.198780	-3.658211
P	-3.658211	-0.043502	0.817522	-0.570749	1.560957	0.896377	1.109973	0.734106	-0.800230	-2.488286	-3.658211
Q	-2.488286	0.896377	-1.850857	0.896377	-0.372809	-0.198780	0.450313	-0.372809	0.224432	0.450313	-3.658211
R	3.152360	0.096676	0.096676	-0.570749	-1.073249	-0.198780	-0.800230	0.224432	-0.372809	1.407878	-2.488286
S	-0.800230	-1.073249	-0.800230	-0.198780	0.450313	1.174679	0.896377	0.096676	-0.372809	0.971145	-3.658211
T	-1.410284	-0.570749	-3.658211	-1.073249	-1.073249	-0.043502	0.224432	-0.372809	-0.800230	1.407878	-3.658211
V	-1.850857	-1.410284	-1.850857	-1.850857	-0.800230	-0.372809	-0.198780	0.645569	0.734106	-0.570749	-2.488286
W	-3.658211	-3.658211	-1.410284	-3.658211	-2.488286	-3.658211	-3.658211	-3.658211	-1.410284	-3.658211	-0.570749
Y	-1.410284	-3.658211	1.174679	-0.800230	-1.850857	-1.850857	-2.488286	-1.850857	0.096676	-0.198780	2.083256
