A	0.770266	-3.622052	-1.037089	0.260591	2.394756	-1.037089	1.146133	-2.452127
C	-3.622052	-3.622052	-3.622052	-3.622052	-3.622052	-3.622052	-3.622052	-3.622052
D	-3.622052	4.116040	-3.622052	-3.622052	-3.622052	-3.622052	-2.452127	-3.622052
E	-2.452127	-0.007342	-3.622052	0.132836	-2.452127	-0.336650	0.132836	-3.622052
F	-0.764071	-3.622052	2.185303	-0.534589	0.260591	0.132836	-1.814697	2.248313
G	-0.534589	-3.622052	-3.622052	-1.814697	1.778828	-2.452127	0.770266	-3.622052
H	0.486473	-3.622052	-0.162620	-2.452127	-1.037089	1.078388	0.932537	-3.622052
I	-0.764071	-3.622052	1.597117	1.007305	-1.374124	0.587402	-3.622052	-2.452127
K	1.940191	-3.622052	0.681729	1.444037	1.332144	-0.007342	1.496889	-3.622052
L	-2.452127	-3.622052	1.940191	2.050374	-3.622052	0.260591	-0.007342	3.369470
M	-3.622052	-3.622052	-0.162620	-1.814697	-2.452127	-3.622052	-1.814697	1.007305
N	-3.622052	-3.622052	-2.452127	-2.452127	-3.622052	-0.336650	0.486473	-3.622052
P	-3.622052	-3.622052	-3.622052	0.853682	-2.452127	1.146133	-2.452127	-3.622052
Q	-1.814697	-1.814697	-3.622052	0.486473	-2.452127	0.587402	0.260591	-3.622052
R	2.944002	-3.622052	-1.814697	-1.814697	-3.622052	-0.534589	0.587402	-3.622052
S	0.260591	-3.622052	-1.374124	-1.037089	1.690831	0.132836	1.272766	-3.622052
T	-1.814697	-3.622052	-0.764071	-0.764071	0.377948	0.260591	-0.534589	-3.622052
V	-1.374124	-3.622052	-0.764071	0.853682	-1.037089	1.444037	-1.374124	-2.452127
W	-3.622052	-3.622052	-1.374124	-3.622052	-1.374124	-1.037089	-3.622052	-3.622052
Y	-1.037089	-3.622052	0.853682	-0.764071	-2.452127	-0.534589	-1.037089	0.377948
