A	1.063101	-2.002322	0.425671	0.057761	0.075485	0.169255	0.383607	0.272746	-4.514772
C	-6.432310	-7.602235	-5.794880	-7.602235	-7.602235	-5.794880	-5.794880	-6.432310	-7.602235
D	-4.142803	2.578917	-0.683372	1.523179	-1.055340	-1.763031	-1.894876	-3.392782	-7.602235
E	-1.585427	0.486553	-2.901795	1.625983	-0.514772	-0.653868	-0.063076	0.666892	-7.602235
F	-0.759885	-5.354307	1.760805	-1.240291	0.473244	-0.063076	-0.015395	-1.504203	1.957620
G	0.325543	-5.794880	-2.039992	0.631385	0.411786	-0.668544	-2.648039	0.101669	-7.602235
H	-1.074758	-5.017272	-0.568812	-1.929810	-0.194967	-0.824158	0.729802	0.257300	-1.218531
I	-0.744254	-1.284822	0.354867	-1.155152	1.277348	1.269670	0.570193	-1.827448	-0.791663
K	2.011555	-2.769345	0.453048	0.185668	0.418745	0.169255	-0.639339	1.017985	-1.055340
L	-1.894876	1.707810	1.348321	0.310654	1.098205	0.678536	1.387869	0.144279	2.891871
M	-2.591008	-0.791663	-0.624955	-2.707417	-1.731870	-2.591008	-1.094440	-1.929810	0.075485
N	-2.002322	-5.017272	0.280408	-0.424815	-0.412410	-0.610713	-0.424815	-0.122455	-7.602235
P	-6.432310	-1.240291	-0.610713	1.265816	-0.400111	0.655153	-0.375823	-2.335448	-7.602235
Q	-1.055340	0.453048	-1.175970	0.003245	-0.316833	-0.072804	0.383607	0.666892	-6.432310
R	2.465872	1.713481	-0.713492	-1.330772	-0.891428	0.649248	-0.271318	0.937893	-1.530773
S	0.821931	-1.763031	-0.082599	0.690087	0.362106	0.354867	0.257300	1.384318	-7.602235
T	-1.134629	-0.122455	-1.197093	-0.653868	-0.092460	0.332930	0.003245	0.994887	-7.602235
V	-0.582644	0.499741	-0.260160	-0.624955	0.918384	1.457110	1.027122	-0.015395	-0.412410
W	-5.017272	-7.602235	-0.891428	-3.987525	-1.763031	-3.392782	-1.860768	-5.354307	-0.387916
Y	-0.092460	-2.648039	1.040719	-1.894876	-0.501573	-1.530773	0.347592	-0.824158	2.067979
