A	1.118513	-2.271506	0.748634	-0.107929	0.134735	0.283923	-0.436233	0.679434	0.446035	0.872858
C	-5.018740	-4.750806	-5.545987	-4.423996	-4.078861	-3.933010	-4.524925	-3.679253	-3.033537	-4.241132
D	-6.048487	-3.514508	0.511209	2.131215	0.872858	0.291363	-0.335387	-1.113813	-2.207185	-7.463524
E	-4.004093	-0.198821	-2.048487	2.142572	1.141338	0.545838	-0.078861	0.495189	0.832627	-5.775468
F	1.069589	-3.738632	0.996363	-2.207185	-0.551300	-0.912350	-0.346892	-0.411862	-0.301413	-1.313777
G	0.612697	-3.567360	-1.302532	0.767430	1.608534	1.157714	0.331613	-1.822878	0.442698	-6.385522
H	-1.194658	-3.463524	-1.775468	-1.532787	-0.853730	-0.690935	-1.018740	0.287648	-0.036328	-6.385522
I	-0.279200	0.456001	0.659447	-2.293599	-0.295827	0.101260	1.030109	0.539603	-2.125655	0.600769
K	1.627764	-4.157716	-2.207185	-0.676347	-0.295827	0.439353	-0.633449	-0.861960	0.603761	-3.232570
L	0.009505	3.673894	2.273253	-0.758468	0.533341	0.729590	1.816215	1.054364	0.588742	3.097764
M	-1.975238	0.395147	-0.027044	-3.679253	-2.228308	-1.888616	-1.313777	-1.313777	-2.125655	-0.705671
N	-2.249745	-5.545987	-1.506745	-0.531474	-0.162791	-0.358489	-0.142598	-0.454785	-0.352679	-7.463524
P	-5.348047	-1.871898	0.491964	1.191907	0.819821	0.994085	1.067424	0.726849	-1.545987	-7.463524
Q	-1.545987	-0.157716	-0.683623	-0.364323	-0.405833	-0.083665	-0.436233	0.398596	0.618625	-5.775468
R	0.984936	-2.271506	-3.232570	-1.939962	-1.104019	-0.591790	-1.205089	-0.920922	0.370771	-4.241132
S	1.103798	-2.794246	-0.479897	0.478990	0.384751	0.276444	-0.219821	-0.122685	1.027883	-5.018740
T	-0.017820	-2.186366	-1.888616	-0.920922	-0.605543	0.122273	-0.209283	0.511209	0.957138	-2.926090
V	0.113904	0.268926	-0.279200	-2.105972	-0.008654	0.384751	1.032331	1.185931	-0.417916	2.715555
W	-4.423996	-6.385522	-0.912350	-4.078861	-3.366663	-3.865265	-3.463524	-2.186366	-4.329669	-8.633449
Y	0.729590	-4.004093	0.582690	-2.067395	-1.744706	-2.048487	-1.760005	-0.640511	0.211256	-4.241132
