A	1.191281	-3.154039	1.005832	-0.557563	0.471951	0.537839	0.733299	0.173427	0.408790	0.443584	0.719168
C	-6.684554	-7.854479	-4.767016	-7.854479	-4.099591	-4.996498	-4.099591	-4.099591	-3.299890	-4.767016	-5.269516
D	-6.684554	-4.395047	0.173427	2.269642	0.930156	0.854605	0.709671	0.035785	-1.704732	-2.292236	-6.684554
E	-4.767016	-1.583016	-1.837671	2.236957	1.261215	0.986299	0.962505	0.145521	-0.050348	0.432079	-6.047124
F	0.909563	-4.996498	0.966498	-2.900283	-1.143672	-2.370663	-1.537066	-1.214234	-0.277050	-0.436626	-1.865794
G	0.690486	-4.239769	-1.160992	0.574928	0.824121	1.070334	1.327916	0.379141	-1.386873	-0.074759	-6.047124
H	-1.428214	-4.395047	-2.411535	-2.113012	-0.780337	-1.232427	-0.557563	-0.920788	0.260565	-0.315320	-6.047124
I	0.200804	0.305393	0.709671	-2.735538	-0.221484	0.200804	-0.415687	0.841619	0.723894	-2.330917	0.324186
K	1.355584	-3.745954	-2.113012	-1.492535	-0.664654	-0.296058	0.305393	0.117065	-1.288425	1.021271	-2.496927
L	0.324186	3.812189	2.287309	0.227670	0.631350	0.324186	0.437843	1.775333	1.700590	0.880231	3.239599
M	-1.810085	0.414648	0.073299	-3.550698	-1.730358	-2.015275	-2.182053	-1.923741	-0.141952	-1.837671	-0.640160
N	-1.783016	-5.606551	-1.679553	-0.296058	-0.315320	0.043367	-0.426119	-0.286523	-0.862957	-0.248999	-6.047124
P	-7.854479	-2.411535	0.516209	1.251430	1.184440	1.128515	0.273515	0.095348	-0.066576	-1.783016	-6.047124
Q	-1.327002	-0.384837	-0.702194	-0.664654	-0.203427	-0.689572	-0.082989	-0.230597	0.751926	0.779425	-5.606551
R	1.099717	-2.635310	-2.496927	-2.370663	-1.654806	-1.076402	-0.604180	-0.862957	-1.143672	0.761151	-3.299890
S	1.055414	-4.569077	-0.426119	0.324186	0.437843	0.897065	0.621255	0.420482	-0.267639	0.974451	-5.606551
T	-0.107965	-2.684554	-2.182053	-1.012128	0.012800	0.109862	-0.026342	0.247497	0.180320	0.863198	-2.684554
V	0.317949	0.348869	-0.082989	-2.015275	0.159542	0.145521	0.267055	0.700110	1.132074	-0.058439	2.597762
W	-4.767016	-6.684554	-0.628067	-4.996498	-3.086295	-5.269516	-4.569077	-4.569077	-2.113012	-5.606551	-6.047124
Y	0.510750	-3.971836	0.095348	-3.086295	-2.015275	-2.635310	-1.837671	-1.407396	-0.628067	-0.150575	-3.550698
