A	1.671997	-3.409391	0.558041	-1.334103	0.226198	0.226198	0.490613	0.854717	0.226198	-0.046821	0.419879	0.743256
C	-5.216746	-5.216746	-5.216746	-4.046821	-5.216746	-3.409391	-3.409391	-4.046821	-2.968818	-5.216746	-5.216746	-5.216746
D	-5.216746	-4.046821	-0.516306	2.943125	0.771939	1.423499	1.007256	0.226198	-0.150657	-1.108221	-2.968818	-5.216746
E	-4.046821	-1.931344	-1.757314	2.179859	1.188396	0.982926	1.145198	0.590609	-0.097805	-0.097805	0.590609	-5.216746
F	1.007256	-4.046821	1.641235	-2.968818	-1.216746	-1.108221	-1.757314	-2.358765	-1.602036	0.096137	0.455679	-5.216746
G	0.383167	-3.409391	-1.216746	0.933001	0.933001	1.031182	1.368217	1.935539	0.524721	-1.757314	-0.097805	-4.046821
H	-1.334103	-4.046821	-3.409391	-2.631783	-1.216746	-1.461858	-0.912965	-1.007292	-1.461858	0.050041	-0.587389	-5.216746
I	-0.205519	-0.383856	0.771939	-4.046821	0.490613	-0.205519	-1.216746	-0.448562	0.622458	1.166958	-2.968818	-0.383856
K	1.441466	-5.216746	-3.409391	-2.631783	-1.931344	-0.587389	0.140806	0.490613	0.419879	-1.931344	0.455679	-5.216746
L	-0.205519	3.943756	2.312685	-2.631783	1.476741	0.226198	-1.007292	-0.912965	1.494061	1.577670	1.007256	3.289066
M	-2.358765	0.524721	0.306816	-5.216746	-0.741012	-1.602036	-2.631783	-2.631783	-1.461858	-0.662157	-2.129283	-1.461858
N	-2.129283	-5.216746	-2.358765	-1.007292	-1.602036	-0.150657	0.096137	-0.046821	0.096137	-0.587389	-0.662157	-5.216746
P	-5.216746	-2.968818	-0.205519	0.800062	1.077875	0.590609	1.054717	-0.205519	0.490613	-0.150657	-2.358765	-5.216746
Q	-1.602036	-1.757314	-0.912965	-1.216746	0.096137	0.050041	-1.461858	-0.741012	0.140806	0.184134	0.907375	-5.216746
R	0.958180	-2.358765	-4.046821	-3.409391	-2.631783	-1.007292	-0.448562	-0.587389	-0.205519	-2.129283	0.524721	-5.216746
S	0.982926	-3.409391	-1.108221	0.002423	0.050041	0.771939	0.743256	1.054717	0.345497	-0.383856	0.881286	-5.216746
T	-0.205519	-4.046821	-1.757314	-0.824428	-0.448562	0.140806	0.267070	0.226198	0.096137	0.267070	1.166958	-2.968818
V	0.267070	-0.205519	-0.383856	-1.757314	0.184134	0.140806	0.345497	0.226198	0.622458	1.528088	-0.262550	2.783254
W	-4.046821	-5.216746	0.306816	-5.216746	-2.631783	-4.046821	-4.046821	-4.046821	-3.409391	-1.007292	-3.409391	-5.216746
Y	0.771939	-5.216746	0.524721	-4.046821	-1.931344	-1.931344	-2.129283	-0.912965	-1.931344	-0.321928	0.184134	-5.216746
