A	1.446683	-3.954196	-0.071553	-2.146841	0.521537	-0.339486	-0.071553	0.255257	0.255257	0.940621	0.600393	0.154328	0.940621
C	-3.954196	-3.954196	-2.784271	-3.954196	-3.954196	-2.784271	-2.146841	-3.954196	-1.706269	-3.954196	-3.954196	-2.784271	-3.954196
D	-3.954196	-3.954196	-1.096215	2.888154	1.358687	1.215729	1.215729	1.000000	0.675160	-0.494765	-2.146841	-2.146841	-3.954196
E	-3.954196	-3.954196	-2.784271	2.407747	1.264972	1.264972	1.358687	0.349584	1.057031	-0.199309	-1.096215	0.521537	-3.954196
F	1.057031	-3.954196	1.403356	-2.784271	-0.494765	-2.146841	-0.866733	-2.784271	-3.954196	-1.706269	0.600393	-0.071553	-3.954196
G	1.000000	-3.954196	-1.706269	0.675160	0.255257	0.675160	1.057031	1.057031	1.358687	0.521537	-2.146841	-0.866733	-2.784271
H	-1.369234	-3.954196	-2.784271	-2.784271	-2.146841	-0.339486	-2.146841	-1.706269	0.154328	-0.866733	-0.494765	-0.494765	-3.954196
I	0.154328	-0.866733	1.403356	-2.784271	0.521537	0.349584	-0.668794	-0.199309	-1.369234	1.111893	1.446683	-2.784271	-1.096215
K	1.853159	-3.954196	-3.954196	-2.784271	-1.096215	-0.494765	-0.199309	-0.071553	1.215729	0.600393	-2.784271	0.600393	-3.954196
L	-0.199309	3.973582	2.686049	-3.954196	0.438121	0.940621	0.438121	0.521537	-1.096215	0.878694	1.976541	1.164745	3.272216
M	-3.954196	0.813988	0.349584	-3.954196	-0.866733	-1.369234	-2.784271	-1.706269	-3.954196	-1.706269	-0.866733	-2.784271	-2.784271
N	-1.706269	-2.784271	-1.706269	-0.866733	-1.096215	0.349584	-0.071553	-0.339486	-0.866733	-0.199309	-1.369234	-0.071553	-3.954196
P	-3.954196	-3.954196	-0.339486	1.264972	1.403356	0.438121	0.255257	0.675160	0.675160	-0.071553	0.045804	-2.146841	-3.954196
Q	-1.369234	-1.706269	-1.706269	-0.668794	-1.096215	0.045804	0.438121	0.255257	0.521537	-0.199309	-0.199309	1.164745	-3.954196
R	0.675160	-3.954196	-3.954196	-2.146841	-1.706269	-2.784271	-0.199309	-1.706269	0.045804	-0.339486	-1.369234	0.255257	-3.954196
S	0.940621	-3.954196	-2.146841	-1.706269	-0.668794	0.521537	0.600393	0.940621	0.675160	0.746243	-0.494765	1.164745	-3.954196
T	-0.199309	-2.784271	-2.784271	-2.146841	0.154328	0.255257	-0.199309	1.164745	-0.668794	0.349584	0.255257	1.057031	-2.784271
V	-1.096215	-1.096215	-1.706269	-2.784271	0.521537	-0.668794	0.154328	-0.071553	-1.706269	0.521537	1.164745	-0.668794	2.739291
W	-3.954196	-3.954196	-0.339486	-3.954196	-3.954196	-3.954196	-2.784271	-3.954196	-2.784271	-2.784271	-1.369234	-3.954196	-3.954196
Y	0.349584	-2.784271	0.878694	-2.784271	-1.096215	-1.706269	-3.954196	-1.706269	-0.866733	-1.706269	-0.494765	0.255257	-3.954196
