A	0.830075	-1.754888	-1.754888	-1.754888	-1.754888	-1.754888	0.052467	0.052467	0.052467	0.052467	1.103093	0.052467	1.103093	0.052467
C	-1.754888	-1.754888	-1.754888	-1.754888	-1.754888	-1.754888	-1.754888	-1.754888	-1.754888	-1.754888	-1.754888	-1.754888	-1.754888	-1.754888
D	-1.754888	-1.754888	0.052467	2.799701	1.103093	0.493040	0.493040	0.052467	0.493040	0.052467	-1.754888	-1.754888	-0.584963	-1.754888
E	-1.754888	-1.754888	-0.584963	1.704544	0.493040	0.493040	0.830075	0.493040	0.830075	1.103093	0.052467	-0.584963	0.493040	-1.754888
F	0.830075	-1.754888	1.103093	-1.754888	0.052467	-0.584963	-0.584963	-0.584963	-1.754888	0.493040	-0.584963	0.493040	0.052467	-1.754888
G	0.493040	-1.754888	-0.584963	1.530515	0.493040	1.103093	-1.754888	2.000000	1.530515	2.353637	0.493040	0.052467	0.052467	-1.754888
H	-1.754888	-1.754888	-1.754888	-1.754888	-0.584963	-1.754888	0.052467	0.052467	-0.584963	-0.584963	-0.584963	0.052467	0.052467	-1.754888
I	0.052467	-0.584963	0.493040	-1.754888	0.830075	0.830075	0.493040	-1.754888	-1.754888	-1.754888	0.493040	1.103093	-1.754888	-1.754888
K	1.704544	-1.754888	-1.754888	-0.584963	-1.754888	-1.754888	-0.584963	-1.754888	0.830075	1.103093	0.830075	-1.754888	-1.754888	-1.754888
L	-1.754888	3.728928	1.859822	-1.754888	0.493040	0.830075	0.493040	1.530515	-0.584963	-0.584963	0.493040	1.332575	0.493040	2.720846
M	-1.754888	-0.584963	-1.754888	-1.754888	-0.584963	-1.754888	-1.754888	-0.584963	-1.754888	-1.754888	-0.584963	0.493040	-1.754888	-1.754888
N	-1.754888	-1.754888	-1.754888	-1.754888	-1.754888	-0.584963	1.103093	0.493040	-0.584963	-1.754888	-0.584963	-1.754888	-0.584963	-1.754888
P	-1.754888	-1.754888	-1.754888	0.830075	0.830075	0.052467	0.493040	-1.754888	0.830075	0.052467	0.493040	-1.754888	-0.584963	-1.754888
Q	-1.754888	-0.584963	-1.754888	-1.754888	0.493040	-0.584963	0.052467	-0.584963	0.493040	0.052467	-0.584963	-1.754888	0.830075	-1.754888
R	1.103093	-1.754888	-1.754888	-1.754888	-1.754888	-0.584963	-1.754888	-1.754888	-0.584963	-1.754888	-0.584963	-0.584963	-0.584963	-1.754888
S	1.332575	-1.754888	-1.754888	-1.754888	0.493040	1.332575	1.103093	1.103093	0.830075	-0.584963	1.103093	-0.584963	0.830075	-1.754888
T	0.052467	-1.754888	-1.754888	-1.754888	-0.584963	1.332575	0.052467	-1.754888	0.052467	-0.584963	0.052467	0.493040	1.530515	-1.754888
V	0.493040	-1.754888	0.052467	-1.754888	0.830075	-0.584963	-0.584963	-0.584963	-0.584963	-1.754888	0.052467	0.830075	-0.584963	2.874469
W	-1.754888	-1.754888	1.103093	-1.754888	-1.754888	-1.754888	-1.754888	-1.754888	-1.754888	-1.754888	-1.754888	-0.584963	-1.754888	-1.754888
Y	-0.584963	-1.754888	2.000000	-1.754888	-0.584963	-1.754888	-0.584963	-1.754888	-1.754888	-1.754888	-1.754888	0.830075	-0.584963	-1.754888
