A	0.290212	-2.104647	0.071203	-0.546652	-0.259622	-0.640366	0.667942	-0.905338
C	-5.859535	-5.859535	-5.859535	-5.859535	-5.859535	-5.859535	-4.689610	-5.859535
D	-5.859535	-3.274572	2.015447	1.103361	-1.383801	-2.400103	-4.689610	-5.859535
E	-5.859535	-5.859535	0.157274	1.471382	-1.091350	-0.084748	1.437381	-5.859535
F	1.835694	-1.467217	0.502409	-0.964717	-0.848308	0.667942	-0.501983	-3.001554
G	-0.416591	-5.859535	1.952643	0.010830	-0.848308	-4.689610	-0.501983	-5.859535
H	-1.091350	-5.859535	-1.859535	0.010830	-0.416591	1.378870	0.129150	-5.859535
I	0.071203	-0.335973	-0.416591	-0.740594	1.547733	0.648260	-1.467217	-0.052180
K	0.998446	-5.859535	-1.467217	1.599897	0.388393	-1.467217	0.982816	-5.859535
L	1.366877	3.953846	0.566730	-0.335973	1.013909	0.868386	0.545607	3.319752
M	-1.304946	0.502409	-1.859535	-4.052180	-2.400103	-2.244825	-1.976892	-2.104647
N	-3.274572	-4.689610	-1.304946	-0.793446	-1.383801	-1.091350	-0.297292	-5.859535
P	-5.859535	-4.052180	0.798677	0.780710	1.437381	0.851272	-1.555754	-5.859535
Q	-2.772072	-0.501983	-1.751010	0.010830	-1.467217	-0.084748	0.480315	-5.859535
R	-0.187109	-5.859535	-3.001554	-0.335973	-1.751010	-1.467217	0.315391	-5.859535
S	0.816422	-4.689610	-0.458655	-0.020331	-0.458655	-0.905338	0.648260	-5.859535
T	-0.964717	-5.859535	-1.976892	-0.222910	-0.222910	0.457878	0.687360	-4.052180
V	0.129150	-1.159095	-1.467217	0.071203	2.119176	1.669896	0.129150	2.977305
W	-5.859535	-3.611607	-0.740594	-4.052180	-3.611607	-1.230178	-2.244825	-5.859535
Y	1.755175	-3.274572	-0.259622	-1.650081	-2.104647	-0.118068	-0.335973	-5.859535
