A	1.125881	-0.281103	0.977784	0.131855	0.222620	-0.106021	0.441123	0.681179	0.216610
C	-4.485839	-6.284508	-4.091863	-5.134932	-3.546331	-3.158346	-3.772058	-3.327577	-3.229499
D	-3.917231	-8.091863	0.942208	1.584716	-0.267934	-1.092858	-1.267185	-2.178622	-11.179326
E	-1.930213	-3.640167	-1.565537	2.005588	0.450258	-0.237361	0.530512	1.083576	-11.179326
F	0.748452	-3.186388	0.214601	-2.457372	-0.296301	-0.440811	-0.128797	-0.728373	-1.061683
G	0.300454	-4.594363	-0.952312	0.678266	0.343991	-0.845053	-3.137667	-0.116942	-9.371971
H	-0.620427	-8.091863	-0.729661	-1.084588	-0.087725	-1.326406	0.494535	-0.146764	-7.424438
I	0.047839	0.920186	0.610615	-2.210659	0.401050	1.341600	0.408686	-2.350396	1.067340
K	1.362920	-8.594363	-0.636052	0.244446	0.846852	-0.856271	-0.660427	0.954699	-5.736382
L	0.191634	3.395696	1.487120	-1.162518	0.748452	1.777595	1.121956	0.374903	3.155471
M	-1.421103	0.450258	-0.321345	-3.640167	-1.990737	-1.446311	-1.431553	-2.015676	-0.677738
N	-0.984261	-8.594363	-0.331094	-0.272623	-0.400222	-0.457800	-0.573384	-0.106858	-11.179326
P	-5.912539	-5.055205	0.330449	1.288471	-0.101843	0.454237	0.894062	-2.041054	-7.070802
Q	-0.669056	1.006324	-0.241952	-0.059088	-0.161474	-0.187804	0.400461	0.731223	-9.371971
R	0.873836	-6.346436	-1.736382	-0.912247	0.152291	-1.312820	-0.667820	0.575040	-4.979654
S	1.084310	-1.819028	0.358014	0.690364	0.318651	0.168295	-0.072927	1.112996	-5.340122
T	0.080564	-0.672770	-0.469596	-0.464222	0.074669	0.399283	0.345216	0.836002	-3.124044
V	0.233244	1.093450	0.087900	-1.386129	0.771868	1.498999	1.007871	-0.448219	2.647520
W	-3.649895	-7.719894	-1.365946	-4.001906	-2.825077	-4.336976	-1.835585	-5.004400	-7.296683
Y	0.427311	-4.774185	0.008181	-2.898555	-0.662887	-1.433652	-0.371770	-0.293439	-2.819576
