A	-1.907858 0.967358 1.859087 1.810961 1.289693 2.005069 1.471864 1.307662 2.012833
C	-9.487630 -5.874560 -1.390563 -3.044667 -4.549120 -5.044672 -4.860492 -9.483448 -2.106697
D	-1.943905 -1.537985 -1.697415 2.166291 -0.488508 0.651700 0.184615 -1.214073 -1.351317
E	-3.568358 0.310684 -0.913863 0.721782 0.236185 -1.779294 0.940161 0.659718 -0.594748
F	2.226589 -2.421310 -1.516149 -1.050532 -3.152193 -2.888635 -1.135567 -2.084952 -3.255639
G	-4.092665 -1.737908 -0.132006 -1.943616 -0.668276 -1.079161 -1.144967 0.288285 1.133971
H	-4.790435 -0.184411 -1.303436 -8.138941 -1.151240 -9.028897 -0.002565 -1.043949 -2.746134
I	2.191815 0.608565 0.735519 0.904226 0.177800 -0.906364 -0.144068 -0.913336 -1.131370
K	-8.063456 0.732017 -0.518085 -5.055579 0.987746 -3.180399 -1.113498 0.672197 0.705518
L	0.492680 -0.215660 0.055895 0.577193 -0.574330 -2.363516 0.791002 0.842639 -0.391092
M	-2.214923 -2.272088 -0.878284 -0.636463 -3.005365 -4.348568 -2.280124 -2.344225 -2.057644
N	-3.851030 -0.099566 -0.590571 -2.826698 -0.238769 0.347319 1.177701 -0.782189 -2.745710
P	-2.875149 -7.425519 0.212943 -9.210632 0.893994 0.051985 -0.133822 1.424352 -4.634824
Q	-5.223897 0.269213 -0.520078 -0.275863 0.048194 -4.889627 0.502088 -0.271475 0.684738
R	-8.976164 1.007999 -0.676914 -9.243553 0.051834 -4.073316 -0.864276 0.732976 0.887070
S	-4.746864 0.120009 1.142649 0.392001 0.803171 1.998282 0.278620 0.504096 1.825289
T	-3.203311 0.752661 0.533095 -0.052769 0.913643 1.958323 -0.928402 -0.439942 -1.051172
V	0.868074 1.604669 0.880250 0.595032 0.867723 1.188958 0.700750 0.294284 0.378334
W	-0.387702 -1.847819 -3.729257 -2.064495 -4.371779 -9.479404 -3.335472 -3.858712 -9.481502
Y	2.445780 -0.794532 -0.285245 -1.142755 -2.050574 -5.003578 -1.618801 -2.004636 -2.591859
