A	-1.395929	1.056584	1.056584	-0.785875	0.831877	0.659925	0.111031	0.111031	1.669027	-2.473931
C	-3.643856	-2.473931	-2.473931	-3.643856	-3.643856	-3.643856	-2.473931	-2.473931	-2.473931	-3.643856
D	-0.556393	-3.643856	2.286881	1.575312	0.831877	0.356144	0.565597	0.238787	-3.643856	-3.643856
E	-0.184425	-1.836501	0.831877	1.526069	0.985500	1.622930	1.575312	0.464668	0.565597	-3.643856
F	1.422233	-3.643856	-0.184425	-1.836501	-1.058894	-1.395929	-1.395929	-2.473931	-3.643856	1.250962
G	-1.836501	-3.643856	-2.473931	0.464668	1.250962	0.831877	-0.029146	-2.473931	-1.395929	-3.643856
H	1.310340	-3.643856	-1.836501	-0.358454	-1.395929	-0.785875	-0.029146	0.565597	-1.395929	-3.643856
I	-0.184425	-1.395929	0.910733	-1.836501	-0.029146	-0.184425	0.565597	0.238787	-0.358454	-3.643856
K	-3.643856	-3.643856	-2.473931	-1.395929	-1.836501	0.238787	0.565597	-1.836501	0.831877	-3.643856
L	1.713696	-2.473931	-0.556393	-2.473931	-0.556393	-1.836501	-0.556393	0.356144	-0.556393	3.698218
M	1.250962	-3.643856	-1.395929	-1.836501	-1.058894	-3.643856	-1.395929	-1.058894	-3.643856	1.310340
N	-0.785875	-3.643856	-0.785875	0.111031	-0.184425	-0.785875	-0.358454	-1.058894	-0.358454	-3.643856
P	-3.643856	3.855990	0.565597	2.097611	0.356144	0.831877	0.565597	1.250962	-0.556393	-3.643856
Q	-1.395929	-3.643856	-0.556393	-0.358454	-1.058894	-0.184425	-0.184425	0.748461	-0.785875	-3.643856
R	-2.473931	-3.643856	-3.643856	-1.395929	-1.836501	0.238787	-0.029146	-0.556393	-0.556393	-3.643856
S	-0.785875	-3.643856	0.111031	0.659925	0.748461	0.464668	0.238787	-0.184425	1.367371	-3.643856
T	0.356144	-2.473931	-1.395929	-0.184425	0.985500	0.464668	-0.358454	0.831877	1.575312	-3.643856
V	-0.785875	-0.029146	0.565597	-1.058894	0.565597	0.464668	0.238787	1.422233	1.189034	-1.058894
W	-3.643856	-3.643856	-2.473931	-3.643856	-2.473931	-3.643856	-3.643856	-3.643856	-3.643856	-3.643856
Y	1.124328	-1.395929	-0.556393	-1.395929	-1.058894	-2.473931	-0.785875	-1.058894	-1.836501	-1.395929
