A	-0.646890	0.719892	0.860070	0.860070	0.860070	-0.309855	0.564614	0.564614	-0.646890	1.314636	-1.087463
C	-2.894818	-2.894818	-2.894818	-2.894818	-2.894818	-2.894818	-2.894818	-1.724893	-1.724893	-2.894818	-1.724893
D	-1.087463	-2.894818	1.873367	1.805622	0.719892	0.564614	0.192645	0.564614	0.564614	-1.724893	-2.894818
E	0.390584	-2.894818	1.497500	0.390584	2.275107	1.408963	0.860070	0.860070	0.564614	0.390584	-2.894818
F	1.408963	-2.894818	0.564614	-1.724893	-2.894818	-1.724893	-1.724893	-1.724893	-1.724893	-1.724893	0.719892
G	-2.894818	-1.724893	-2.894818	0.192645	0.719892	1.408963	1.105182	0.987825	-0.646890	-1.724893	-2.894818
H	1.314636	-2.894818	-1.724893	-0.646890	-1.087463	-1.087463	0.564614	-0.036837	1.105182	-2.894818	-2.894818
I	0.564614	-2.894818	0.564614	-1.087463	0.192645	-0.036837	-0.646890	-0.646890	-0.309855	0.719892	-1.087463
K	-2.894818	-2.894818	-2.894818	-2.894818	-2.894818	0.192645	0.860070	0.390584	-1.724893	-0.646890	-2.894818
L	1.497500	-2.894818	-0.036837	-0.646890	0.192645	-0.309855	-0.309855	0.719892	0.719892	0.390584	3.593022
M	1.105182	-2.894818	-1.724893	-1.724893	-2.894818	-2.894818	-1.724893	-1.087463	-1.087463	-1.087463	1.408963
N	-1.087463	-2.894818	0.192645	-1.724893	-1.724893	-0.309855	-0.036837	0.192645	0.564614	-1.087463	-2.894818
P	-2.894818	3.833103	-0.036837	2.171271	-0.646890	0.719892	0.987825	-0.036837	-0.646890	-1.724893	-2.894818
Q	-1.087463	-2.894818	-0.646890	-1.087463	-0.309855	-0.646890	-1.087463	-0.036837	1.659771	0.719892	-2.894818
R	-1.724893	-2.894818	-2.894818	-1.724893	-1.724893	-1.087463	-0.646890	-0.646890	-0.309855	-0.646890	-2.894818
S	-0.646890	-2.894818	-0.036837	0.390584	1.105182	1.213707	0.192645	-0.646890	0.390584	1.314636	-2.894818
T	-0.309855	-1.724893	-1.724893	0.192645	-0.309855	0.390584	-0.036837	0.987825	0.192645	0.987825	-2.894818
V	-0.309855	-0.309855	0.390584	-1.087463	0.390584	-0.309855	0.192645	-0.309855	-0.036837	1.659771	-2.894818
W	-2.894818	-2.894818	-2.894818	-1.724893	-1.724893	-1.724893	-2.894818	-2.894818	-2.894818	-2.894818	-1.724893
Y	0.860070	-0.309855	0.192645	-0.309855	-2.894818	-2.894818	-1.087463	-1.724893	-2.894818	-2.894818	-1.087463
