A	-0.523562	-0.523562	-0.523562	-0.523562	0.646363	1.283793	0.646363	1.283793	2.334419	-0.523562	1.283793	-0.523562
C	-0.523562	-0.523562	-0.523562	-0.523562	-0.523562	-0.523562	-0.523562	-0.523562	-0.523562	-0.523562	-0.523562	-0.523562
D	-0.523562	-0.523562	-0.523562	1.724366	-0.523562	-0.523562	-0.523562	-0.523562	-0.523562	-0.523562	-0.523562	-0.523562
E	-0.523562	-0.523562	2.061401	-0.523562	0.646363	0.646363	-0.523562	1.724366	-0.523562	-0.523562	-0.523562	-0.523562
F	0.646363	-0.523562	-0.523562	-0.523562	-0.523562	0.646363	-0.523562	-0.523562	-0.523562	-0.523562	-0.523562	-0.523562
G	-0.523562	-0.523562	-0.523562	-0.523562	-0.523562	0.646363	0.646363	0.646363	-0.523562	0.646363	-0.523562	-0.523562
H	0.646363	-0.523562	-0.523562	-0.523562	-0.523562	-0.523562	-0.523562	-0.523562	-0.523562	-0.523562	-0.523562	-0.523562
I	-0.523562	-0.523562	-0.523562	-0.523562	1.283793	-0.523562	0.646363	-0.523562	-0.523562	1.283793	-0.523562	-0.523562
K	-0.523562	-0.523562	-0.523562	-0.523562	-0.523562	0.646363	0.646363	-0.523562	-0.523562	-0.523562	-0.523562	-0.523562
L	0.646363	-0.523562	0.646363	-0.523562	0.646363	-0.523562	-0.523562	0.646363	-0.523562	1.283793	0.646363	2.563901
M	1.283793	-0.523562	-0.523562	-0.523562	0.646363	-0.523562	-0.523562	-0.523562	-0.523562	-0.523562	-0.523562	0.646363
N	-0.523562	-0.523562	-0.523562	-0.523562	-0.523562	-0.523562	-0.523562	-0.523562	0.646363	-0.523562	-0.523562	-0.523562
P	-0.523562	2.761840	1.283793	0.646363	-0.523562	-0.523562	-0.523562	-0.523562	-0.523562	-0.523562	-0.523562	-0.523562
Q	-0.523562	-0.523562	-0.523562	0.646363	-0.523562	-0.523562	-0.523562	-0.523562	-0.523562	1.283793	0.646363	-0.523562
R	-0.523562	-0.523562	-0.523562	-0.523562	-0.523562	-0.523562	-0.523562	-0.523562	-0.523562	-0.523562	0.646363	-0.523562
S	-0.523562	-0.523562	-0.523562	1.283793	0.646363	-0.523562	0.646363	-0.523562	-0.523562	-0.523562	0.646363	-0.523562
T	0.646363	-0.523562	-0.523562	-0.523562	-0.523562	0.646363	0.646363	-0.523562	0.646363	-0.523562	-0.523562	-0.523562
V	-0.523562	-0.523562	-0.523562	-0.523562	-0.523562	-0.523562	0.646363	-0.523562	-0.523562	-0.523562	0.646363	-0.523562
W	-0.523562	-0.523562	-0.523562	-0.523562	-0.523562	-0.523562	-0.523562	-0.523562	-0.523562	-0.523562	-0.523562	-0.523562
Y	0.646363	-0.523562	-0.523562	-0.523562	-0.523562	-0.523562	-0.523562	-0.523562	-0.523562	-0.523562	-0.523562	-0.523562
