A	-1.784271	2.000000	1.438121	-0.369234	-1.784271	-0.096215	1.438121	-2.954196
C	-2.954196	-2.954196	-2.954196	-2.954196	-2.954196	-2.954196	-2.954196	-1.784271
D	0.505235	-2.954196	2.569366	-1.146841	2.718229	-1.784271	-0.096215	-2.954196
E	-2.954196	-1.146841	-0.096215	1.521537	2.111893	0.928447	1.349584	-2.954196
F	1.154328	-2.954196	-0.369234	-1.146841	-2.954196	-0.096215	-2.954196	-1.784271
G	-2.954196	-2.954196	0.331206	0.505235	0.928447	-1.784271	-1.784271	-2.954196
H	-0.369234	-2.954196	-1.784271	0.133267	0.660514	0.928447	-0.096215	-2.954196
I	0.133267	-2.954196	0.133267	0.331206	-1.784271	-0.096215	-0.096215	-1.146841
K	-2.954196	-2.954196	-2.954196	-0.096215	-2.954196	-1.784271	0.331206	-2.954196
L	1.675160	-2.954196	0.133267	0.331206	-2.954196	1.045804	-1.146841	3.721761
M	1.813988	-2.954196	-1.784271	-1.146841	-1.784271	-1.146841	-2.954196	1.813988
N	-1.784271	-2.954196	-1.146841	-0.706269	-1.146841	-0.369234	0.331206	-2.954196
P	-1.146841	3.686049	-2.954196	0.331206	0.800691	-0.096215	-1.146841	-2.954196
Q	-2.954196	-1.784271	-1.784271	-0.369234	-1.146841	-0.096215	0.133267	-2.954196
R	-2.954196	-2.954196	-2.954196	-1.784271	-1.784271	-0.369234	-1.784271	-2.954196
S	0.505235	-1.784271	1.045804	0.133267	-0.706269	0.928447	0.133267	-2.954196
T	-0.706269	-2.954196	-0.706269	0.660514	-1.784271	-0.096215	0.660514	-2.954196
V	0.331206	-1.784271	-0.096215	1.438121	-2.954196	1.349584	1.813988	-1.146841
W	-2.954196	-2.954196	-1.784271	-2.954196	-2.954196	-2.954196	-2.954196	-2.954196
Y	1.349584	-2.954196	-1.146841	-1.146841	-2.954196	-0.096215	-2.954196	-2.954196
