A	-0.003210	2.554725	1.371094	0.635367	0.494558	0.614579	0.604071	1.797244	-3.058894
C	-5.643856	-6.813781	-3.955800	-6.813781	-4.565854	-5.643856	-4.565854	-3.199071	-4.565854
D	0.191843	-6.813781	1.933573	1.150560	0.582824	1.221018	-0.496369	-2.421464	-6.813781
E	1.091606	-0.003210	0.819214	1.797244	1.193246	1.512648	0.614579	1.207199	-6.813781
F	0.655861	-1.918963	-0.638856	-2.184425	-1.329965	-1.251539	-1.747692	-2.813781	0.890122
G	-2.931138	-2.259192	-2.604328	0.448314	0.517136	0.134586	-2.184425	-1.546995	-6.813781
H	0.686065	-5.643856	-0.565854	-1.290219	-0.589780	-1.072314	0.517136	-1.546995	-5.643856
I	0.028569	-1.370838	0.907318	-1.918963	0.400538	0.460014	-0.305987	-0.664034	-1.006426
K	-2.604328	-6.813781	-3.726318	-0.325941	-0.286304	-0.742319	-0.366698	0.299961	-6.813781
L	1.179157	-2.705257	-0.614109	-0.305987	-0.210155	-0.085861	0.090101	-0.155570	3.686563
M	0.376043	-3.955800	-1.412902	-2.421464	-2.113341	-2.338048	-2.113341	-2.705257	1.437701
N	0.012767	-4.565854	-0.210155	-0.638856	-0.305987	-1.251539	-0.664034	-1.747692	-6.813781
P	-5.006426	3.035233	-2.705257	1.682074	0.686065	0.149115	1.551448	-2.045597	-4.228819
Q	-0.638856	-3.354350	-0.565854	-0.035704	-0.408640	-0.305987	0.412631	0.105082	-6.813781
R	-2.113341	-6.813781	-3.955800	-1.290219	0.028569	-0.519160	0.044200	-0.473931	-6.813781
S	1.022269	-0.974577	0.872719	0.695994	0.460014	0.725378	0.494558	1.455345	-6.813781
T	0.561258	-0.664034	0.363638	-0.408640	0.233343	0.312923	0.550353	1.179157	-4.565854
V	0.177741	1.099108	0.974121	-0.473931	0.965938	0.949431	0.974121	1.352382	-0.769387
W	-4.565854	-5.006426	-4.565854	-3.354350	-4.228819	-5.643856	-2.813781	-6.813781	-5.643856
Y	0.074962	-1.546995	-1.251539	-1.918963	-1.802554	-1.859585	-1.106422	-1.859585	0.149115
