A	1.495446	-2.094518	0.539688	-0.287163	-0.924593	-0.287163	-2.431553	1.221387	-0.203747	1.280522
C	-3.509555	-4.679480	-3.509555	-3.509555	-3.509555	-2.431553	-4.679480	-2.094518	-2.431553	-2.431553
D	-4.679480	-4.679480	-3.509555	1.444641	0.088704	-0.050123	-2.094518	-2.872125	-1.394078	-4.679480
E	-3.509555	-4.679480	-3.509555	1.960765	0.804336	0.633403	-2.431553	-0.570956	0.490445	-4.679480
F	1.391982	-4.679480	2.434262	-2.431553	0.920433	-0.796837	-0.679480	-3.509555	-1.220048	-3.509555
G	0.882762	-4.679480	-4.679480	1.061987	1.725661	0.587306	-1.220048	-0.570956	0.633403	-4.679480
H	-1.394078	-4.679480	-1.394078	-1.592017	0.153410	-0.470027	-2.431553	0.331747	-0.203747	-3.509555
I	-0.570956	0.678072	0.844082	-1.821499	0.020960	0.215338	1.725661	-0.570956	-1.592017	1.027879
K	0.920433	-4.679480	0.088704	-0.570956	0.920433	1.470267	-2.431553	1.061987	1.495446	-4.679480
L	0.088704	3.775847	0.153410	-1.821499	0.153410	0.153410	2.522644	1.095307	-0.796837	1.682464
M	-2.872125	0.721399	-0.570956	-3.509555	-3.509555	-2.431553	-0.796837	-2.431553	-2.872125	-3.509555
N	-1.220048	-4.679480	-0.796837	0.088704	-0.375699	-0.570956	-3.509555	0.088704	-0.203747	-4.679480
P	-4.679480	-4.679480	-0.679480	1.725661	-0.924593	1.127875	2.312042	-0.570956	-3.509555	-4.679480
Q	-1.394078	-0.470027	-2.431553	-0.287163	-0.470027	0.020960	-3.509555	0.153410	0.490445	-4.679480
R	0.088704	-4.679480	-0.287163	-1.394078	0.386609	0.633403	-1.821499	1.391982	1.061987	-4.679480
S	1.027879	-4.679480	-1.220048	0.763463	-0.124891	-1.064770	-2.872125	0.721399	1.364914	-2.872125
T	-0.375699	-1.394078	-1.821499	-0.375699	-0.924593	0.153410	-1.821499	0.020960	0.763463	-2.094518
V	0.215338	0.274716	-0.924593	-1.592017	-0.375699	-0.050123	1.095307	0.215338	-0.203747	3.467725
W	-3.509555	-4.679480	-2.431553	-3.509555	-2.431553	-3.509555	-2.872125	-2.872125	-2.872125	-4.679480
Y	1.251257	-4.679480	2.065354	-3.509555	-1.220048	-1.394078	-2.431553	-3.509555	-0.470027	-3.509555
