A	0.729911	-0.550197	1.257158	-2.357552	-0.109624	0.227410	-2.357552	-0.550197	1.642448	-0.109624	-0.550197
C	-2.357552	-2.357552	-2.357552	-2.357552	-2.357552	-2.357552	-2.357552	-2.357552	-0.109624	-2.357552	-2.357552
D	-2.357552	-2.357552	-2.357552	2.342888	-0.109624	0.500429	-0.109624	-1.187627	-2.357552	-2.357552	-2.357552
E	-2.357552	-2.357552	-2.357552	2.410632	1.525091	0.729911	0.729911	-2.357552	-0.109624	0.227410	-2.357552
F	1.525091	-2.357552	1.750972	-2.357552	-1.187627	-1.187627	-0.550197	-1.187627	-0.550197	-2.357552	-2.357552
G	0.927850	-2.357552	-0.109624	-0.109624	1.101880	0.500429	1.851901	-2.357552	-2.357552	0.227410	-2.357552
H	-1.187627	-2.357552	-2.357552	-1.187627	-0.550197	-1.187627	0.729911	-1.187627	0.227410	-0.550197	-2.357552
I	-1.187627	-0.109624	1.851901	-1.187627	0.227410	1.101880	-0.550197	1.750972	-2.357552	-0.550197	-1.187627
K	0.227410	-2.357552	0.227410	-1.187627	0.227410	0.227410	0.500429	0.500429	0.729911	0.927850	-2.357552
L	0.227410	3.686842	-2.357552	-1.187627	1.397335	-0.109624	1.397335	1.851901	0.227410	-0.550197	0.927850
M	-1.187627	0.729911	-0.550197	-2.357552	-0.109624	-0.550197	-2.357552	-0.550197	-0.550197	-2.357552	-2.357552
N	-1.187627	-2.357552	-0.550197	-0.109624	0.227410	-0.550197	-0.109624	-2.357552	-0.109624	-0.109624	-2.357552
P	-2.357552	-2.357552	-0.109624	1.101880	0.729911	0.927850	-0.550197	0.500429	-0.550197	-2.357552	-2.357552
Q	-1.187627	-1.187627	-1.187627	-0.550197	-2.357552	-1.187627	-0.109624	-0.109624	-0.109624	0.227410	-2.357552
R	0.927850	-2.357552	-1.187627	-0.550197	-0.109624	-0.109624	0.227410	-0.550197	-0.550197	1.101880	-2.357552
S	0.729911	-2.357552	-1.187627	-0.109624	-0.109624	1.525091	-0.550197	0.500429	0.500429	1.525091	-2.357552
T	0.729911	-2.357552	-0.550197	-2.357552	-1.187627	-0.550197	-0.550197	0.227410	0.500429	0.927850	-2.357552
V	0.227410	-0.550197	-0.109624	-2.357552	-2.357552	-1.187627	-0.550197	1.101880	0.927850	0.500429	3.792195
W	-1.187627	-2.357552	-2.357552	-2.357552	-2.357552	-2.357552	-2.357552	-2.357552	-1.187627	-2.357552	-2.357552
Y	0.500429	-2.357552	1.101880	-2.357552	-2.357552	-2.357552	-2.357552	-2.357552	-0.550197	0.227410	-2.357552
