A	0.469485	-0.700440	1.884523	1.106915	-0.700440	-0.700440	-0.700440	-0.700440	-0.700440	0.469485	0.469485	1.106915
C	-0.700440	-0.700440	-0.700440	-0.700440	-0.700440	-0.700440	-0.700440	-0.700440	-0.700440	-0.700440	-0.700440	-0.700440
D	-0.700440	-0.700440	-0.700440	1.106915	0.469485	1.106915	1.106915	0.469485	-0.700440	-0.700440	-0.700440	-0.700440
E	-0.700440	-0.700440	-0.700440	0.469485	0.469485	-0.700440	0.469485	0.469485	-0.700440	-0.700440	1.106915	-0.700440
F	0.469485	-0.700440	1.547488	-0.700440	0.469485	-0.700440	-0.700440	-0.700440	-0.700440	-0.700440	-0.700440	-0.700440
G	0.469485	-0.700440	-0.700440	1.547488	0.469485	0.469485	0.469485	1.106915	-0.700440	-0.700440	-0.700440	-0.700440
H	-0.700440	-0.700440	-0.700440	-0.700440	-0.700440	0.469485	1.106915	-0.700440	0.469485	-0.700440	-0.700440	-0.700440
I	-0.700440	0.469485	-0.700440	-0.700440	-0.700440	-0.700440	-0.700440	-0.700440	1.547488	-0.700440	-0.700440	-0.700440
K	-0.700440	-0.700440	-0.700440	-0.700440	-0.700440	0.469485	-0.700440	1.106915	0.469485	-0.700440	0.469485	-0.700440
L	0.469485	2.758992	-0.700440	-0.700440	1.547488	1.106915	-0.700440	-0.700440	1.547488	-0.700440	-0.700440	1.106915
M	-0.700440	0.469485	-0.700440	-0.700440	-0.700440	-0.700440	-0.700440	-0.700440	-0.700440	-0.700440	-0.700440	-0.700440
N	-0.700440	-0.700440	-0.700440	-0.700440	-0.700440	-0.700440	-0.700440	0.469485	-0.700440	-0.700440	0.469485	-0.700440
P	-0.700440	-0.700440	0.469485	0.469485	-0.700440	0.469485	-0.700440	0.469485	1.106915	-0.700440	-0.700440	-0.700440
Q	-0.700440	-0.700440	-0.700440	-0.700440	-0.700440	-0.700440	0.469485	0.469485	-0.700440	0.469485	0.469485	-0.700440
R	0.469485	-0.700440	-0.700440	-0.700440	-0.700440	0.469485	1.106915	-0.700440	-0.700440	1.106915	0.469485	-0.700440
S	1.106915	-0.700440	-0.700440	0.469485	0.469485	0.469485	0.469485	-0.700440	-0.700440	2.157541	-0.700440	-0.700440
T	-0.700440	-0.700440	-0.700440	-0.700440	1.106915	-0.700440	-0.700440	-0.700440	-0.700440	0.469485	0.469485	-0.700440
V	-0.700440	-0.700440	-0.700440	-0.700440	-0.700440	-0.700440	-0.700440	0.469485	-0.700440	-0.700440	0.469485	2.387023
W	0.469485	-0.700440	-0.700440	-0.700440	-0.700440	-0.700440	-0.700440	-0.700440	-0.700440	-0.700440	-0.700440	-0.700440
Y	1.106915	-0.700440	1.106915	-0.700440	-0.700440	-0.700440	-0.700440	-0.700440	-0.700440	-0.700440	0.469485	-0.700440
