A	1.375509	-1.209453	0.597902	-0.039528	-1.209453	-1.209453	-0.039528	-1.209453
C	-1.209453	-1.209453	-1.209453	-1.209453	-1.209453	-1.209453	-1.209453	-1.209453
D	-1.209453	-1.209453	-1.209453	-1.209453	-1.209453	-1.209453	-1.209453	-1.209453
E	-1.209453	-1.209453	-0.039528	-1.209453	-1.209453	-1.209453	0.597902	-1.209453
F	1.375509	-1.209453	1.375509	-0.039528	-1.209453	-0.039528	-1.209453	-1.209453
G	-1.209453	-1.209453	2.405256	-1.209453	-1.209453	-1.209453	1.878009	-1.209453
H	-1.209453	-1.209453	-0.039528	1.038474	-1.209453	-0.039528	-1.209453	-1.209453
I	-1.209453	-0.039528	-1.209453	-0.039528	2.249978	-0.039528	-1.209453	0.597902
K	-0.039528	-1.209453	-1.209453	2.075949	-1.209453	0.597902	0.597902	-1.209453
L	0.597902	3.345135	-1.209453	-0.039528	-1.209453	0.597902	-1.209453	-0.039528
M	-1.209453	0.597902	-1.209453	-1.209453	-1.209453	-0.039528	-1.209453	-1.209453
N	-1.209453	-1.209453	-0.039528	-0.039528	-1.209453	-1.209453	0.597902	-1.209453
P	-1.209453	-1.209453	-1.209453	-1.209453	-1.209453	-1.209453	-1.209453	-1.209453
Q	-1.209453	-1.209453	-1.209453	0.597902	-1.209453	-1.209453	-0.039528	-1.209453
R	-0.039528	-1.209453	-1.209453	-0.039528	-1.209453	2.075949	0.597902	-1.209453
S	-0.039528	-1.209453	-1.209453	-1.209453	-1.209453	-1.209453	-0.039528	-1.209453
T	-0.039528	-1.209453	-1.209453	0.597902	-1.209453	1.375509	0.597902	-1.209453
V	0.597902	-1.209453	-1.209453	-0.039528	2.899071	0.597902	-0.039528	3.345135
W	-1.209453	-1.209453	-0.039528	-1.209453	-1.209453	-1.209453	-1.209453	-1.209453
Y	1.648528	-1.209453	0.597902	-1.209453	-1.209453	-1.209453	-0.039528	-1.209453
