A	1.211624	-4.289360	2.024818	0.243135	0.102957	-2.214072	0.525337	0.350368	-0.052321
C	-4.926790	-4.926790	-4.926790	-4.926790	-4.289360	-4.926790	-3.511753	-2.214072	-3.238734
D	-6.096715	-6.096715	-4.926790	1.723464	-0.424290	-6.096715	-1.620982	-2.482005	-6.096715
E	-4.926790	-6.096715	-4.926790	2.011809	-0.079907	-3.238734	0.243135	0.990748	-6.096715
F	1.042836	-4.289360	0.329550	-2.214072	0.001317	-1.142519	-2.637284	-1.542126	-6.096715
G	0.370890	-6.096715	-2.096715	0.648119	-0.052321	-1.887262	-1.201897	0.329550	-6.096715
H	-0.739163	-6.096715	-0.926790	-1.396275	0.851652	-2.341828	0.469339	-0.136713	-6.096715
I	0.102957	0.329550	1.165380	-1.988191	0.391125	2.178245	-0.926790	-2.341828	1.105409
K	0.561496	-6.096715	1.808672	-0.136713	1.581004	-2.341828	1.245360	1.641377	-6.096715
L	0.329550	3.884852	-1.620982	-0.829929	0.681362	2.495742	0.880565	-0.977774	2.559710
M	-1.887262	0.866181	-0.977774	-3.238734	-1.887262	-1.792934	-1.085488	-1.887262	-4.289360
N	-0.496802	-6.096715	0.053032	-0.226350	-0.612899	-3.238734	-0.783832	-0.226350	-6.096715
P	-6.096715	-6.096715	-1.704398	1.165380	-1.201897	0.922876	-0.496802	-2.811313	-6.096715
Q	-0.926790	-1.030626	-0.783832	-0.226350	-0.534473	-2.341828	-0.025253	0.664836	-6.096715
R	0.102957	-6.096715	0.391125	-1.704398	0.776729	-1.887262	1.581004	1.342077	-6.096715
S	1.267420	-4.926790	0.391125	0.631205	0.078211	-2.214072	0.713856	0.822148	-4.926790
T	0.469339	-1.887262	-1.085488	-0.226350	-0.695836	-0.534473	0.506911	0.894807	-3.848788
V	0.488247	0.102957	0.053032	-0.877547	0.102957	2.160673	0.370890	-0.926790	3.399639
W	-3.238734	-6.096715	-4.926790	-3.511753	-2.096715	-4.926790	-4.926790	-6.096715	-6.096715
Y	0.963981	-6.096715	0.197906	-2.637284	-0.389356	-2.482005	-3.009252	-1.142519	-6.096715
