A	-3.796553 1.297990 1.456280 0.654076 0.763090 2.912428 2.578837 1.038787 1.316041
C	-10.879359 -4.465205 -2.439861 -3.822460 -4.282947 -1.223030 -1.771362 -3.770661 -3.491683
D	-10.460609 -1.415261 -0.913548 0.136722 -0.795353 -3.924559 -1.963014 -0.637006 0.923560
E	-5.824131 0.865409 -0.720241 1.761575 0.421494 -2.839972 0.668177 0.902375 0.779912
F	-0.621626 -0.354154 0.238515 -3.640650 -1.175266 -1.684040 -1.790110 -2.016565 -4.453456
G	-9.111720 -1.011943 0.910069 -2.029276 -0.750916 -0.355450 -0.408715 -0.278353 -0.771175
H	-2.632051 -1.387593 -1.241912 -2.870569 -1.633945 -7.166245 -2.920389 -1.359535 0.341769
I	-1.648815 0.029604 -0.136718 1.114873 0.416416 -0.176045 -0.863341 -0.623283 -1.676761
K	1.091923 0.306939 -1.638465 -3.388978 0.351162 -7.690211 -1.957434 0.691895 -5.103164
L	-0.842330 1.241645 0.628714 -0.224580 1.701576 -0.358535 1.428185 0.810172 -0.530827
M	-3.283922 -1.870208 -1.838873 -2.932139 -1.334105 -3.638772 -1.816891 -1.981856 -3.038141
N	-5.681837 -0.930991 -1.080423 -1.064827 -0.666224 -3.517693 -0.678972 -0.680151 1.885996
P	-6.361540 -2.203661 0.078878 0.435366 0.629757 2.019360 -0.191656 0.362505 -2.113024
Q	-1.921128 -0.368082 -0.609257 -1.196085 -0.134043 -4.183994 -0.558619 0.424002 -0.144198
R	3.893321 0.800645 -2.197587 -6.690402 -0.117841 -6.583900 -1.851376 0.856549 -2.897324
S	-9.621442 0.355727 1.018292 1.464135 0.113764 0.625607 0.639477 0.813659 1.909658
T	-4.798298 0.454239 -0.229349 1.540146 0.191376 -0.417321 -0.538715 0.185491 -0.114385
V	-2.493758 0.787066 0.967126 1.125426 0.977198 1.242657 0.985242 0.307620 0.099034
W	-4.659799 -2.504608 -0.991266 -7.206871 -4.464339 -9.535347 -5.082232 -3.441178 -10.825671
Y	-0.796851 -0.100212 0.728089 -5.406390 -1.091621 -3.045894 -2.192737 -1.553062 -4.884521
