A	1.431563	-1.731804	0.428273	0.697880	0.724949	0.215729	0.325912	0.394953	1.645008	-1.237989
C	-5.346514	-5.346514	-4.176589	-5.346514	-5.346514	-5.346514	-4.176589	-5.346514	-3.539159	-3.539159
D	-5.346514	-4.176589	-1.591626	0.492690	-0.513624	-0.033631	-0.954196	-2.061112	-2.259051	-5.346514
E	-4.176589	-5.346514	-1.731804	1.100569	-0.392317	-0.646074	0.011038	0.777608	0.828412	-5.346514
F	-2.061112	-5.346514	-0.513624	-1.042733	-0.870780	-1.042733	-0.335286	-1.591626	-1.042733	1.447902
G	-3.539159	-5.346514	-2.761551	0.697880	0.642171	0.670295	0.924949	-2.761551	-0.954196	-5.346514
H	0.215729	-4.176589	-0.791925	-2.259051	-0.646074	0.137302	-0.578329	0.394953	-1.887082	-4.176589
I	-0.079727	-5.346514	-0.578329	-2.061112	-0.717157	0.137302	0.253399	0.460841	-0.227573	-0.033631
K	1.058628	-5.346514	2.408374	0.394953	0.054366	0.642171	0.428273	-0.127345	-0.127345	-5.346514
L	0.523851	-3.539159	-0.791925	-0.176589	-0.451696	0.460841	0.492690	0.011038	-0.033631	3.582005
M	-0.127345	-5.346514	-0.791925	-2.761551	-2.259051	-1.887082	-2.488533	-2.259051	-2.061112	0.492690
N	-2.061112	-4.176589	0.460841	-0.646074	-0.033631	-0.227573	-0.280425	-0.578329	-2.259051	-5.346514
P	-3.539159	4.237039	0.011038	2.028526	1.767228	0.828412	1.079751	0.803233	-0.127345	-3.098586
Q	0.011038	-5.346514	-0.033631	-0.127345	-0.646074	-0.717157	-0.513624	0.177048	-0.717157	-4.176589
R	1.984403	-4.176589	1.727628	-1.346514	0.584224	0.803233	0.724949	0.697880	-2.061112	-4.176589
S	1.079751	-3.098586	0.460841	1.015430	0.853159	1.058628	0.054366	0.054366	1.867805	-4.176589
T	0.137302	-5.346514	-2.488533	-0.791925	0.054366	0.253399	0.253399	0.584224	1.161281	-3.098586
V	0.460841	-2.761551	-1.731804	-0.717157	0.724949	0.096430	0.670295	1.601853	1.257113	0.803233
W	-4.176589	-5.346514	-2.259051	-2.761551	-2.761551	-3.539159	-2.761551	-2.259051	-3.098586	-4.176589
Y	-1.346514	-5.346514	-0.578329	-0.954196	-1.463871	-1.731804	-1.237989	-1.137060	-2.488533	-5.346514
