A	0.916806	-3.050626	0.311944	0.584963	0.916806	-0.382248	0.499571	0.778644	0.499571	1.186413	-1.770518
C	-4.857981	-4.857981	-4.857981	-4.857981	-4.857981	-4.857981	-3.688056	-4.857981	-4.857981	-4.857981	-2.610053
D	-4.857981	-4.857981	-0.157541	0.311944	-0.749457	0.153246	-0.749457	-0.749457	-3.050626	-2.000000	-4.857981
E	-2.000000	-4.857981	-1.243271	0.778644	-0.303392	0.361188	-0.228624	0.361188	0.741932	0.311944	-4.857981
F	-1.572579	-4.857981	-1.243271	-1.398549	-1.398549	-1.103093	-0.857981	-0.025091	-2.273018	-1.572579	0.883486
G	-2.000000	-4.857981	-1.770518	0.741932	0.208108	0.883486	0.542898	1.130704	-1.770518	-0.975338	-4.857981
H	-0.303392	-4.857981	-0.749457	-1.770518	-0.749457	-0.382248	-0.648528	-1.572579	1.436640	-1.770518	-4.857981
I	0.311944	-3.688056	-0.303392	-1.398549	-0.749457	-0.157541	0.208108	-0.648528	0.454902	0.311944	0.096215
K	0.625835	-4.857981	2.147644	0.036837	0.153246	1.042886	0.454902	0.208108	1.213481	0.311944	-4.857981
L	0.311944	-3.688056	-0.857981	0.096215	-0.554200	0.814444	0.036837	1.102021	-0.648528	0.096215	3.757649
M	-0.303392	-4.857981	-0.465664	-1.770518	-2.273018	-2.000000	-1.572579	-0.749457	-2.273018	-1.103093	0.454902
N	-1.103093	-4.857981	0.883486	-0.857981	0.153246	-0.089797	-0.465664	-0.554200	-0.382248	-2.273018	-4.857981
P	-3.688056	4.238075	-0.554200	1.688913	1.389947	0.361188	1.316945	0.260960	-1.103093	-2.610053	-3.050626
Q	-0.465664	-4.857981	0.260960	0.096215	-0.025091	-0.382248	-0.648528	0.036837	0.499571	0.704261	-4.857981
R	1.852825	-3.688056	0.981223	-0.554200	0.584963	0.741932	-0.089797	0.208108	0.665581	-0.157541	-4.857981
S	1.413482	-3.050626	1.291766	1.213481	1.266140	0.849378	1.291766	0.311944	0.408806	1.102021	-4.857981
T	0.704261	-4.857981	-1.398549	0.311944	0.625835	0.208108	0.454902	0.036837	-0.025091	1.366021	-3.688056
V	0.981223	-2.273018	-2.000000	-0.228624	0.260960	-0.648528	0.704261	0.311944	0.981223	1.609625	0.208108
W	-4.857981	-4.857981	-4.857981	-2.273018	-3.050626	-2.273018	-4.857981	-2.000000	-3.688056	-4.857981	-4.857981
Y	-1.398549	-4.857981	-0.382248	-2.000000	-1.103093	-1.770518	-2.000000	-0.975338	-1.243271	-1.572579	-4.857981
