A	1.238787	-1.473931	-0.395929	1.464668	0.970854	-0.058894	0.641546	-0.058894	-0.058894	-0.058894	1.238787	-2.643856
C	-2.643856	-2.643856	-2.643856	-2.643856	-2.643856	-2.643856	-2.643856	-1.473931	-2.643856	-2.643856	-2.643856	-2.643856
D	-2.643856	-2.643856	-1.473931	0.443607	-0.836501	0.214125	0.214125	-0.836501	-0.395929	-2.643856	-2.643856	-2.643856
E	-2.643856	-2.643856	-1.473931	0.970854	-0.395929	-0.836501	-0.395929	0.641546	-0.058894	0.443607	0.815575	-2.643856
F	-1.473931	-2.643856	-1.473931	-1.473931	-1.473931	-1.473931	-0.395929	-1.473931	0.214125	-2.643856	-1.473931	1.659925
G	-0.836501	-2.643856	-2.643856	1.111031	1.238787	1.238787	2.310340	1.565597	1.238787	-0.058894	-2.643856	-2.643856
H	-0.836501	-2.643856	-0.836501	-1.473931	-1.473931	-1.473931	-1.473931	-2.643856	-1.473931	1.238787	-0.395929	-2.643856
I	0.443607	-2.643856	-0.836501	-1.473931	-0.395929	-0.395929	-0.058894	-0.836501	0.970854	-0.058894	0.214125	-0.395929
K	0.970854	-2.643856	2.422233	-0.058894	0.214125	0.214125	-2.643856	0.641546	0.214125	0.641546	-0.836501	-2.643856
L	-1.473931	-2.643856	-0.058894	-0.058894	0.443607	0.641546	-1.473931	0.443607	0.641546	-0.395929	-0.395929	3.505891
M	-1.473931	-2.643856	0.641546	-2.643856	-0.836501	-1.473931	-0.058894	-2.643856	-2.643856	-1.473931	-1.473931	0.214125
N	-0.395929	-2.643856	0.443607	-0.395929	-0.395929	-0.395929	-1.473931	-0.836501	-1.473931	0.641546	-2.643856	-2.643856
P	-2.643856	4.066950	-0.836501	1.565597	1.659925	-0.058894	0.815575	0.815575	0.815575	-1.473931	-0.836501	-2.643856
Q	0.641546	-2.643856	-0.395929	-0.395929	-0.836501	-0.058894	-1.473931	-0.836501	-1.473931	0.214125	-1.473931	-2.643856
R	1.659925	-2.643856	1.831877	-1.473931	0.815575	0.443607	-0.395929	-0.058894	-0.058894	1.111031	-2.643856	-2.643856
S	1.238787	-2.643856	-0.836501	-0.395929	-0.058894	0.641546	0.641546	1.238787	0.970854	0.970854	1.985500	-2.643856
T	0.443607	-2.643856	-2.643856	0.443607	-0.395929	1.111031	-0.058894	0.443607	0.443607	-0.395929	0.815575	-2.643856
V	0.641546	-2.643856	-1.473931	-1.473931	0.443607	0.641546	0.641546	0.214125	0.214125	0.214125	1.985500	0.214125
W	-2.643856	-2.643856	-2.643856	-1.473931	-2.643856	-2.643856	-2.643856	-2.643856	-1.473931	-2.643856	-2.643856	-2.643856
Y	-0.836501	-2.643856	0.443607	-0.395929	-2.643856	-0.395929	-1.473931	-0.836501	-2.643856	-0.058894	-1.473931	-2.643856
