A	1.105795	-2.353637	0.584963	0.476438	-0.938599	0.231326	1.244622	-2.353637
C	-3.523562	-3.523562	-3.523562	-3.523562	-3.523562	-3.523562	-3.523562	-3.523562
D	-3.523562	-3.523562	-2.353637	-1.275634	-1.716207	-3.523562	-1.716207	-3.523562
E	-3.523562	-3.523562	-1.716207	0.231326	-1.275634	-0.436099	1.176878	-3.523562
F	-1.275634	-3.523562	-0.436099	-0.938599	-1.716207	-0.436099	-3.523562	-0.436099
G	-1.716207	-3.523562	-1.716207	-1.275634	1.743225	-0.436099	-0.064130	-3.523562
H	-0.064130	-3.523562	-0.238160	-0.938599	1.031027	0.091148	-3.523562	-3.523562
I	-0.064130	-3.523562	-1.716207	-0.064130	-1.716207	-0.238160	-0.238160	-0.938599
K	0.359081	-3.523562	2.377305	0.868755	0.231326	-0.064130	-0.238160	-3.523562
L	1.031027	-3.523562	-0.436099	1.176878	1.371256	-0.665581	-0.238160	3.894291
M	0.231326	-3.523562	-0.665581	-1.275634	-2.353637	-2.353637	-1.716207	-0.238160
N	-1.716207	-3.523562	0.091148	-0.436099	-0.938599	-0.938599	-3.523562	-3.523562
P	-1.716207	4.188965	-0.938599	1.031027	1.176878	1.877317	-0.436099	-3.523562
Q	-0.665581	-3.523562	-0.436099	-0.064130	-0.064130	-0.436099	-0.064130	-3.523562
R	1.371256	-3.523562	1.309328	-0.238160	1.244622	0.584963	-0.238160	-3.523562
S	1.487665	-3.523562	-1.275634	0.584963	0.091148	0.091148	1.430634	-3.523562
T	0.685891	-3.523562	-0.938599	0.231326	-0.665581	0.231326	1.176878	-3.523562
V	0.476438	-3.523562	-0.938599	0.868755	-1.275634	1.695607	1.646363	0.685891
W	-3.523562	-3.523562	-1.275634	-2.353637	-1.716207	-0.665581	-2.353637	-3.523562
Y	-0.436099	-3.523562	1.309328	-0.436099	-2.353637	-2.353637	-3.523562	-3.523562
