A	1.037208	-0.289795	0.758637	0.671559	0.312016	0.097975	0.191995	1.651840	-1.127659
C	-7.116344	-5.946419	-5.946419	-7.116344	-7.116344	-5.946419	-4.868416	-5.946419	-3.656912
D	-5.308989	-7.116344	-2.640611	0.214573	-1.308989	-0.941418	-1.341557	-1.443919	-7.116344
E	-2.283454	-7.116344	-0.569450	1.024486	-0.868416	-1.044882	0.312016	0.687787	-7.116344
F	-1.044882	-7.116344	-0.916672	-0.892342	-0.242900	-0.096753	-1.185607	-2.050255	0.959135
G	-1.849557	-5.946419	-1.156342	0.587560	0.073481	1.024486	-2.105117	-0.476099	-7.116344
H	-0.227601	-7.116344	-0.588867	-1.044882	-0.669261	-0.405538	0.023207	-2.050255	-4.868416
I	0.301509	-1.632528	-0.821723	-0.966597	-0.096753	0.804009	0.290924	-0.690079	0.236803
K	0.925315	-7.116344	2.339497	0.236803	0.789043	0.225731	0.687787	-0.055648	-5.946419
L	0.847997	-2.415904	-0.289795	0.403292	-0.212462	0.470496	0.290924	-0.458132	3.662760
M	-0.405538	-7.116344	-0.690079	-1.946419	-2.724027	-1.341557	-1.803461	-1.374877	0.110068
N	-0.550290	-7.116344	-0.082921	-0.182653	-0.440387	-0.669261	-0.422857	-1.408985	-7.116344
P	-5.946419	4.128763	-0.212462	1.692620	1.908796	0.638544	1.522092	-0.711202	-5.946419
Q	-0.648738	-7.116344	0.363436	-0.338267	-0.531381	-0.388424	0.010361	0.061076	-5.308989
R	1.338983	-7.116344	1.307822	-0.711202	0.630170	0.890683	0.191995	-0.690079	-7.116344
S	1.553427	-3.830942	0.461085	0.869498	0.479846	0.552541	0.422815	1.848719	-5.946419
T	0.719706	-3.830942	-0.992223	-0.212462	0.133954	0.180572	0.280261	0.992180	-2.348160
V	0.621748	-0.110719	-1.341557	-0.550290	0.918455	0.727577	0.985632	1.237905	1.087004
W	-4.531381	-7.116344	-1.897175	-3.007820	-3.656912	-2.812563	-1.997403	-4.531381	-3.501634
Y	-1.408985	-7.116344	-0.648738	-1.341557	-1.308989	-1.803461	-0.732640	-1.632528	-4.531381
