A	1.926911	-2.354261	0.775165	0.238998	0.637604	0.279778	0.327239	0.255448	0.428641	-1.243784
C	-4.136869	-6.721832	-2.512378	-5.441724	-4.420662	-2.484792	-3.634369	-3.899830	-3.463097	-6.721832
D	-0.980365	-2.082103	0.319436	1.120968	0.457367	-0.169437	-0.757697	-0.774299	-1.039339	-7.359262
E	1.921767	4.037343	1.310017	1.557281	0.982072	0.267664	-0.068731	0.307653	0.624999	-6.721832
F	-2.041346	-4.225406	-0.142246	-0.905305	-0.631341	-0.725055	-0.142246	-1.655742	-0.623800	2.327823
G	-0.225406	-4.053453	-0.654205	0.457367	0.671712	0.410393	0.780858	-1.049406	0.188490	-6.281259
H	-1.209514	-1.595496	-0.990028	-1.389635	-0.842686	-0.896191	-0.501281	0.612282	-0.381982	-4.646543
I	-2.061581	-3.517959	1.073048	-0.631341	-0.158499	0.263604	0.346563	-0.427211	-1.428524	-0.970766
K	0.502859	-5.441724	-0.536248	0.209750	0.188490	0.513157	0.842046	1.373565	1.127685	-3.359262
L	-1.389635	-2.329514	0.972153	0.395626	0.460917	1.245601	1.167346	0.388186	0.794994	1.362217
M	-1.441724	-4.136869	0.091033	-1.734771	-2.431154	-1.907135	-1.671206	-1.801266	-2.041346	-2.041346
N	-0.833958	-5.243784	0.179897	-0.038336	0.010942	-0.388357	-0.136869	-0.105020	-0.401192	-6.721832
P	-5.243784	-2.145482	-1.441724	0.566870	0.760832	0.175582	-0.350522	-1.154147	-3.262400	-4.914477
Q	0.863668	-0.543345	0.230702	0.384451	0.030191	0.251353	0.158189	0.905963	0.556950	-6.721832
R	0.291790	-4.774299	-1.595496	-0.174937	0.209750	0.335000	0.380707	1.158627	0.615472	-4.646543
S	1.224866	-1.428524	0.131701	0.439480	0.589755	0.335000	0.122762	0.255448	1.009002	-6.721832
T	0.010942	-0.808087	-1.039339	-0.414143	-0.136869	0.058591	0.020598	0.095609	0.772310	-6.721832
V	-1.100826	-1.441724	0.243128	-0.487527	-0.110280	0.674773	0.251353	0.471518	0.077219	-3.086243
W	-4.420662	-7.359262	-2.892562	-3.005625	-3.359262	-3.171635	-2.966944	-2.484792	-2.754399	2.136816
Y	-1.255391	-4.774299	-0.701050	-1.389635	-1.566290	-1.243784	-0.661908	-1.537665	-0.608834	2.685133
