A	2.158148	-1.626610	1.115477	0.123575	0.938089	0.451233	0.581047	0.793324	0.316444	0.458365	-2.632659
C	-4.669496	-7.527477	-5.279549	-4.242075	-4.942515	-5.279549	-4.942515	-4.440014	-4.440014	-4.068045	-7.527477
D	-1.456015	-2.573281	0.123575	1.083548	0.735792	0.514182	0.078003	-0.579110	-0.733061	-1.483083	-7.527477
E	1.419429	3.994001	0.826772	2.171228	1.088153	0.875535	0.561311	0.244012	0.141408	0.527805	-6.357552
F	-2.084534	-4.068045	-0.130872	-1.327805	-1.143773	-1.232856	-0.905425	-0.782643	-1.657112	-0.851520	2.263686
G	-0.289072	-3.527477	-0.550197	0.260426	0.260426	0.891430	0.907151	0.907151	-1.165533	-0.027631	-5.720122
H	-1.165533	-1.403356	-0.887232	-1.596740	-1.165533	-1.080394	-0.550197	-0.887232	0.554672	-0.387926	-4.942515
I	-1.965235	-3.318024	1.069644	-0.579110	-0.362570	-0.007841	0.284700	0.377910	-0.466781	-1.279549	-1.626610
K	0.176427	-4.242075	0.308573	-0.265382	-0.375192	0.377910	0.688056	0.776304	1.466169	1.106426	-2.972888
L	-1.122336	-0.521852	0.912354	0.632394	0.527805	0.567920	0.968378	0.875535	0.210615	1.031900	1.441190
M	-1.688273	-3.418953	-0.057835	-1.820118	-1.855052	-2.632659	-2.126598	-2.043661	-2.169925	-1.327805	-1.720122
N	-0.638734	-4.669496	-0.141615	-0.426815	0.150243	-0.301065	-0.196560	-0.301065	-0.550197	-0.564581	-7.527477
P	-4.942515	-1.890852	-1.352551	0.219037	0.843210	0.458365	0.049952	-0.219138	-1.927564	-4.068045	-6.357552
Q	0.810145	-1.657112	0.587567	0.176427	0.001954	0.114575	-0.413735	0.167751	1.211460	0.554672	-4.942515
R	0.600517	-7.527477	-1.303475	-0.579110	-0.253681	0.049952	-0.174330	0.141408	1.535244	0.735792	-4.440014
S	1.321146	-1.232856	0.105518	0.308573	0.724005	0.968378	0.486543	0.465461	0.176427	0.953313	-7.527477
T	0.292702	-1.059871	-1.165533	-0.325353	0.087233	0.049952	0.030944	0.105518	-0.120209	0.747483	-6.357552
V	-0.521852	-1.429445	0.385412	-0.507886	-0.120209	0.001954	0.514182	0.554672	0.123575	0.193622	-2.357552
W	-3.912767	-5.720122	-2.357552	-2.972888	-3.223696	-3.644834	-3.418953	-3.527477	-2.357552	-2.898120	2.379038
Y	-1.429445	-2.516250	-1.327805	-1.327805	-1.279549	-1.855052	-1.538792	-1.429445	-1.279549	-0.521852	2.580394
