A	2.541969	-2.133025	1.083500	0.308410	0.915338	0.791247	0.308410	0.954437	0.954437	0.631545	0.396228	-3.344530
C	-4.422532	-5.592457	-4.422532	-5.592457	-4.422532	-3.785102	-4.422532	-3.785102	-3.344530	-4.422532	-3.344530	-5.592457
D	-2.307055	-3.007495	0.079968	1.508205	-0.325670	0.875149	0.557290	-0.149514	-0.526368	-0.697639	-0.892017	-5.592457
E	1.249893	4.163682	0.367545	1.427134	1.384823	1.011169	0.915338	0.451937	-0.191578	-0.638261	-0.191578	-5.592457
F	-2.734476	-4.422532	-0.149514	-0.697639	-1.200140	-1.977747	-1.977747	-1.116724	-0.581230	-1.483933	-0.824273	2.342708
G	-0.279574	-3.785102	-0.581230	0.582469	0.607215	0.973597	1.029595	1.296286	1.101030	-0.149514	-0.068895	-5.592457
H	-2.133025	-3.785102	-0.526368	-1.383004	-1.383004	-0.422532	-0.697639	-1.037868	-0.759567	0.367545	-0.373289	-5.592457
I	-1.709814	-3.344530	1.135463	-0.824273	-0.526368	-0.473516	-0.373289	0.214898	0.424351	-0.526368	-1.037868	-2.307055
K	0.182330	-5.592457	0.505575	-0.279574	-1.200140	0.214898	0.424351	0.935020	0.854626	1.399065	0.875149	-3.785102
L	-1.288676	-2.307055	1.029595	-0.108641	0.935020	0.451937	0.367545	0.338280	0.451937	0.338280	1.559828	0.396228
M	-1.383004	-3.785102	0.114902	-1.483933	-1.709814	-2.307055	-2.734476	-2.504994	-1.837570	-2.307055	-0.697639	-3.785102
N	-1.200140	-5.592457	-0.068895	-0.068895	-0.892017	0.007456	-0.373289	-0.108641	-0.759567	-0.373289	-0.422532	-4.422532
P	-4.422532	-2.307055	-1.288676	0.479005	0.915338	-0.422532	0.833808	-0.108641	-0.030215	-1.037868	-3.785102	-5.592457
Q	0.812684	-4.422532	0.531664	0.149010	-0.068895	0.149010	-0.149514	-0.191578	-0.108641	0.724956	0.367545	-5.592457
R	0.277908	-4.422532	-0.963100	-0.473516	-0.422532	-0.149514	-0.068895	-0.325670	-0.149514	1.657841	0.724956	-5.592457
S	1.559828	-2.133025	-0.325670	0.973597	0.935020	0.854626	0.973597	0.747393	0.895383	0.367545	1.185620	-5.592457
T	0.044168	-1.592457	-1.592457	-0.824273	-0.108641	0.214898	0.114902	0.044168	0.246747	-0.325670	0.114902	-5.592457
V	-1.200140	-2.504994	0.451937	-0.373289	0.424351	-0.191578	0.114902	0.114902	0.396228	0.182330	0.114902	-4.422532
W	-4.422532	-5.592457	-1.977747	-3.785102	-4.422532	-3.785102	-3.344530	-3.344530	-3.007495	-3.785102	-2.307055	2.805218
Y	-2.307055	-4.422532	-1.288676	-1.037868	-0.697639	-1.977747	-1.977747	-1.383004	-1.709814	-1.200140	-0.759567	2.554748
