A	2.199672	-1.752072	0.554589	0.392317	0.475733	0.475733	0.554589	0.209453	1.219169	1.599913	0.392317	1.011227	-4.000000
C	-4.000000	-4.000000	-4.000000	-4.000000	-2.830075	-2.830075	-4.000000	-2.192645	-2.830075	-4.000000	-4.000000	-1.752072	-4.000000
D	-2.192645	-2.192645	0.629357	1.169925	-0.000000	1.011227	0.475733	-0.000000	-0.000000	-0.540568	-0.714598	-1.752072	-4.000000
E	1.599913	4.101976	0.108524	1.219169	0.629357	1.442943	1.118941	0.554589	1.066089	-0.540568	-0.912537	0.768184	-4.000000
F	-2.830075	-4.000000	-0.245112	-0.714598	-1.142019	-1.415037	-0.540568	-2.192645	-1.752072	-0.385290	-1.142019	-0.912537	2.174926
G	-0.714598	-2.192645	-0.540568	0.954196	0.954196	0.832890	0.629357	1.118941	1.599913	1.357552	-0.912537	0.209453	-4.000000
H	-2.830075	-4.000000	-0.912537	-1.142019	-2.192645	-0.714598	-1.142019	-1.752072	-0.385290	-1.415037	1.169925	-0.912537	-4.000000
I	-1.752072	-2.830075	1.312883	-0.245112	0.209453	-1.142019	-0.385290	-0.385290	-0.912537	0.209453	-0.912537	-0.912537	-2.830075
K	0.768184	-2.830075	-0.385290	-0.117357	-1.142019	-0.000000	0.554589	0.954196	0.209453	0.554589	1.266787	0.894818	-4.000000
L	-1.415037	-2.192645	1.118941	0.629357	-0.000000	0.629357	0.768184	-0.117357	-0.245112	0.475733	-0.117357	1.219169	-0.245112
M	-2.192645	-4.000000	0.832890	-1.752072	-1.415037	-2.830075	-2.830075	-4.000000	-2.192645	-1.752072	-1.752072	-2.192645	-2.192645
N	-0.385290	-4.000000	-0.117357	-1.142019	-0.714598	-0.385290	0.209453	-0.245112	-0.912537	-1.142019	0.108524	0.209453	-4.000000
P	-2.830075	-2.830075	-0.714598	0.392317	1.523562	-0.245112	-0.000000	1.357552	-0.540568	0.108524	-2.192645	-2.830075	-4.000000
Q	0.629357	-4.000000	0.392317	0.209453	-0.540568	-0.245112	-0.245112	-0.000000	-0.000000	-0.117357	1.118941	0.475733	-4.000000
R	0.629357	-2.192645	-2.192645	0.108524	-0.912537	0.475733	0.108524	-0.000000	-0.245112	-0.540568	1.870365	0.894818	-4.000000
S	1.357552	-2.830075	0.108524	0.392317	0.954196	0.629357	0.392317	0.832890	0.629357	0.303781	-0.540568	0.475733	-4.000000
T	0.209453	-1.752072	-1.142019	-1.142019	0.700440	-0.245112	0.108524	0.209453	0.392317	0.209453	-0.117357	0.209453	-4.000000
V	-1.415037	-2.192645	0.108524	-0.912537	-0.000000	-0.000000	0.392317	0.303781	0.209453	0.392317	-0.117357	-0.714598	-4.000000
W	-2.830075	-4.000000	-1.752072	-1.415037	-2.830075	-4.000000	-4.000000	-4.000000	-2.830075	-2.192645	-2.830075	-2.192645	2.857981
Y	-1.415037	-2.830075	-0.714598	-0.385290	-0.117357	-0.912537	-1.752072	-2.830075	-1.415037	-1.142019	-1.752072	-0.714598	2.622052
