A	2.415037	-2.539159	1.343484	-0.291231	1.075551	0.920273	-0.291231	0.045804	-0.291231	0.746243	1.215729	0.045804	0.746243	-2.539159
C	-2.539159	-2.539159	-2.539159	-2.539159	-2.539159	-1.369234	-2.539159	-2.539159	-2.539159	-2.539159	-2.539159	-1.369234	-2.539159	-2.539159
D	-2.539159	-2.539159	-0.291231	1.215729	-0.731804	0.920273	0.045804	0.920273	0.548304	0.920273	-0.291231	-1.369234	-0.731804	-2.539159
E	0.548304	3.988318	0.548304	0.920273	0.318822	0.318822	0.045804	0.045804	0.045804	1.215729	0.045804	0.746243	0.045804	-2.539159
F	-1.369234	-2.539159	-1.369234	-2.539159	-2.539159	-1.369234	-0.291231	-1.369234	-0.731804	-1.369234	-0.291231	-0.291231	-1.369234	2.015430
G	-0.731804	-1.369234	-0.731804	1.569366	0.920273	0.920273	1.215729	1.075551	1.936575	1.075551	1.215729	-1.369234	0.746243	-2.539159
H	-2.539159	-2.539159	-1.369234	-2.539159	-1.369234	-0.291231	-0.731804	0.045804	-0.291231	-0.731804	-0.291231	0.548304	0.045804	-2.539159
I	-2.539159	-2.539159	1.460841	-0.291231	-0.731804	0.548304	-0.291231	-0.731804	-1.369234	-1.369234	0.045804	-0.731804	-1.369234	-1.369234
K	-0.291231	-2.539159	0.548304	-1.369234	-0.731804	0.045804	0.746243	0.548304	0.318822	0.746243	-0.291231	1.075551	1.460841	-2.539159
L	-2.539159	-1.369234	0.045804	0.318822	0.746243	1.075551	0.746243	0.318822	-0.291231	0.318822	-0.291231	0.746243	0.045804	-0.731804
M	-0.291231	-2.539159	-0.291231	-2.539159	-1.369234	-2.539159	-1.369234	-1.369234	-2.539159	-1.369234	-1.369234	-2.539159	-1.369234	-2.539159
N	-0.731804	-2.539159	-0.731804	0.548304	0.318822	0.045804	-0.731804	-0.291231	0.318822	-0.731804	-0.291231	0.548304	-0.291231	-2.539159
P	-2.539159	-2.539159	-2.539159	1.215729	1.215729	-0.731804	0.318822	0.920273	0.548304	-0.291231	0.045804	-2.539159	-1.369234	-2.539159
Q	0.920273	-1.369234	0.045804	0.318822	-0.291231	-0.731804	-0.291231	-1.369234	0.548304	0.318822	-0.291231	0.548304	0.045804	-2.539159
R	1.075551	-2.539159	-0.731804	-0.731804	-0.291231	0.045804	0.746243	-0.291231	-0.291231	0.318822	0.318822	1.670295	0.548304	-2.539159
S	0.920273	-1.369234	0.045804	-1.369234	0.920273	0.920273	0.318822	1.215729	0.318822	-0.731804	-0.291231	0.045804	0.920273	-2.539159
T	0.920273	-2.539159	0.920273	-0.291231	-0.731804	-0.731804	-1.369234	-0.291231	0.045804	0.548304	0.920273	-0.731804	1.075551	-2.539159
V	-0.731804	-2.539159	0.548304	-0.731804	0.318822	-0.731804	0.746243	0.045804	-0.291231	-0.291231	0.746243	-0.291231	-0.291231	-2.539159
W	-2.539159	-2.539159	-2.539159	-1.369234	-0.731804	-2.539159	-2.539159	-2.539159	-1.369234	-2.539159	-2.539159	-2.539159	-2.539159	2.773724
Y	-1.369234	-2.539159	-0.731804	0.045804	-0.731804	-2.539159	-0.291231	-1.369234	-2.539159	-2.539159	-2.539159	-1.369234	-2.539159	2.472068
