A	1.658172	-1.201897	0.308426	-0.165978	1.256432	-0.321928	0.631205	-4.289360
C	-4.926790	-6.096715	-6.096715	-4.926790	-3.848788	-3.848788	-4.926790	-6.096715
D	0.631205	1.256432	-0.496802	-0.389356	-2.637284	-2.341828	-2.214072	-6.096715
E	2.081950	3.897285	0.102957	0.664836	-1.142519	0.001317	0.596772	-4.289360
F	-1.620982	-4.289360	0.308426	-0.783832	-0.695836	-0.612899	-1.704398	2.212761
G	-0.653772	-3.848788	0.078211	-0.695836	1.615812	-2.482005	-0.355248	-6.096715
H	-0.829929	-3.009252	0.078211	-0.783832	-0.355248	1.641377	0.174748	-6.096715
I	-1.201897	-2.341828	0.697701	0.908909	0.543530	-0.257511	-1.467359	-0.257511
K	0.001317	-3.009252	1.093109	0.908909	1.222957	1.278324	1.683004	-2.811313
L	-0.783832	-2.341828	0.866181	1.874828	0.053032	-0.136713	0.950409	1.889127
M	-0.695836	-3.238734	-0.136713	-1.988191	-2.811313	-3.238734	-1.887262	-1.030626
N	-0.739163	-2.214072	0.027406	-0.783832	-1.328531	-0.195848	-0.977774	-6.096715
P	-4.289360	-4.926790	-1.542126	0.488247	-0.289360	-0.877547	-2.341828	-6.096715
Q	-0.321928	-0.977774	-0.653772	-0.025253	-1.142519	0.908909	0.286989	-6.096715
R	-0.136713	-4.289360	-0.289360	-0.496802	-0.079907	1.432715	0.631205	-4.926790
S	0.990748	-1.887262	0.729833	-0.573153	0.450179	-0.321928	0.851652	-4.926790
T	-0.136713	-3.848788	-0.612899	0.102957	0.001317	-0.496802	0.525337	-6.096715
V	-0.739163	-2.637284	0.308426	0.579242	1.200201	0.391125	0.450179	-1.201897
W	-2.637284	-6.096715	-2.811313	-4.289360	-3.511753	-1.988191	-4.289360	2.201347
Y	-0.226350	-3.848788	-0.695836	-1.704398	-3.009252	-0.653772	-0.829929	2.284828
