A	1.837744	-0.865632	1.046979	0.266650	0.119275	0.381792	0.023036	0.602582	0.071958
C	-4.957196	-7.663464	-4.072188	-5.519075	-4.274767	-4.741467	-4.427576	-3.423552	-5.078502
D	-0.789211	-0.818635	0.652281	1.092477	-0.529308	-1.420541	-1.648123	-1.842614	-9.911392
E	1.430683	3.693596	-0.437686	1.505801	0.046798	-0.368360	0.166759	0.620964	-8.104037
F	-1.869733	-3.253181	0.317126	-1.035643	-0.062378	0.019345	-0.779535	-0.818635	2.248085
G	0.044984	-6.028749	-0.476243	0.465547	0.230396	-0.060424	-2.148180	-0.064335	-8.741467
H	-1.020368	-0.750890	-0.650472	-1.601916	-0.385382	-0.526608	0.661782	-0.277035	-4.041027
I	-1.557143	-2.977701	0.848080	-0.392739	0.499059	0.837639	0.006353	-1.224016	0.044984
K	0.580211	-5.016574	0.215958	0.225599	0.476356	0.686428	1.106460	1.141685	-2.919870
L	-1.189438	-0.805483	0.613639	0.531811	1.052407	0.804784	1.115996	0.714089	1.698133
M	-1.352015	-3.403597	-0.334908	-2.067471	-2.233672	-2.021128	-1.677772	-1.751521	-1.337745
N	-0.812044	-4.510513	0.659412	-0.397664	-0.607041	-0.665245	-0.551094	-0.668218	-7.663464
P	-6.028749	-1.054966	-1.890412	1.286132	0.364442	0.117550	-0.325491	-2.919870	-2.173300
Q	0.534399	1.005607	-0.031426	0.037705	-0.142794	0.342455	1.020454	0.620964	-5.356803
R	0.572676	-2.504124	-1.176682	-0.601347	0.630673	0.238355	0.725459	0.605047	-3.980655
S	1.447946	-2.083256	0.668867	0.390390	0.421484	0.417283	0.122719	1.172752	-5.701939
T	0.311101	-1.139077	-0.471042	-0.570429	0.258846	0.377474	-0.019988	0.774452	-4.553840
V	-0.653415	-0.334908	0.188285	-0.351537	0.688753	1.057815	0.617306	0.380354	-1.376117
W	-4.510513	-7.663464	-2.333963	-3.571542	-2.823929	-3.183472	-2.451960	-4.169925	1.638032
Y	-1.039487	-2.287510	-0.397664	-1.976227	-1.114541	-1.102428	-0.960836	-0.975490	2.439064
