A	2.036005	-2.943817	1.787125	0.278575	0.840454	0.440847	0.515614	0.095711	0.952347	-4.113742
C	-4.113742	-4.113742	-4.113742	-4.113742	-4.113742	-4.113742	-4.113742	-4.113742	-2.943817	-4.113742
D	-0.828340	-2.943817	0.952347	1.448500	0.361991	-0.358855	-0.231099	-1.865815	-1.865815	-4.113742
E	2.631092	4.155385	-0.113742	1.627725	0.654442	-0.113742	-1.026279	0.278575	-0.231099	-4.113742
F	-2.306387	-2.943817	-2.943817	-2.943817	-1.865815	-2.943817	-1.528780	-4.113742	-4.113742	2.489884
G	-1.528780	-4.113742	-0.828340	0.278575	1.056183	0.278575	0.781076	-2.943817	0.361991	-4.113742
H	-2.306387	-4.113742	-2.306387	-4.113742	-1.865815	-1.255761	-1.026279	0.278575	-1.865815	-4.113742
I	-2.943817	-2.943817	1.199141	-1.255761	0.095711	0.897485	0.440847	-0.113742	-1.528780	-4.113742
K	-1.528780	-4.113742	-1.865815	-0.654311	-0.499032	-0.113742	0.654442	1.661045	0.840454	-4.113742
L	-1.255761	-4.113742	0.719148	0.654442	-0.499032	1.409820	0.781076	-0.828340	-0.358855	-1.255761
M	-2.306387	-4.113742	0.440847	-2.306387	-2.943817	-2.306387	-1.865815	-1.865815	-1.865815	-2.943817
N	-0.113742	-4.113742	0.440847	-0.113742	0.278575	-0.231099	0.440847	-0.113742	-0.113742	-4.113742
P	-4.113742	-4.113742	-0.654311	1.329201	0.840454	-0.828340	-0.828340	-1.865815	-4.113742	-4.113742
Q	0.719148	-2.306387	-0.113742	0.840454	0.190039	0.840454	0.440847	1.787125	1.522882	-4.113742
R	-1.865815	-4.113742	-4.113742	-2.306387	-1.255761	-0.828340	-0.231099	0.361991	-0.005218	-4.113742
S	1.486171	-2.943817	-0.113742	-0.005218	0.781076	0.719148	0.095711	0.440847	1.693613	-4.113742
T	0.095711	-2.306387	-0.113742	-0.499032	0.586698	0.897485	0.952347	0.654442	1.105426	-4.113742
V	-2.306387	-1.528780	0.952347	-0.113742	1.005199	0.952347	1.005199	0.897485	0.440847	-4.113742
W	-4.113742	-4.113742	-4.113742	-4.113742	-4.113742	-4.113742	-4.113742	-4.113742	-4.113742	1.105426
Y	-2.306387	-2.306387	-1.528780	-0.828340	-2.306387	-2.306387	-1.026279	-1.865815	-1.528780	3.435080
