A	1.980635	-2.228819	1.385891	0.629162	0.629162	1.230613	-0.421464	0.356144	0.629162	1.230613	-2.228819
C	-2.228819	-2.228819	-2.228819	-2.228819	-2.228819	-2.228819	-2.228819	-2.228819	-1.058894	-2.228819	-2.228819
D	-0.421464	-2.228819	1.771181	1.526069	1.056584	0.356144	0.356144	-2.228819	-1.058894	-2.228819	-2.228819
E	1.879706	3.895303	0.019109	1.385891	0.019109	0.356144	0.629162	0.356144	-2.228819	-0.421464	-2.228819
F	-2.228819	-1.058894	-1.058894	-2.228819	-2.228819	-1.058894	-2.228819	-2.228819	-2.228819	-1.058894	2.539366
G	-2.228819	-2.228819	-0.421464	0.629162	1.056584	1.653824	1.526069	0.356144	-1.058894	0.629162	-2.228819
H	-2.228819	-2.228819	-2.228819	-2.228819	-2.228819	-0.421464	-0.421464	-1.058894	0.356144	-2.228819	-2.228819
I	-2.228819	-0.421464	0.356144	0.019109	-1.058894	-1.058894	-0.421464	0.629162	-1.058894	-2.228819	-2.228819
K	-1.058894	-2.228819	-2.228819	-2.228819	-0.421464	-1.058894	0.356144	1.056584	1.385891	1.230613	-2.228819
L	-2.228819	-2.228819	1.385891	-0.421464	0.356144	0.019109	0.019109	0.019109	-1.058894	0.356144	-2.228819
M	-2.228819	-2.228819	0.858644	-1.058894	-1.058894	-2.228819	-2.228819	-2.228819	-2.228819	-2.228819	-2.228819
N	0.356144	-2.228819	0.019109	-2.228819	0.629162	-0.421464	0.629162	0.858644	-1.058894	-2.228819	-2.228819
P	-2.228819	-2.228819	-1.058894	1.526069	1.230613	0.019109	0.019109	-0.421464	-1.058894	-2.228819	-2.228819
Q	0.858644	-1.058894	-0.421464	0.019109	-1.058894	-0.421464	0.019109	0.629162	1.653824	1.771181	-2.228819
R	-2.228819	-2.228819	-2.228819	-2.228819	-2.228819	-2.228819	-2.228819	-0.421464	1.385891	-0.421464	-2.228819
S	1.879706	-2.228819	0.019109	0.629162	1.526069	0.356144	1.056584	0.858644	0.629162	0.019109	-2.228819
T	0.356144	-2.228819	-1.058894	0.629162	0.019109	1.056584	0.629162	0.356144	0.356144	1.056584	-2.228819
V	-0.421464	-2.228819	-0.421464	-1.058894	-0.421464	0.629162	0.019109	0.858644	0.629162	1.056584	-2.228819
W	-2.228819	-2.228819	-2.228819	-2.228819	-2.228819	-2.228819	-2.228819	-2.228819	-2.228819	-2.228819	1.879706
Y	-2.228819	-2.228819	-1.058894	-2.228819	-2.228819	-1.058894	-1.058894	-2.228819	-2.228819	-2.228819	2.782409
