A	1.594315	0.251257	1.381216	0.095307	0.725661	0.544522	0.159724	0.725661	-5.679480
C	-4.509555	-5.679480	-4.509555	-5.679480	-4.509555	-4.509555	-2.394078	-2.821499	-5.679480
D	-0.613391	-3.094518	1.769669	1.407983	-1.050123	-2.394078	-2.220048	-2.220048	-5.679480
E	1.907360	3.908766	-0.412694	1.684655	-0.278601	-0.195664	0.127875	-0.007055	-5.679480
F	-2.220048	-1.924593	-1.050123	-2.821499	-1.470027	-1.924593	-2.592017	-4.509555	2.658142
G	-0.613391	-3.094518	-0.236537	0.591983	-0.007055	-0.236537	-2.394078	-0.321928	-5.679480
H	-3.431553	-5.679480	-2.394078	-2.592017	-0.911296	-1.679480	0.391982	-0.460312	-5.679480
I	-0.725284	-2.064770	0.591983	-0.509555	0.905482	0.615141	-0.668253	-2.220048	-0.042855
K	-0.911296	-5.679480	-1.924593	-0.846590	-0.278601	0.847997	1.447224	1.114936	-5.679480
L	-0.725284	-2.064770	-0.195664	0.391982	1.031326	-0.366597	0.309205	-0.412694	1.878941
M	-0.979040	-3.094518	-0.668253	-1.375699	-2.394078	-2.220048	-2.394078	-2.394078	-0.460312
N	0.470267	-5.679480	1.131092	0.027879	-0.509555	-0.321928	-0.784662	0.159724	-5.679480
P	-5.679480	-5.679480	-2.394078	1.065354	0.418552	0.337328	-0.668253	-4.509555	-5.679480
Q	0.495446	-1.470027	0.159724	0.337328	0.591983	0.942572	1.640192	1.239383	-5.679480
R	-1.470027	-5.679480	-2.821499	-3.094518	-1.375699	0.660370	0.337328	0.280522	-5.679480
S	1.748880	-1.203747	0.828315	0.568447	0.470267	0.682464	0.704224	1.617436	-5.679480
T	0.637933	-0.668253	0.337328	-0.042855	0.704224	0.725661	0.391982	1.546932	-5.679480
V	-0.007055	-0.321928	0.520192	0.159724	1.522644	1.394661	1.114936	0.337328	-3.431553
W	-5.679480	-5.679480	-5.679480	-5.679480	-4.509555	-5.679480	-5.679480	-5.679480	0.591983
Y	-2.220048	-1.570956	-1.924593	-2.394078	-1.679480	-2.220048	-2.220048	-3.431553	2.691207
