A	-7.153393 0.369380 1.282831 0.787585 0.623962 2.550625 1.059425 0.606977 1.851679
C	-11.636204 -4.396488 -1.651305 -3.484392 -3.636618 -3.852080 -3.917801 -3.725210 -1.238347
D	-11.842356 -1.074699 -1.791877 -1.143277 -0.068060 -0.770097 -1.416824 -0.858981 -2.606499
E	-7.590183 0.695071 -0.091522 1.068437 0.299664 -1.530331 0.757114 0.368683 -2.207868
F	2.561859 -0.874709 -0.463012 -1.542870 -1.907305 -5.226833 -0.888045 -1.374838 -2.703079
G	-11.809931 -1.015409 -0.344725 -1.762887 -0.279900 2.135266 -0.585020 0.120532 0.706434
H	-11.524547 -0.452309 -0.680391 -3.952581 -0.560549 -5.605856 -0.356491 -0.285615 -3.398397
I	1.548516 0.361409 0.575630 0.719848 -0.568118 -3.985677 0.103343 -0.500883 1.087558
K	-11.532509 0.906169 0.268837 -3.377492 1.221258 -7.375120 0.153616 0.944451 -2.731800
L	1.533783 0.787222 0.828235 2.829943 -0.199143 -5.948721 0.720329 1.073669 2.058220
M	-1.570062 -2.068435 -0.637459 0.412959 -2.122240 -11.924811 -2.361668 -1.830444 -1.418597
N	-11.732927 -0.546979 -0.882778 -1.206569 -0.243855 0.473465 0.611939 -0.613564 -2.128560
P	-11.684201 -11.778189 0.230992 -6.933842 0.812280 0.851297 0.319819 0.935549 -2.987898
Q	-11.650519 0.221882 0.122050 0.355718 0.421611 -3.547200 0.670266 0.210489 -1.686053
R	-11.522330 1.244997 0.149236 -6.658228 0.756863 -11.801853 0.061948 0.850265 -2.877051
S	-11.770235 0.437192 0.876272 -0.377606 0.774946 1.772283 0.188702 0.284014 0.630314
T	-11.681137 0.186031 -0.511189 -0.297711 0.567347 0.400249 -0.206738 -0.294084 -0.061842
V	0.411064 1.114753 0.414244 0.404951 0.152604 -0.748122 0.752612 0.199995 1.815510
W	0.056425 -2.241612 -2.584814 -5.088187 -4.214230 -11.941816 -2.377761 -3.826786 -8.411470
Y	2.473210 -0.777532 -0.284655 -3.656121 -1.596850 -8.118517 -1.079752 -1.088813 -4.028289
