A	1.859137	-1.426265	0.381090	-1.426265	1.158698	0.381090	0.381090	0.381090	1.661198	-1.426265
C	-1.426265	-1.426265	-1.426265	-1.426265	-1.426265	-1.426265	-1.426265	-1.426265	-1.426265	-1.426265
D	-1.426265	-1.426265	-0.256340	1.859137	-0.256340	-0.256340	-0.256340	-0.256340	-1.426265	-1.426265
E	-1.426265	3.639824	-0.256340	1.431716	-1.426265	-0.256340	-1.426265	1.158698	1.431716	-1.426265
F	-1.426265	-1.426265	-1.426265	-1.426265	-0.256340	-1.426265	-0.256340	-1.426265	-1.426265	0.821663
G	1.158698	-1.426265	-0.256340	0.381090	1.661198	0.381090	-0.256340	-1.426265	-1.426265	-1.426265
H	-1.426265	-1.426265	-1.426265	-1.426265	0.381090	-0.256340	-1.426265	-1.426265	-1.426265	-1.426265
I	-1.426265	-1.426265	1.661198	-1.426265	-0.256340	0.381090	1.158698	1.158698	0.381090	0.381090
K	1.431716	-1.426265	2.328623	0.821663	-0.256340	1.661198	1.158698	-1.426265	-0.256340	-1.426265
L	-0.256340	-1.426265	-1.426265	-0.256340	-1.426265	-0.256340	0.381090	-0.256340	-1.426265	3.406625
M	-1.426265	-1.426265	-0.256340	-1.426265	-1.426265	-1.426265	-0.256340	-1.426265	-1.426265	-1.426265
N	-1.426265	-1.426265	0.381090	0.381090	-0.256340	0.381090	-0.256340	-0.256340	-1.426265	-1.426265
P	-1.426265	-1.426265	-1.426265	0.381090	0.381090	-1.426265	-0.256340	-0.256340	-1.426265	-1.426265
Q	-1.426265	-0.256340	-0.256340	-0.256340	-0.256340	0.381090	-0.256340	1.158698	-0.256340	-1.426265
R	0.381090	-1.426265	-0.256340	0.381090	1.158698	0.821663	0.381090	0.381090	0.381090	-1.426265
S	0.381090	-1.426265	-1.426265	-1.426265	-0.256340	-0.256340	0.821663	-0.256340	1.158698	-1.426265
T	1.431716	-1.426265	-1.426265	-1.426265	-0.256340	0.381090	-1.426265	-1.426265	1.158698	-1.426265
V	-1.426265	-1.426265	-1.426265	-0.256340	-0.256340	-0.256340	-0.256340	1.431716	-0.256340	-1.426265
W	-0.256340	-1.426265	-1.426265	-1.426265	-1.426265	-1.426265	-1.426265	-1.426265	-1.426265	-1.426265
Y	-1.426265	-1.426265	-0.256340	-0.256340	-1.426265	-1.426265	0.381090	-0.256340	-0.256340	-1.426265
