A	1.866144	-3.303781	0.310929	0.804744	0.451107	0.804744	1.815160	-1.496426
C	-3.303781	-3.303781	-3.303781	-3.303781	-3.303781	-3.303781	-3.303781	-3.303781
D	-3.303781	0.310929	-1.055853	-0.718818	-3.303781	-1.055853	-2.133856	-3.303781
E	-0.718818	4.004558	0.310929	1.250808	-2.133856	0.696219	0.905673	-3.303781
F	-1.055853	-3.303781	-1.055853	-2.133856	-3.303781	-2.133856	-2.133856	-0.718818
G	0.804744	-3.303781	-1.496426	-0.216318	0.451107	-3.303781	-1.055853	-3.303781
H	-0.018379	-3.303781	0.310929	-1.496426	-0.718818	1.088537	-2.133856	-3.303781
I	0.310929	-3.303781	0.310929	0.578862	1.000000	-0.718818	-0.216318	-1.055853
K	0.451107	-3.303781	2.967682	1.088537	1.915388	0.696219	0.804744	-3.303781
L	1.088537	-3.303781	-1.055853	1.171953	-0.216318	0.155651	0.696219	3.835771
M	-1.055853	-3.303781	-1.055853	-2.133856	-0.445800	-3.303781	-2.133856	-0.216318
N	-2.133856	-3.303781	-0.718818	-3.303781	-3.303781	-0.718818	-1.496426	-3.303781
P	-3.303781	-3.303781	-3.303781	0.155651	-1.496426	0.155651	-3.303781	-3.303781
Q	-2.133856	-0.018379	-0.718818	-0.018379	-0.445800	-0.018379	-0.445800	-2.133856
R	-0.718818	-3.303781	-0.216318	-2.133856	1.396659	0.696219	-1.496426	-3.303781
S	0.310929	-3.303781	-0.718818	0.578862	-0.445800	-0.718818	0.310929	-3.303781
T	0.310929	-3.303781	-2.133856	0.451107	-0.018379	0.804744	1.464404	-3.303781
V	0.696219	-3.303781	-0.445800	1.088537	1.529109	1.464404	1.464404	0.905673
W	-2.133856	-3.303781	-3.303781	-3.303781	-3.303781	-3.303781	-3.303781	-3.303781
Y	0.696219	-3.303781	-0.018379	-3.303781	-2.133856	-0.718818	-1.055853	-3.303781
