A	1.867401	-3.316766	0.318822	0.045804	0.095047	0.512503	0.746243	1.670295	-0.648388
C	-5.124121	-5.124121	-5.124121	-5.124121	-3.954196	-5.124121	-3.954196	-5.124121	-5.124121
D	-5.124121	-1.509411	-0.229304	0.548304	-0.229304	-1.838719	-2.036658	-1.664690	-5.124121
E	-1.838719	3.869525	-0.229304	1.718229	0.475792	0.512503	0.233431	0.776745	-5.124121
F	-1.664690	-5.124121	-0.494765	-1.838719	-1.509411	-0.820341	-1.241478	-2.539159	1.516124
G	1.099880	-5.124121	-0.731804	0.617346	0.359694	0.438121	-2.876194	-0.355937	-5.124121
H	-0.229304	-5.124121	-0.569532	-2.539159	-0.058032	-0.914668	0.045804	-1.015597	-5.124121
I	0.276758	-5.124121	0.045804	-0.058032	-0.291231	0.095047	0.095047	-2.036658	-0.494765
K	1.302143	-5.124121	2.781266	0.947341	1.193291	1.479505	0.864563	0.142665	-5.124121
L	-0.914668	-1.241478	-0.820341	0.318822	0.512503	0.276758	0.276758	-0.291231	3.660514
M	-2.266140	-3.954196	-1.241478	-2.876194	-3.954196	-1.838719	-3.954196	-1.509411	-0.423682
N	-0.820341	-5.124121	-0.112894	-1.124121	-0.112894	-1.015597	-0.494765	-1.838719	-5.124121
P	-5.124121	-1.124121	-3.954196	1.479505	0.947341	-0.423682	0.683234	-3.954196	-3.954196
Q	-2.266140	1.824246	-0.229304	0.095047	0.188762	0.475792	0.864563	0.512503	-5.124121
R	0.045804	-5.124121	0.512503	-2.266140	0.318822	0.947341	0.548304	-0.914668	-5.124121
S	1.281020	-3.954196	-0.058032	0.318822	0.683234	0.045804	-0.005180	1.718229	-5.124121
T	0.746243	-5.124121	-0.820341	0.045804	0.095047	0.583238	0.746243	1.403356	-2.876194
V	0.776745	-3.954196	-0.291231	-0.112894	0.095047	0.806616	1.000000	1.302143	0.359694
W	-3.954196	-5.124121	-3.316766	-5.124121	-3.316766	-3.954196	-2.876194	-5.124121	-5.124121
Y	-0.820341	-5.124121	-1.241478	-2.539159	-1.509411	-2.876194	-0.569532	-3.954196	-0.731804
