A	1.902153	-0.345775	1.373043	0.156726	0.951906	-1.123382	0.156726	0.951906	0.156726	-2.930737
C	-2.930737	-2.930737	-2.930737	-2.930737	-2.930737	-2.930737	-2.930737	-2.930737	-2.930737	-2.930737
D	-0.345775	-2.930737	-0.072756	1.373043	-0.682810	-0.682810	-1.760812	-1.760812	-1.760812	-2.930737
E	1.069263	-1.760812	-2.930737	0.824150	-1.123382	-1.123382	-1.760812	-1.123382	0.156726	-2.930737
F	-1.760812	-2.930737	1.177787	-2.930737	-0.682810	-1.760812	0.683973	-0.682810	-0.072756	-2.930737
G	0.951906	-2.930737	-0.682810	1.623852	1.698619	0.156726	1.461580	-0.345775	1.069263	-2.930737
H	-1.123382	-2.930737	-2.930737	-1.760812	-0.072756	-1.760812	-1.760812	0.156726	-1.123382	-1.760812
I	-0.345775	0.951906	0.156726	-2.930737	-0.072756	1.069263	0.528694	0.354665	-1.760812	-2.930737
K	1.461580	-2.930737	-0.682810	-0.345775	0.354665	-1.123382	-2.930737	-0.682810	0.354665	3.879834
L	-1.760812	0.824150	1.177787	-0.345775	-0.682810	-0.072756	1.769702	0.824150	1.373043	-1.760812
M	-2.930737	-2.930737	-1.123382	-2.930737	-1.760812	-2.930737	-0.682810	-1.760812	-1.760812	-2.930737
N	-1.760812	-2.930737	-0.072756	-0.072756	-0.682810	-0.072756	-0.682810	-0.072756	0.156726	-2.930737
P	-2.930737	-2.930737	-1.123382	1.069263	1.698619	1.544996	-0.072756	-0.072756	0.156726	-2.930737
Q	-1.760812	-1.760812	-0.682810	-0.345775	-0.345775	-1.123382	-1.123382	-0.345775	0.683973	-2.930737
R	0.156726	-2.930737	-1.760812	-1.760812	-1.760812	-0.682810	-2.930737	-1.760812	-0.682810	1.177787
S	0.951906	-0.345775	0.156726	0.824150	0.824150	1.177787	0.528694	1.461580	0.824150	-2.930737
T	-0.682810	2.553078	-1.760812	0.354665	-0.682810	1.373043	0.156726	1.177787	0.824150	-2.930737
V	0.683973	2.741688	-0.072756	-0.072756	0.156726	1.177787	1.373043	1.278716	-0.345775	-2.930737
W	-2.930737	-2.930737	-1.123382	-1.760812	-1.760812	-1.760812	-2.930737	-2.930737	-2.930737	-2.930737
Y	-1.123382	-2.930737	1.837447	-0.682810	-2.930737	-0.682810	-1.123382	-2.930737	-1.123382	-1.123382
