A	1.730813	-1.554589	0.252766	1.303392	1.303392	0.252766	-0.384664	0.252766	1.303392	0.693339	-1.554589
C	-1.554589	-1.554589	-1.554589	-1.554589	-1.554589	-1.554589	-1.554589	-1.554589	-1.554589	-1.554589	-1.554589
D	0.252766	-0.384664	-0.384664	1.303392	-1.554589	1.303392	-0.384664	-0.384664	-1.554589	-1.554589	-1.554589
E	1.303392	-1.554589	-1.554589	0.252766	0.693339	0.252766	-1.554589	-1.554589	-1.554589	0.252766	-1.554589
F	-1.554589	-1.554589	1.303392	-1.554589	-0.384664	-1.554589	-0.384664	-1.554589	-1.554589	0.252766	-1.554589
G	-0.384664	-1.554589	-1.554589	0.693339	1.303392	1.030374	1.030374	1.030374	-1.554589	-1.554589	-1.554589
H	-0.384664	-1.554589	-1.554589	0.252766	-0.384664	-1.554589	-1.554589	-1.554589	-1.554589	-1.554589	-1.554589
I	-0.384664	0.252766	1.904843	-1.554589	-1.554589	-1.554589	0.252766	1.532874	0.693339	-1.554589	-1.554589
K	0.252766	-1.554589	-1.554589	-1.554589	-0.384664	-0.384664	-1.554589	-0.384664	-0.384664	1.532874	3.074768
L	-1.554589	-0.384664	0.693339	-1.554589	1.030374	0.252766	-0.384664	-0.384664	0.693339	0.693339	-1.554589
M	-0.384664	-1.554589	-1.554589	-1.554589	-1.554589	-1.554589	0.252766	-1.554589	-0.384664	-1.554589	-1.554589
N	-0.384664	-1.554589	-1.554589	-1.554589	-1.554589	-1.554589	1.030374	-1.554589	0.252766	0.693339	-1.554589
P	-1.554589	-1.554589	-1.554589	1.030374	1.030374	0.693339	-0.384664	0.693339	-0.384664	-0.384664	-1.554589
Q	-0.384664	-1.554589	0.252766	-0.384664	-1.554589	1.030374	0.252766	-1.554589	0.252766	0.252766	-1.554589
R	0.252766	-1.554589	-1.554589	-1.554589	-0.384664	0.252766	-0.384664	-1.554589	-0.384664	-1.554589	2.445411
S	1.303392	0.693339	0.693339	1.532874	0.693339	1.030374	1.303392	1.303392	0.693339	0.252766	-1.554589
T	-0.384664	2.200299	-1.554589	0.252766	-0.384664	-0.384664	1.030374	-0.384664	1.303392	0.693339	-1.554589
V	-0.384664	2.654865	-1.554589	-0.384664	0.252766	-0.384664	0.252766	1.303392	1.030374	-0.384664	-1.554589
W	-1.554589	-1.554589	-1.554589	-1.554589	-1.554589	-1.554589	-1.554589	-1.554589	-1.554589	-1.554589	-1.554589
Y	-1.554589	-1.554589	1.730813	-1.554589	-1.554589	-1.554589	-1.554589	0.252766	-1.554589	0.693339	-1.554589
