A	1.647162	0.120726	1.669954	0.571710	0.247359	0.522467	0.306738	0.876104	-4.647458
C	-4.647458	-4.647458	-4.647458	-4.647458	-4.647458	-4.647458	-4.647458	-4.647458	-4.647458
D	-0.647458	-4.647458	-0.255141	0.989166	-2.062496	-2.840104	-4.647458	-3.477533	-4.647458
E	0.952454	-4.647458	-2.399531	0.571710	-1.032749	-2.399531	-2.062496	0.306738	-4.647458
F	-2.840104	-4.647458	1.024967	-1.789477	-0.764815	0.522467	-0.171725	-0.892571	-2.062496
G	0.795485	-2.840104	0.185432	1.253408	0.914784	0.471483	-1.032749	0.471483	-4.647458
H	-1.032749	-4.647458	-2.399531	-2.399531	-0.892571	-2.062496	-1.559996	-1.032749	-0.764815
I	-0.255141	1.222906	-0.343678	-1.362056	0.052981	1.369350	1.253408	-2.062496	-4.647458
K	0.952454	-4.647458	-1.188027	0.120726	0.795485	-1.032749	-0.438005	0.522467	3.701270
L	-2.062496	1.899436	-0.092870	-0.255141	-0.092870	1.476663	2.063348	0.836357	-3.477533
M	-4.647458	-3.477533	-1.789477	-3.477533	-3.477533	-1.032749	-1.789477	-4.647458	-4.647458
N	-2.840104	-3.477533	0.418631	-0.018102	-0.892571	-1.032749	-1.188027	0.418631	-4.647458
P	-4.647458	-3.477533	-2.840104	0.914784	1.669954	0.185432	-0.171725	0.052981	-4.647458
Q	-0.647458	-1.789477	-0.892571	0.247359	-0.892571	-0.092870	-1.188027	0.989166	-4.647458
R	0.665425	-4.647458	-2.399531	-2.840104	-0.892571	-2.840104	-0.764815	-1.362056	2.063348
S	1.937504	0.522467	1.094009	1.222906	0.710094	-0.343678	0.836357	1.127329	-4.647458
T	-0.255141	2.080462	-0.092870	0.753421	0.418631	0.665425	0.989166	0.876104	-4.647458
V	0.522467	2.614636	-0.647458	0.120726	1.159896	1.692392	1.450574	-0.092870	-3.477533
W	-3.477533	-4.647458	-4.647458	-2.840104	-2.062496	-2.840104	-4.647458	-4.647458	-4.647458
Y	-2.062496	-4.647458	1.992787	-1.789477	-0.018102	-1.559996	-2.062496	0.185432	0.363769
