A	-4.378647 0.686919 1.325099 0.152978 0.347423 1.731965 1.066124 0.236190 0.354330
C	-8.377392 -4.634144 -3.037921 -4.666569 -3.373420 -6.298278 -2.771855 -4.210582 -3.101056
D	-8.837874 -1.228043 -1.098388 1.051553 0.314523 -2.172253 -0.848874 -0.443831 0.105179
E	-2.480353 0.444489 -1.483073 2.232962 0.383130 -1.658438 1.541743 1.027635 0.251568
F	2.106891 -0.435464 0.194975 -0.235593 -1.290914 2.699165 -1.797253 -1.847933 -0.417317
G	-5.494129 -2.117462 0.316572 -1.666164 -1.462324 -1.072592 -0.724349 -0.875487 -3.074178
H	-4.252594 -0.738245 -1.143201 -2.206722 -0.329780 -3.672440 -0.772086 -1.086348 -2.808639
I	1.508915 1.031480 0.237015 0.127266 -0.406010 -0.616994 -0.975238 -0.795258 1.631449
K	1.415899 0.593317 -1.512176 -2.294010 1.154752 -2.763954 -0.187779 1.139299 -3.557803
L	1.698539 1.034159 -0.130394 0.261555 1.268854 0.211242 2.206093 0.570776 2.295294
M	-0.584882 -1.377744 -1.779056 -1.973174 -1.354612 -1.967882 -2.257983 -2.631597 -0.969509
N	-7.852424 -0.919495 -1.236524 -1.296332 -0.501247 -0.873355 0.577723 0.228135 -2.073503
P	-9.368656 -9.502704 -0.239035 -1.824760 0.890005 -0.276171 -1.801642 0.525971 -2.564270
Q	-2.310032 -0.050798 -0.669327 -0.816550 0.209840 -3.040948 0.518640 0.340861 -2.607729
R	-0.123365 0.638517 -1.796591 -4.341789 -0.075170 -3.800962 -1.584112 0.980872 -2.648656
S	-3.354299 -0.355250 1.377501 0.796048 -0.007591 0.302152 -0.131408 0.570941 -0.980033
T	-3.778325 0.080999 -0.182210 1.508317 0.592805 -0.570559 -1.230228 0.088988 -0.679227
V	0.324834 1.549176 1.067542 0.658123 -0.447662 0.182252 0.610847 0.507708 1.937390
W	-0.523280 -1.675646 -0.103358 -2.185815 -4.522503 -0.667291 -4.245938 -4.186372 -2.386139
Y	1.440485 -0.191007 1.186779 -1.949611 -0.341625 0.705353 -2.835566 -1.330792 -0.246036
