A	-4.012263 1.074300 1.077681 2.247247 0.864099 0.234102 1.115313 0.865963 2.171207
C	-9.130250 -9.164094 -9.025935 -4.160038 -4.752608 -9.164256 -9.155152 -9.008235 -5.642126
D	-9.063371 -2.078393 -2.295723 -1.462785 -0.037301 1.441292 -0.723877 -0.848988 -1.190681
E	-4.757579 0.166679 -1.098957 -1.186984 0.211663 -3.629447 -0.000811 0.459843 -0.995834
F	-0.209535 -0.735692 -0.685867 -1.643856 -2.278598 -9.050167 -1.352901 -1.393448 -9.086814
G	-8.642357 -1.748020 -0.726300 -1.368186 0.066187 -2.975474 -0.411192 0.051336 1.770355
H	-8.188240 -0.286867 -1.208941 -3.332371 -0.940418 -8.767051 -2.553250 -0.537324 -1.649557
I	2.829306 0.633675 0.632901 0.796448 -1.050909 -1.791078 -0.596859 -0.747691 -2.596574
K	-8.895313 0.690197 0.080647 -5.500489 0.916348 -8.857829 -1.207101 0.579508 -4.830988
L	2.629963 0.698531 0.875123 0.652935 -0.646464 -4.828650 1.173844 1.210987 -1.372931
M	-1.086483 -2.134591 -1.337616 -1.912021 -2.492501 -9.127844 -1.272778 -2.529203 -3.317785
N	-8.402480 -0.668643 0.028651 -2.103060 -0.268361 1.641333 1.285236 -1.430470 -0.849154
P	-8.207413 -8.350905 0.859844 -9.075045 1.432275 -0.543017 0.587864 1.253178 -0.842905
Q	-8.910408 0.405528 -0.073111 -2.009635 0.038785 -9.115819 0.752022 0.125577 1.455734
R	-8.617189 1.238261 0.256078 -9.043658 0.459832 -8.477331 -1.024161 0.625830 -3.834746
S	-8.546181 0.339958 0.946713 1.870235 1.252561 2.196941 1.195763 0.925954 2.424283
T	-4.966461 0.518183 0.478674 1.320323 0.174230 2.290566 0.152747 -0.128816 -0.999636
V	2.354040 1.171937 0.663798 1.691677 0.312612 1.185587 0.312828 0.065241 -1.648969
W	-5.861543 -9.148256 -4.105422 -9.163570 -3.728810 -9.162177 -3.739372 -4.746639 -8.665333
Y	-3.628277 -0.912841 -0.363575 -3.051791 -1.788096 -9.050958 -1.674439 -1.866836 -8.445206
