A	1.519462	-3.333273	0.823941	0.018712	0.865883	0.463194	-0.018958	0.258003	0.926594	-5.581201
C	-5.581201	-5.581201	-3.333273	-4.411276	-4.411276	-3.333273	-3.333273	-4.411276	-1.966491	-5.581201
D	-5.581201	-5.581201	-0.686383	1.452222	0.319666	0.258003	-1.277420	-1.188883	-1.277420	-5.581201
E	-4.411276	-2.121769	-2.295798	1.396079	1.094756	0.349537	0.407484	0.780743	0.435608	-5.581201
F	-1.188883	-4.411276	0.965694	-0.268318	-0.097385	-0.686383	-0.138257	-2.295798	-1.105467	2.784028
G	1.180351	-2.996238	-2.996238	0.618472	1.276780	0.666727	1.213215	-0.462260	0.126159	-5.581201
H	-1.277420	-0.880761	-0.748311	-1.188883	-0.748311	-1.472676	-0.515111	-1.581201	-0.951844	-5.581201
I	-1.026612	-5.581201	1.129606	-0.813016	-0.462260	0.018712	-0.018958	0.463194	-1.698558	-5.581201
K	2.033509	3.762540	0.258003	0.516832	-0.223649	0.160266	0.407484	-0.411276	0.258003	-5.581201
L	-1.698558	-1.472676	0.713420	-0.138257	-0.180321	0.758649	1.094756	0.642801	0.690262	-2.723220
M	-2.121769	-1.472676	-1.472676	-2.996238	-2.996238	-2.121769	-1.371747	-1.472676	-2.996238	-1.698558
N	-2.723220	-5.581201	-1.026612	-0.515111	-0.314414	-0.180321	-0.057639	0.055424	-0.813016	-5.581201
P	-5.581201	-5.581201	0.226154	1.396079	0.984853	0.780743	-0.314414	-1.472676	-1.966491	-5.581201
Q	-1.581201	1.938436	-1.371747	0.193586	-0.180321	0.126159	0.091225	0.823941	-0.223649	-5.581201
R	2.361314	-1.826313	0.542921	-0.569973	-1.371747	-0.362032	-0.138257	-0.314414	0.193586	-5.581201
S	0.160266	-2.121769	-1.277420	0.126159	0.593725	0.926594	0.349537	0.946276	1.410321	-5.581201
T	-1.826313	-4.411276	-2.121769	-0.880761	0.091225	0.690262	0.490262	1.261150	1.558351	-5.581201
V	-0.569973	-3.333273	0.823941	-1.371747	0.055424	0.160266	0.349537	1.438390	0.865883	-4.411276
W	-5.581201	-5.581201	-1.966491	-2.295798	-2.723220	-3.333273	-2.996238	-4.411276	-5.581201	-4.411276
Y	0.091225	-4.411276	1.620923	-1.472676	-1.371747	-2.121769	-0.748311	-2.121769	-1.026612	3.616630
