A	1.554476	-1.834222	-0.082149	0.221632	0.618291	0.393584	0.547208	0.983940	0.393584	0.618291	-4.082149
C	-4.082149	-4.082149	-4.082149	-4.082149	-2.912224	-4.082149	-4.082149	-2.912224	-2.912224	-2.274794	-4.082149
D	-4.082149	-4.082149	-1.224168	1.318730	0.310168	0.026375	0.127304	-0.467439	-0.796747	-1.834222	-4.082149
E	-4.082149	-2.912224	-2.274794	0.618291	0.750741	1.184637	0.812669	0.026375	-0.082149	0.812669	-4.082149
F	-1.834222	-4.082149	1.441413	-0.994686	-0.994686	-0.327262	-0.994686	-0.622717	-0.082149	-0.622717	2.364934
G	1.692638	-4.082149	-4.082149	0.872047	0.618291	0.812669	1.087776	1.401667	-0.994686	0.026375	-2.912224
H	-1.497187	-1.497187	-0.199506	-1.497187	-1.224168	-0.796747	-0.994686	-0.199506	-1.497187	-2.274794	-4.082149
I	-1.224168	-2.912224	1.230734	-1.834222	-1.224168	-0.994686	-0.082149	0.310168	0.983940	-0.622717	-4.082149
K	1.788216	3.745987	0.026375	0.872047	-0.994686	0.472440	0.686035	0.127304	-1.497187	-0.199506	-4.082149
L	-0.796747	-0.467439	0.929078	0.127304	-0.994686	-0.327262	0.547208	0.127304	0.618291	0.618291	-2.274794
M	-2.274794	-1.497187	-1.497187	-4.082149	-4.082149	-1.834222	-1.224168	-2.912224	-0.994686	-2.912224	-4.082149
N	-4.082149	-2.912224	-1.834222	-0.082149	0.618291	0.393584	0.393584	-0.467439	-0.467439	-1.834222	-4.082149
P	-4.082149	-4.082149	-1.224168	1.230734	1.441413	0.618291	-0.199506	0.686035	-1.497187	-2.912224	-4.082149
Q	-2.274794	1.625210	-2.274794	0.472440	0.547208	-0.796747	-0.467439	0.127304	0.127304	-0.082149	-4.082149
R	2.235264	-4.082149	0.872047	-0.796747	-0.796747	-0.327262	-0.622717	-0.327262	-0.199506	-0.082149	-4.082149
S	0.472440	-1.497187	-1.224168	0.618291	0.872047	1.036792	0.983940	0.686035	0.983940	1.184637	-4.082149
T	-1.224168	-1.497187	-2.274794	-0.622717	0.547208	0.686035	-0.327262	0.127304	1.318730	1.554476	-4.082149
V	-0.994686	-2.912224	0.127304	-0.994686	0.618291	-0.199506	0.127304	0.393584	1.590276	1.360794	-4.082149
W	-4.082149	-4.082149	-0.796747	-4.082149	-2.912224	-2.274794	-4.082149	-4.082149	-2.274794	-4.082149	-4.082149
Y	-0.082149	-2.912224	2.015883	-0.327262	-2.274794	-1.834222	-0.796747	-2.912224	-2.912224	0.026375	3.761772
