A	1.549967	-0.971986	0.753839	0.218346	1.304855	0.371969	1.100164	-4.257388
C	-4.257388	-4.257388	-4.257388	-4.257388	-4.257388	-3.087463	-4.257388	-4.257388
D	-4.257388	-4.257388	-2.009460	-2.009460	-2.009460	-4.257388	-4.257388	-4.257388
E	-3.087463	-4.257388	-2.450033	0.510796	-3.087463	-0.257388	0.912537	-4.257388
F	-0.047934	-3.087463	0.753839	-0.797956	0.637430	-1.399407	-3.087463	1.917538
G	1.379237	-0.257388	-0.971986	-0.374745	0.753839	-1.399407	-0.257388	-4.257388
H	0.637430	-0.971986	0.046393	-0.971986	0.134930	-0.502500	-1.399407	-2.009460
I	-2.450033	-4.257388	0.861553	0.443052	0.297201	1.100164	-0.797956	-4.257388
K	1.449971	3.004707	0.046393	1.549967	-3.087463	0.575502	0.443052	-4.257388
L	-0.642678	-4.257388	0.371969	1.581816	-0.374745	1.226428	-0.047934	0.510796
M	-2.450033	-2.450033	-1.672425	-2.009460	-2.450033	-1.399407	-1.169925	-0.971986
N	-2.009460	-3.087463	-1.672425	-1.169925	-0.797956	-0.797956	-3.087463	-4.257388
P	-4.257388	-4.257388	-2.450033	0.046393	0.443052	-0.971986	-3.087463	-4.257388
Q	-1.169925	3.128475	-1.672425	-0.257388	-0.502500	-0.148863	0.218346	-4.257388
R	1.581816	-1.672425	1.787006	-0.148863	-2.009460	1.304855	-0.797956	-4.257388
S	0.575502	-3.087463	-1.169925	-1.169925	1.581816	0.696808	0.637430	-4.257388
T	-0.502500	-4.257388	-0.502500	0.371969	0.861553	0.575502	1.185556	-4.257388
V	0.046393	-4.257388	0.753839	1.143492	1.379237	1.055495	2.230452	-4.257388
W	-4.257388	-4.257388	-1.672425	-3.087463	-3.087463	-4.257388	-3.087463	-4.257388
Y	-0.047934	-4.257388	1.449971	-1.169925	-4.257388	-2.450033	-0.797956	3.728454
