A	1.263034	-0.248865	0.946129	0.154250	0.198462	0.183875	0.161713	1.195557	-3.650115
C	-7.758640	-7.758640	-6.588715	-5.951285	-5.173677	-4.900659	-4.671177	-3.366322	-7.758640
D	-2.990455	-7.758640	-0.089755	0.573397	-0.351372	-0.781360	-1.769955	-1.660608	-7.758640
E	-2.491853	-1.951285	-0.997088	1.030079	0.131625	0.131625	0.474980	0.706927	-7.758640
F	-0.450301	-4.299208	0.992904	-0.125644	0.021080	-0.330279	-1.714246	-1.919436	2.651812
G	1.353800	-2.235078	-1.769955	0.550837	0.701816	0.665527	-1.714246	-0.098644	-7.758640
H	-0.869896	-0.496545	-0.484844	-1.396696	-0.134758	-0.450301	-0.319848	-1.030719	-2.539471
I	-0.619088	-3.058200	0.737215	-0.125644	-0.219481	0.330149	0.675989	-1.047833	-3.282906
K	1.511071	3.293589	0.336757	0.654988	0.323509	0.480959	-0.063411	0.590089	-7.758640
L	-0.556516	-0.171800	0.649690	0.595610	0.413788	0.550837	1.113266	0.100895	1.505216
M	-1.769955	-1.173677	-1.100428	-1.951285	-2.086214	-2.051281	-1.558967	-2.051281	-0.484844
N	-1.687177	-4.299208	-0.405493	-0.520235	-0.107588	-0.427723	-0.080920	-1.231163	-7.758640
P	-4.671177	-5.173677	-1.396696	1.414413	0.516321	0.131625	-0.383600	-2.122015	-7.758640
Q	-0.964224	2.219356	-1.311556	-0.029019	0.116342	0.356404	0.539423	0.375787	-7.758640
R	1.694631	0.183875	0.742202	-0.753015	-0.054736	0.262340	0.146747	0.183875	-5.951285
S	0.879796	-1.741831	-0.330279	0.316840	1.136178	0.875264	0.852385	1.525606	-7.758640
T	-0.125644	-2.357760	-0.964224	-0.532227	0.533682	0.639035	0.906696	1.195557	-7.758640
V	0.255381	-2.357760	0.691541	-0.080920	0.234299	0.696688	1.276847	1.017793	-2.086214
W	-4.900659	-7.758640	-1.441227	-2.990455	-3.058200	-4.143930	-4.473237	-4.900659	-3.875997
Y	-0.153160	-3.366322	1.109411	-1.418790	-1.441227	-1.769955	-1.888275	-1.487177	3.239069
