A	-4.888131 1.189957 1.121387 0.913405 0.498829 2.850491 0.368245 0.864929 -0.111898
C	-8.330355 -4.879586 -3.387283 -8.339551 -8.339074 -1.776731 -4.885442 -8.328619 -3.356854
D	-4.705021 -2.358432 -1.690274 -0.577603 -0.124044 -8.223726 -1.459735 0.765363 -1.456373
E	-4.657161 0.420943 -0.398745 0.405814 0.205277 -3.276952 0.399256 1.190425 -2.065231
F	0.549778 0.062417 1.196305 -1.925516 -1.362062 1.047008 -1.066361 -1.694228 -2.344074
G	-8.116626 -1.544502 0.386897 -1.652248 -0.658971 -0.284026 -1.771274 -0.782422 -4.830578
H	-1.731216 -1.691634 -1.547637 -0.555443 -0.945271 -8.137535 0.451315 -0.425222 -3.638291
I	-1.187819 0.726319 0.245668 0.770963 0.782160 0.437074 -1.282018 -0.406828 1.568149
K	2.554574 0.270311 -2.689237 1.432767 0.119935 -8.182755 1.232648 0.625746 -3.258541
L	-0.025112 1.546462 0.756166 -0.890246 1.695949 0.246809 1.312177 0.323880 2.792876
M	-2.899432 -1.600240 -2.278612 -2.298829 -1.732376 -3.217779 -2.035000 -2.524676 -0.930738
N	-4.653685 -1.100490 -1.261618 -0.394354 -0.018261 -4.372072 0.823974 -0.042605 -0.517189
P	-3.716775 -4.968609 -0.915767 0.326514 -0.032690 0.744945 -2.180535 -0.170043 -3.381955
Q	-3.331043 -0.275783 -1.546937 -0.283246 -0.099745 -4.992513 1.876645 0.051013 -1.985736
R	3.276002 -0.111823 -1.694228 -2.239593 -0.610640 -8.198036 0.626019 0.365910 -4.466487
S	-8.135448 -0.205610 0.605934 1.364909 -0.128737 0.096710 -0.356835 0.566258 -0.745261
T	-6.186916 0.186359 -0.222101 0.977633 0.523066 -0.360453 -1.959352 -0.266639 -0.395678
V	-2.349385 1.200730 1.213913 0.857041 0.858891 1.417801 -0.460036 0.684596 2.335054
W	-3.489335 -1.648335 -0.401036 -2.565940 -2.929202 -3.160941 -3.162792 -2.664023 -8.230990
Y	-1.054620 0.556330 1.280291 -2.893820 -0.368294 -1.133306 -1.816901 -0.799918 -4.690084
