A	0.691099	2.620507	2.065031	0.157880	0.472753	0.306360	0.157880	0.593299	1.535790	-5.199672
C	-4.562242	-3.511616	-4.121670	-6.369597	-6.369597	-5.199672	-4.121670	-3.282135	-5.199672	-6.369597
D	-6.369597	-4.562242	0.868807	1.796566	0.621924	0.118243	-0.697172	-1.977280	-1.977280	-6.369597
E	-3.282135	1.089834	-1.415401	1.016265	0.704544	-0.380913	-0.594810	-0.245476	0.915805	-6.369597
F	2.155923	-2.261073	0.938742	-1.250656	-1.601413	-1.358370	-0.409595	-1.740241	-1.102811	2.080583
G	-2.160144	-1.669158	-2.065817	0.564093	1.725800	1.376917	1.678890	-0.732973	-1.303508	-5.199672
H	-0.145596	-2.910166	-1.669158	-1.601413	-0.530394	-0.194672	-0.098134	0.375236	-1.669158	-6.369597
I	0.157880	-0.438860	0.868807	-0.968718	-1.669158	-0.807355	-0.145596	-0.029747	-1.536707	-3.282135
K	-0.007654	-4.562242	-1.893864	-0.530394	-1.056714	-0.098134	-0.052185	-0.499233	-0.530394	-6.369597
L	0.118243	0.323890	-0.052185	-0.968718	-0.662238	-0.968718	0.593299	0.744145	-0.594810	3.738274
M	-0.968718	-2.754888	-0.662238	-2.486954	-5.199672	-3.084195	-1.977280	-1.056714	-2.369597	0.375236
N	-3.084195	-4.121670	-1.740241	-0.662238	0.014107	0.098008	0.157880	-0.169925	-2.065817	-6.369597
P	-6.369597	1.325631	-1.199672	2.160809	2.011946	1.692449	1.079551	-0.219850	-0.769685	-6.369597
Q	-2.486954	-0.298135	-1.474780	-0.807355	-0.885782	-0.562242	-0.380913	0.663826	0.014107	-6.369597
R	0.534284	-3.511616	-1.102811	-1.601413	-0.926654	0.035544	-0.029747	0.118243	-0.145596	-6.369597
S	0.892497	0.691099	0.472753	0.607683	0.519146	1.217242	0.549266	0.856815	1.911173	-4.562242
T	-0.530394	0.215365	-1.102811	-0.409595	-0.271565	0.472753	0.252454	1.058763	1.623341	-5.199672
V	0.424819	1.235882	0.769954	-0.926654	-0.121670	-0.007654	-0.029747	1.299288	0.744145	-2.754888
W	-3.282135	-5.199672	-2.065817	-3.511616	-3.511616	-4.121670	-4.562242	-4.562242	-3.784635	-6.369597
Y	1.672062	-2.910166	1.027007	-1.474780	-1.893864	-3.084195	-1.415401	-1.199672	-0.926654	-0.662238
