A	0.775369	3.293466	1.182544	1.349839	0.814050	0.019991	0.263034	0.421732	0.470976	1.798702	-4.748193
C	-3.578268	-4.748193	-3.578268	-4.748193	-4.748193	-4.748193	-4.748193	-4.748193	-4.748193	-2.940838	-4.748193
D	-4.748193	-3.578268	0.609359	1.739647	0.146625	0.851720	0.084697	-0.444412	-1.660730	-2.940838	-4.748193
E	-3.578268	-0.118836	-0.639668	1.182544	-0.193604	0.564690	-0.355875	-0.047753	-0.355875	0.775369	-4.748193
F	2.416714	-4.748193	1.375928	-2.500265	-1.288761	-1.890212	-1.890212	-0.639668	-1.462791	-1.288761	1.499735
G	-1.660730	-2.163230	-1.462791	0.609359	1.475809	1.546428	1.426733	1.546428	-0.193604	-1.462791	-4.748193
H	-0.639668	-3.578268	-1.133483	-2.163230	-0.865550	-1.890212	-0.272459	-0.193604	-0.118836	-2.163230	-3.578268
I	0.084697	-0.538739	1.122172	-2.163230	-0.748193	-0.639668	-0.639668	-0.047753	0.263034	-1.133483	-2.500265
K	-0.444412	-3.578268	-1.288761	-0.639668	-0.118836	-0.538739	0.370748	-0.355875	-0.355875	-0.865550	-4.748193
L	0.019991	-0.538739	0.814050	-0.865550	-0.272459	-0.272459	0.206003	0.370748	0.888432	-0.118836	3.811184
M	-1.890212	-2.940838	-0.748193	-2.500265	-2.940838	-2.500265	-2.940838	-1.462791	-1.890212	-1.660730	0.775369
N	-2.940838	-4.748193	-0.993305	-1.133483	-0.865550	-0.748193	-0.272459	0.263034	0.084697	-2.163230	-4.748193
P	-4.748193	0.564690	-1.462791	1.979728	2.109788	1.091011	1.375928	0.609359	0.019991	-0.047753	-4.748193
Q	-4.748193	-1.462791	-1.133483	-0.444412	-0.444412	-0.865550	0.084697	-0.538739	0.775369	-0.272459	-4.748193
R	-0.118836	-2.940838	-1.890212	-2.163230	-1.133483	0.206003	-0.444412	-1.133483	0.263034	-0.993305	-3.578268
S	0.735623	1.026594	-0.444412	0.652687	1.026594	1.569220	0.775369	1.152674	1.591657	1.892052	-4.748193
T	-0.272459	0.084697	-1.462791	-1.133483	-0.193604	0.317896	0.470976	0.370748	0.263034	1.323270	-4.748193
V	0.470976	0.959166	1.091011	-1.133483	-0.639668	-0.272459	0.206003	-0.047753	0.735623	0.888432	-2.163230
W	-2.940838	-3.578268	-1.660730	-2.940838	-3.578268	-2.940838	-2.500265	-3.578268	-3.578268	-4.748193	-4.748193
Y	1.836770	-3.578268	0.993274	-1.660730	-1.660730	-1.890212	-1.890212	-0.639668	-1.890212	-0.538739	-1.288761
