A	0.317190	3.631505	0.927244	0.317190	1.354665	0.654225	0.654225	-0.123382	0.654225	-0.123382	0.927244	-1.930737
C	-1.930737	-1.930737	-1.930737	-1.930737	-1.930737	-1.930737	-1.930737	-0.760812	-1.930737	-0.760812	-1.930737	-1.930737
D	-1.930737	-1.930737	-1.930737	2.069263	-0.760812	-0.123382	1.354665	-0.760812	-0.123382	-0.760812	-0.123382	-1.930737
E	-1.930737	-0.760812	-0.760812	-0.123382	-0.123382	-0.123382	-0.760812	0.317190	-1.930737	-0.760812	0.317190	-1.930737
F	2.698619	-0.123382	0.927244	-0.123382	-1.930737	-0.123382	-0.760812	-0.760812	-1.930737	-0.123382	-0.760812	1.156726
G	-1.930737	-1.930737	-1.930737	0.927244	0.317190	1.354665	1.528694	1.528694	2.069263	-0.123382	-0.123382	-1.930737
H	-1.930737	-1.930737	-0.760812	-1.930737	-0.123382	0.317190	-1.930737	-0.760812	0.317190	-0.123382	-1.930737	-1.930737
I	-1.930737	-0.760812	1.824150	-0.760812	-0.760812	-1.930737	-0.123382	-0.760812	-0.760812	-1.930737	-0.760812	-1.930737
K	-0.760812	-1.930737	-0.760812	-0.760812	-0.760812	-0.123382	-1.930737	-0.123382	-0.760812	-0.123382	-0.123382	-1.930737
L	-0.123382	-0.760812	1.354665	-0.760812	-1.930737	-0.123382	-0.123382	1.156726	0.317190	1.683973	-1.930737	3.553078
M	-0.760812	-1.930737	-1.930737	-1.930737	-0.760812	-1.930737	-0.760812	-0.760812	-0.123382	0.317190	-0.760812	0.654225
N	-1.930737	-1.930737	-1.930737	-1.930737	-0.760812	-0.760812	-1.930737	0.317190	-1.930737	-0.123382	-0.760812	-1.930737
P	-1.930737	-0.760812	-0.760812	1.824150	2.623852	0.317190	0.654225	0.927244	0.654225	0.317190	-1.930737	-1.930737
Q	-1.930737	-1.930737	-0.760812	-0.760812	-0.123382	-0.760812	-0.123382	0.317190	-0.760812	0.654225	-0.760812	-1.930737
R	-1.930737	-1.930737	-1.930737	-0.760812	-1.930737	0.927244	-0.123382	-0.123382	0.654225	-0.760812	-1.930737	-1.930737
S	0.927244	-0.760812	-0.760812	0.317190	-0.760812	1.354665	0.927244	-0.760812	0.654225	1.354665	1.951906	-1.930737
T	-0.760812	-0.760812	-1.930737	0.317190	-0.123382	0.317190	0.654225	-0.123382	-0.760812	0.317190	1.683973	-1.930737
V	-0.760812	-1.930737	0.317190	-1.930737	-0.123382	-1.930737	-0.123382	-0.123382	-0.123382	-1.930737	0.927244	-1.930737
W	-0.760812	-1.930737	-0.760812	-1.930737	-1.930737	-1.930737	-1.930737	-1.930737	-1.930737	-1.930737	-1.930737	-1.930737
Y	1.951906	-1.930737	1.528694	-1.930737	-0.760812	-0.760812	-1.930737	-1.930737	-0.760812	-1.930737	-0.760812	-1.930737
