A	0.600654	3.183688	1.308190	-0.560627	0.733104	0.188695	1.518599	-4.877394
C	-6.684749	-4.877394	-4.436821	-4.436821	-6.684749	-4.436821	-3.597286	-6.684749
D	-4.099786	-4.877394	1.536839	-0.217143	-2.292431	-3.399346	-1.789931	-6.684749
E	-3.070039	-6.684749	-1.984309	0.911441	-1.789931	-0.344899	1.865036	-6.684749
F	2.171677	-1.851859	0.428994	-1.789931	-1.730552	-1.618659	-2.475295	0.805099
G	-2.929861	-1.161187	0.292531	0.043172	2.280314	-1.371866	-2.475295	-6.684749
H	0.125823	-5.514824	0.577346	-0.367336	0.634924	0.577346	-1.122506	-6.684749
I	0.600654	-0.196909	-0.560627	-0.344899	-0.460747	-0.367336	-0.845545	-1.048124
K	-1.465580	-4.877394	0.690291	0.825026	0.634924	0.375947	-0.062697	-6.684749
L	0.634924	-0.814384	0.157602	0.825026	-1.673521	0.883207	0.093329	3.979032
M	-1.241805	-2.684749	-1.283869	-2.802106	-3.070039	-2.130160	-2.130160	0.093329
N	-0.977389	-4.099786	-0.081122	-0.176954	-0.724747	-0.436821	-2.130160	-6.684749
P	-6.684749	-1.327197	-1.161187	1.190233	0.939133	0.646168	-1.565808	-6.684749
Q	-2.209015	0.043172	-0.909962	-0.367336	-0.877394	0.589047	0.157602	-6.684749
R	-1.241805	-4.436821	-0.845545	-0.081122	0.854410	1.301093	-0.696064	-6.684749
S	0.529571	1.845658	0.248942	0.234115	0.612168	0.883207	1.143388	-6.684749
T	-0.279607	0.722519	-0.754011	0.577346	-0.485076	0.529571	1.019155	-6.684749
V	0.733104	0.623590	-0.237665	1.086741	0.188695	0.764400	1.404040	-1.048124
W	-3.225317	-4.877394	-2.684749	-4.099786	-5.514824	-3.597286	-6.684749	-6.684749
Y	1.816093	-3.225317	0.234115	-2.130160	-2.929861	-2.055392	-1.730552	-1.789931
