A	0.987201	2.217072	1.213034	0.193998	0.417083	0.459954	0.384072	1.459089	-2.791530
C	-5.057860	-4.484674	-3.947806	-5.860823	-4.673945	-3.927572	-4.317380	-3.687491	-7.327949
D	-2.755416	-9.245487	1.021430	1.378598	-0.723232	-1.443150	-2.249249	-2.313436	-10.415412
E	-0.972468	-2.394432	-1.151556	1.538966	-0.152730	-0.727599	-0.218810	1.235640	-10.415412
F	1.180778	-1.822955	0.555593	-1.939678	-0.716707	-0.310813	-1.501774	-1.732417	1.850789
G	-1.145701	-1.332597	-2.100262	0.829695	0.671222	0.813257	-1.610474	-1.131166	-10.415412
H	-0.398603	-2.997559	-0.257749	-1.332597	0.224833	-0.323976	0.422019	-0.853169	-5.647227
I	0.286761	0.219173	0.888654	-1.630777	-0.109350	0.691805	0.058548	-1.386815	-0.342274
K	0.834146	-4.742986	0.045812	-0.000991	0.724140	-0.335594	0.036830	0.067396	-9.245487
L	0.238329	1.432429	0.272620	-0.468140	-0.034410	0.614566	1.022730	-0.389926	3.428706
M	-1.325961	-1.293231	-0.634462	-3.153317	-2.809932	-1.934621	-1.425308	-2.548133	0.035542
N	-1.349322	-4.265665	-0.095175	-0.590055	-0.088140	-0.439206	-0.525908	-1.094047	-10.415412
P	-7.130009	1.191803	-1.105367	1.815584	1.061208	0.546581	0.510884	-1.659690	-10.415412
Q	-1.322655	0.861294	-0.512660	-0.177903	-0.354040	-0.323976	0.532043	0.374937	-10.415412
R	0.811753	-3.452516	-0.122227	-1.116776	0.518279	0.142291	0.589335	-0.417879	-8.608057
S	1.180195	0.754983	0.497852	0.772868	0.629153	0.952140	1.011639	1.790611	-7.830449
T	0.112065	0.470475	-0.477302	-0.400345	0.133892	0.688532	0.732906	1.274914	-5.714972
V	0.609382	1.163786	0.373918	-1.027933	0.631712	0.973816	0.895769	0.804967	0.798148
W	-3.526668	-5.296471	-2.563663	-4.031707	-2.702885	-4.240486	-3.354716	-6.111631	-3.029549
Y	0.813257	-1.261226	0.316756	-2.373753	-1.108211	-1.472164	-1.407684	-1.088421	0.804967
