A	-0.870821	-3.455784	1.046716	-0.149975	0.544216	0.269109	0.142475	0.593460	1.714141	2.576415
C	-4.625709	-4.625709	-2.040746	-4.625709	-3.455784	-3.455784	-2.377781	-2.040746	-1.767728	-3.455784
D	0.269109	-3.455784	-0.233391	1.010916	0.493232	0.440380	0.544216	0.207181	-0.233391	-4.625709
E	-1.340307	-4.625709	-1.010999	0.440380	1.010916	0.687174	1.010916	0.440380	1.275158	-4.625709
F	-2.377781	-4.625709	1.598293	-0.870821	-0.870821	-1.538246	-1.538246	-0.321928	-1.166277	-2.377781
G	-1.538246	-4.625709	-2.040746	1.213495	1.046716	1.362976	1.391099	0.003648	-0.625709	-4.625709
H	0.074731	-4.625709	-1.166277	-1.166277	-0.517184	-1.538246	-0.625709	-0.625709	-3.455784	-4.625709
I	-1.767728	-4.625709	0.142475	-1.010999	-0.416255	-0.870821	-0.321928	0.269109	-0.321928	-2.040746
K	-1.010999	-3.455784	-1.538246	0.440380	-1.166277	0.328487	0.142475	-2.040746	-1.340307	-4.625709
L	-2.040746	-4.625709	1.181646	0.269109	0.593460	-0.321928	0.003648	0.687174	-0.321928	0.817235
M	-1.340307	-4.625709	-0.416255	-2.377781	-3.455784	-2.040746	-2.040746	-1.538246	-2.818354	-1.340307
N	3.103912	-3.455784	-0.416255	0.142475	-0.321928	-0.416255	0.687174	-1.340307	-1.767728	-3.455784
P	-4.625709	0.269109	-4.625709	0.544216	0.974204	0.440380	-0.233391	0.142475	0.731843	3.241570
Q	-2.040746	-4.625709	-0.321928	0.775171	0.207181	0.385518	0.074731	0.897853	-0.416255	-3.455784
R	-0.870821	4.146606	0.687174	-0.870821	-4.625709	-0.149975	-1.340307	-1.010999	-2.818354	-4.625709
S	1.115758	-2.377781	-0.233391	1.244656	0.544216	0.858107	0.493232	-0.517184	1.213495	-2.377781
T	0.775171	-4.625709	-1.767728	-1.010999	0.142475	0.641078	0.074731	0.897853	1.181646	-2.377781
V	0.003648	-4.625709	0.858107	-0.625709	0.687174	0.731843	0.269109	1.213495	0.897853	-0.149975
W	-4.625709	-4.625709	-1.010999	-1.538246	-3.455784	-3.455784	-4.625709	-3.455784	-3.455784	-4.625709
Y	-1.166277	-4.625709	0.593460	-1.166277	-0.517184	-2.377781	-0.233391	0.074731	-1.166277	-2.818354
