A	-1.616259	-3.864186	1.030632	-0.109299	0.968704	0.135814	0.765170	0.836254	0.690403	1.877281	2.701868
C	-3.864186	-3.864186	-3.864186	-3.864186	-2.694261	-2.056831	-3.864186	-3.864186	-2.056831	-3.864186	-2.694261
D	0.968704	-3.864186	-0.109299	0.836254	0.345267	0.690403	-0.109299	0.903998	-0.578784	-0.578784	-3.864186
E	-1.279224	-3.864186	-1.616259	0.528131	1.493366	0.135814	0.690403	0.903998	-0.578784	0.244338	-3.864186
F	-1.279224	-3.864186	1.843173	-1.279224	-0.578784	-1.616259	-2.694261	-2.694261	0.439595	-1.279224	-2.694261
G	-1.279224	-3.864186	-1.616259	0.690403	0.528131	1.254755	1.536693	0.690403	-0.249476	-1.006205	-3.864186
H	-2.056831	-2.056831	-0.578784	-1.006205	-0.776723	-1.279224	-1.616259	-0.776723	-1.616259	-1.279224	-3.864186
I	-0.249476	-3.864186	0.018457	-1.006205	-0.404755	-1.279224	-1.006205	-0.776723	0.018457	0.345267	-2.694261
K	-1.279224	-3.864186	-1.616259	0.244338	-1.006205	-0.249476	-0.249476	0.018457	-1.616259	-1.006205	-2.694261
L	-1.616259	-3.864186	1.030632	0.345267	0.135814	0.345267	0.345267	0.903998	1.201903	-0.249476	-0.578784
M	-0.776723	-3.864186	0.135814	-2.694261	-2.694261	-2.056831	-2.056831	-3.864186	-0.109299	-1.616259	-2.056831
N	2.863734	-3.864186	-0.404755	-0.109299	-0.249476	-0.578784	-1.006205	0.345267	-0.776723	-1.616259	-3.864186
P	-2.694261	-2.694261	-3.864186	0.968704	-0.404755	1.305739	0.765170	-0.249476	-0.578784	0.018457	3.223277
Q	-0.404755	-2.694261	-0.578784	0.528131	0.903998	-0.109299	0.611547	0.018457	1.536693	0.018457	-2.694261
R	-1.616259	4.184301	-1.006205	-0.109299	-2.056831	-1.616259	-2.056831	-0.404755	-2.056831	-1.006205	-3.864186
S	1.201903	-2.056831	1.305739	1.030632	0.968704	1.493366	1.354982	0.903998	0.528131	0.836254	-1.616259
T	0.135814	-3.864186	-1.616259	0.018457	0.135814	-0.404755	0.135814	0.345267	0.018457	1.090010	-1.006205
V	0.690403	-3.864186	0.135814	-0.109299	0.244338	0.690403	0.439595	-0.404755	0.611547	1.493366	0.018457
W	-3.864186	-3.864186	-1.006205	-2.056831	-1.616259	-2.694261	-3.864186	-2.694261	-2.056831	-3.864186	-3.864186
Y	-1.279224	-3.864186	0.244338	-0.578784	-1.616259	-1.616259	-1.279224	-0.776723	0.135814	-1.006205	-2.694261
