A	-2.022368	-2.022368	0.835613	0.225560	0.835613	0.225560	0.562595	1.263034	-0.852443	-0.852443	0.835613	2.810522
C	-2.022368	-2.022368	-2.022368	-2.022368	-2.022368	-2.022368	-2.022368	-2.022368	-2.022368	-0.852443	-2.022368	-2.022368
D	1.263034	-2.022368	-2.022368	1.437064	-0.852443	1.065095	-0.215013	-0.215013	0.835613	-0.852443	-2.022368	-2.022368
E	-2.022368	-2.022368	-2.022368	0.225560	0.835613	-0.852443	-0.215013	0.562595	0.562595	-0.215013	0.835613	-2.022368
F	-2.022368	-2.022368	2.606989	-0.852443	-0.852443	-2.022368	-2.022368	-0.215013	-0.215013	1.065095	-0.852443	-2.022368
G	-0.852443	-2.022368	-2.022368	1.065095	1.732520	0.562595	1.860275	1.437064	1.592342	0.225560	-2.022368	-2.022368
H	-0.852443	-2.022368	-2.022368	-2.022368	-0.215013	-0.852443	-0.852443	-0.852443	-2.022368	-2.022368	-0.852443	-2.022368
I	-0.852443	-2.022368	0.562595	-0.852443	-0.215013	-2.022368	-2.022368	-0.215013	-0.215013	0.225560	-0.215013	-2.022368
K	-0.852443	-2.022368	-2.022368	-0.852443	-0.852443	0.225560	0.835613	-0.852443	-0.215013	-2.022368	-2.022368	-2.022368
L	-2.022368	-2.022368	1.065095	0.225560	0.562595	0.225560	-0.852443	-0.852443	-0.215013	0.835613	-2.022368	-0.215013
M	-2.022368	-2.022368	-2.022368	-2.022368	-2.022368	-2.022368	-0.852443	-2.022368	-0.215013	-0.852443	-2.022368	-2.022368
N	2.678072	-2.022368	-0.215013	-2.022368	-0.852443	0.835613	-0.215013	-0.852443	0.835613	1.065095	-0.852443	-2.022368
P	-2.022368	-2.022368	-2.022368	0.225560	-0.852443	0.225560	-0.852443	0.225560	-0.852443	-2.022368	-0.215013	2.745817
Q	-0.852443	-2.022368	-2.022368	-0.215013	0.225560	0.835613	-0.215013	-2.022368	-0.852443	0.225560	-0.852443	-2.022368
R	-2.022368	3.937634	-2.022368	-2.022368	-2.022368	-0.215013	-2.022368	-0.852443	0.225560	-0.852443	-0.215013	-2.022368
S	1.263034	-2.022368	0.225560	2.086157	0.835613	1.732520	1.592342	1.732520	0.562595	1.065095	2.187086	-0.852443
T	1.065095	-2.022368	-0.852443	0.225560	-0.215013	-0.215013	0.835613	0.562595	0.225560	-0.215013	1.732520	-2.022368
V	0.225560	-2.022368	-0.215013	-0.852443	0.225560	-0.852443	0.225560	-0.215013	-2.022368	1.065095	0.835613	0.225560
W	-2.022368	-2.022368	0.225560	-2.022368	-0.852443	-2.022368	-2.022368	-2.022368	-0.852443	-2.022368	-2.022368	-2.022368
Y	-0.852443	-2.022368	0.562595	-0.852443	-0.215013	-2.022368	-2.022368	-2.022368	-0.215013	-0.215013	-2.022368	-2.022368
