A	-0.256340	-1.426265	0.381090	-0.256340	0.381090	0.821663	-0.256340	-0.256340	0.821663	0.381090	0.821663	1.661198	2.783189
C	-1.426265	-1.426265	-1.426265	-1.426265	-1.426265	-1.426265	-1.426265	-1.426265	-1.426265	-1.426265	-1.426265	-1.426265	-1.426265
D	0.381090	-1.426265	-1.426265	-0.256340	-0.256340	0.821663	1.661198	0.821663	-1.426265	-0.256340	0.381090	-1.426265	-1.426265
E	-1.426265	-1.426265	-1.426265	-1.426265	0.821663	0.821663	-0.256340	0.821663	0.381090	0.381090	0.821663	-0.256340	-1.426265
F	-0.256340	-1.426265	2.033167	-0.256340	-1.426265	-1.426265	-1.426265	-1.426265	0.381090	-1.426265	-0.256340	-1.426265	-1.426265
G	-1.426265	-1.426265	-1.426265	1.661198	2.188445	0.381090	0.381090	1.158698	0.381090	0.821663	-0.256340	-1.426265	-1.426265
H	-1.426265	-1.426265	-1.426265	-1.426265	-1.426265	-1.426265	-1.426265	-1.426265	-1.426265	-1.426265	-1.426265	-1.426265	-1.426265
I	-1.426265	-1.426265	1.859137	-0.256340	-0.256340	-0.256340	-1.426265	0.821663	-1.426265	0.381090	-0.256340	-0.256340	-1.426265
K	-1.426265	-1.426265	-1.426265	-0.256340	-1.426265	-1.426265	-0.256340	-1.426265	-1.426265	-0.256340	-1.426265	-1.426265	-1.426265
L	-1.426265	-1.426265	-0.256340	0.821663	-0.256340	-0.256340	-1.426265	-1.426265	-0.256340	-0.256340	0.381090	-1.426265	-0.256340
M	-1.426265	-1.426265	0.821663	-1.426265	-0.256340	-1.426265	-1.426265	-1.426265	-1.426265	0.381090	-1.426265	-1.426265	-1.426265
N	2.966053	-1.426265	-0.256340	-1.426265	-0.256340	-0.256340	-0.256340	0.381090	1.158698	1.431716	-0.256340	-1.426265	-1.426265
P	-1.426265	-1.426265	-1.426265	0.821663	0.381090	-0.256340	-0.256340	0.381090	0.381090	0.821663	-0.256340	0.381090	2.188445
Q	-1.426265	-1.426265	-0.256340	-0.256340	0.381090	-0.256340	0.821663	-1.426265	0.381090	0.381090	-0.256340	1.158698	-1.426265
R	-0.256340	3.692676	-1.426265	-1.426265	-1.426265	-0.256340	-1.426265	-1.426265	-1.426265	-1.426265	-0.256340	-1.426265	-1.426265
S	0.381090	-1.426265	-0.256340	1.859137	0.381090	1.431716	0.821663	1.431716	1.158698	-1.426265	-0.256340	1.431716	-0.256340
T	-1.426265	-1.426265	-1.426265	-1.426265	-1.426265	0.821663	1.158698	0.381090	1.158698	-1.426265	1.661198	1.661198	-0.256340
V	0.381090	-1.426265	-1.426265	-1.426265	-0.256340	-0.256340	0.381090	0.381090	-0.256340	0.821663	0.381090	0.381090	-0.256340
W	-1.426265	-1.426265	-1.426265	-1.426265	-0.256340	-0.256340	-1.426265	-1.426265	-1.426265	-1.426265	-0.256340	-1.426265	-1.426265
Y	0.381090	-1.426265	0.821663	0.381090	-1.426265	-1.426265	0.381090	-1.426265	-1.426265	-1.426265	-1.426265	-1.426265	-1.426265
