A	-0.987061	-2.794416	0.490986	-0.987061	0.960472	-0.987061	1.509365	1.088227
C	-2.794416	-2.794416	-1.624491	-2.794416	-1.624491	-2.794416	-2.794416	-2.794416
D	0.293047	-2.794416	-1.624491	-0.987061	0.490986	-2.794416	-0.546488	-2.794416
E	-1.624491	-0.546488	-1.624491	0.960472	0.063565	-2.794416	0.960472	-2.794416
F	-1.624491	-2.794416	1.760173	-1.624491	-2.794416	0.490986	-2.794416	-1.624491
G	-2.794416	-2.794416	0.820294	-0.546488	1.415037	-1.624491	0.293047	-2.794416
H	0.063565	-1.624491	0.293047	-0.209453	-1.624491	0.293047	-0.987061	-2.794416
I	0.293047	-2.794416	0.665016	0.820294	0.063565	0.665016	0.820294	-0.987061
K	-2.794416	-2.794416	-0.987061	0.665016	-0.987061	-0.546488	-0.987061	-2.794416
L	-1.624491	-2.794416	0.063565	0.490986	0.490986	0.665016	-0.546488	1.415037
M	-0.209453	-2.794416	-0.987061	-1.624491	-2.794416	-0.987061	-1.624491	-2.794416
N	3.165586	-2.794416	-0.209453	-0.209453	-0.987061	-0.546488	-2.794416	-2.794416
P	-2.794416	-2.794416	-0.209453	1.597902	0.960472	1.509365	1.088227	3.453512
Q	-2.794416	-2.794416	-1.624491	0.063565	0.293047	0.063565	-2.794416	-2.794416
R	-0.209453	4.000000	-0.987061	-0.546488	-2.794416	0.063565	-1.624491	-1.624491
S	-2.794416	-1.624491	0.063565	-0.209453	1.205584	-0.209453	0.960472	-2.794416
T	0.665016	-1.624491	0.665016	0.063565	0.490986	-0.546488	0.665016	-2.794416
V	-0.546488	-2.794416	-0.209453	0.960472	0.293047	1.314109	1.088227	-0.546488
W	-2.794416	-2.794416	-1.624491	-2.794416	-2.794416	-1.624491	-2.794416	-2.794416
Y	0.063565	-1.624491	0.293047	-1.624491	-2.794416	0.820294	-0.546488	-0.546488
