A	-1.005071	-4.296837	0.413138	0.263034	0.354957	0.294331	0.241787	1.510518	2.106101
C	-7.154818	-7.154818	-2.600229	-4.906891	-4.906891	-4.906891	-3.154818	-2.851037	-3.154818
D	0.845182	-7.154818	-0.177538	0.696931	-0.094122	-0.107694	-1.315614	-0.478861	-7.154818
E	-0.930816	-0.080677	-2.200622	0.920661	0.505178	0.866162	0.164854	1.154658	-7.154818
F	-0.979892	-7.154818	1.346024	-1.110424	-0.376741	-0.906891	0.220221	-2.143591	-1.631256
G	-0.792874	-7.154818	-1.005071	0.673318	0.505178	-0.002533	-1.888032	-0.569856	-4.906891
H	-0.206451	-3.046294	0.198329	-0.860197	-0.360402	-0.814968	0.441372	-1.413351	-4.569856
I	-0.627341	-4.296837	0.176099	-0.860197	0.153521	0.557709	0.314824	-0.163296	-0.979892
K	-0.883355	-4.906891	-0.627341	0.624901	0.010089	-0.135227	-0.707735	-0.749677	-4.569856
L	-1.194816	-1.315614	1.310748	0.432022	0.720163	0.374612	1.182804	-0.067355	1.269348
M	-1.166133	-3.695386	-1.005071	-2.088729	-2.386634	-1.518193	-1.083356	-2.945365	-1.797266
N	2.433428	-5.984893	0.712461	-0.883355	-0.551192	-0.135227	-0.478861	-1.166133	-4.906891
P	-7.154818	-1.753939	-2.454378	1.558568	0.118977	0.413138	0.496234	0.469063	3.219406
Q	-0.496607	-0.393267	-0.206451	0.252450	0.354957	0.514067	0.354957	-0.376741	-5.984893
R	-0.149194	4.085824	-1.797266	-0.627341	-0.792874	-0.312468	-0.588764	-0.837405	-5.984893
S	1.325972	-4.569856	0.772960	0.913960	0.459892	0.566281	0.010089	1.414088	-3.154818
T	0.665361	-4.569856	-0.221127	-0.532766	0.187257	0.487234	0.304614	0.979608	-2.679085
V	0.294331	-5.347463	0.354957	-0.906891	1.204931	0.998734	1.023847	0.992387	0.859202
W	-5.347463	-7.154818	-1.841935	-2.945365	-2.945365	-4.067355	-2.851037	-4.906891	-4.906891
Y	-0.344246	-3.046294	0.441372	-1.315614	-0.266075	-1.166133	0.384341	-1.315614	-1.224081
