A	-3.322768 0.819093 1.148492 1.404642 0.678135 0.448785 0.046594 0.948175 2.162990
C	-9.110755 -4.079327 -4.735904 -5.476819 -9.111688 -5.294729 -6.130976 -5.615301 -3.723308
D	-8.948219 -1.340660 -1.190793 -2.957176 -0.255429 1.332301 -1.551809 -1.126681 -2.206335
E	-6.226262 0.141124 -0.578581 -0.973446 -0.162945 -4.658188 -1.107959 0.337526 -0.625654
F	0.018930 -1.135206 -0.725079 0.686718 -2.760390 -8.980019 -0.781732 -1.251917 -4.128330
G	-8.911936 -1.145382 0.005196 -1.278143 0.243133 -1.179998 -1.383198 -0.062538 1.660929
H	-5.241221 -0.225002 -1.597907 0.597042 -0.982295 -8.901674 0.849780 -0.668997 -0.938155
I	2.739593 0.374246 0.577628 0.129127 -0.766735 -1.723763 -0.711256 -0.180015 -2.500624
K	-5.387788 1.199675 0.111515 1.412771 1.305772 -4.320890 0.614112 0.707949 -2.331195
L	2.660112 0.750109 0.710718 0.794315 -0.205397 -3.491167 0.866982 1.069221 -0.984046
M	-0.815296 -2.244015 -1.345997 -0.424897 -1.838502 -8.846282 -1.693192 -1.940169 -2.459355
N	-8.308446 -0.434411 -0.042516 -2.373445 -0.083906 1.412987 0.598708 -0.654218 -0.871152
P	-8.324627 -5.309906 0.791449 -8.592899 1.475936 -1.365366 -1.159190 0.869319 -1.193648
Q	-8.411962 0.250988 -0.210239 0.255348 0.031720 -8.580022 1.029163 0.123513 1.677197
R	-8.934107 1.249457 0.075574 -0.013072 0.857476 -6.879160 1.987663 0.898934 -4.147609
S	-8.927896 0.506407 0.851943 -0.174247 0.549754 2.220609 -0.257852 0.698722 1.999444
T	-4.249540 -0.173694 0.214122 -0.745783 0.065658 2.332771 -0.659276 -0.361246 -0.502056
V	2.326388 1.135180 0.671098 0.355576 0.259245 1.261892 -0.581272 0.149949 -0.487982
W	-4.169830 -4.822889 -2.760867 0.235835 -4.521283 -9.046281 -1.620113 -3.789059 -9.103627
Y	-3.153266 -0.840758 -0.374097 -0.731379 -1.675710 -9.006620 -0.569137 -1.160279 -3.068747
