A	-6.064865 0.600858 1.070554 0.894061 0.687677 0.031771 1.183175 0.783004 2.178747
C	-11.352811 -4.266277 -2.531416 -2.235144 -3.605079 -4.675271 -3.913108 -4.342948 -2.274166
D	-10.997282 -1.259938 -1.336311 0.069474 0.679096 1.975073 0.044447 -0.845370 -0.927930
E	-8.200971 0.483162 -0.146748 0.662849 0.642404 -2.548612 0.379838 0.655905 -0.438808
F	0.249606 -0.860305 -0.824679 0.031748 -2.237714 -11.318295 -1.513395 -1.495142 -4.844479
G	-6.959889 -1.907230 -0.203598 -2.707343 0.025740 -1.815915 -0.693542 -0.157309 1.879768
H	-10.940529 -0.385695 -1.440992 -3.331397 -0.885004 -7.258829 -2.017359 -0.313384 -1.541349
I	2.976232 0.690583 0.942036 1.545000 -0.875624 -1.620716 0.027106 -0.365455 -1.908995
K	-11.124716 0.898591 -0.122586 -7.637723 0.718203 -6.662831 -1.994482 0.733002 -4.420143
L	2.380042 0.895931 0.667126 1.949976 -0.477334 -4.697028 1.263984 1.296686 -1.517858
M	-0.934582 -2.265553 -0.984931 0.480360 -2.549313 -11.212666 -1.595716 -2.214200 -2.964315
N	-10.919112 -0.846807 0.044822 -1.769453 -0.180803 1.745960 1.134891 -0.642225 -1.287374
P	-10.856822 -10.381538 0.342634 -11.279304 1.338704 -1.255460 0.987549 0.906030 -1.514581
Q	-11.040502 0.239532 -0.315824 0.169807 0.074985 -6.034447 0.341143 0.133761 1.332393
R	-11.011055 1.116285 0.008693 -11.185558 0.066446 -7.648776 -1.848879 0.624674 -4.396062
S	-10.747214 0.166086 0.942888 -0.195477 1.042252 1.917042 0.849356 0.604855 2.242395
T	-5.438138 0.291068 0.096062 -0.012376 0.542351 2.227587 -0.171459 -0.331812 -0.782278
V	2.117190 1.295171 0.731343 1.196003 -0.158452 0.938960 0.448472 -0.035499 -1.114822
W	-3.376470 -3.828609 -2.822820 -3.386812 -4.111584 -11.416997 -3.647345 -5.275702 -10.830034
Y	-0.464942 -0.492107 -0.337474 -2.559115 -1.677075 -11.083991 -1.970696 -1.118119 -4.250896
