A	-4.707793 0.275722 0.848635 -0.956224 0.211237 1.366465 0.576671 0.565244 0.324785
C	-11.225294 -3.230676 -1.950737 -7.697571 -3.734079 -4.196769 -3.580018 -4.286541 -2.807896
D	-11.226309 -0.789327 -1.223003 3.704602 0.313771 -0.378213 -0.180221 -0.810050 -0.601186
E	-6.798651 0.264702 -0.350530 0.545379 0.654040 -0.403695 1.049324 0.246916 -0.079030
F	2.441754 -0.673490 -0.672745 -3.071374 -1.716292 -1.962283 -0.780755 -1.137032 0.743518
G	-7.173724 -1.731896 -0.741869 -4.403328 0.424494 0.674661 0.109401 0.195310 -0.594234
H	-7.067382 -0.312377 -1.703013 -3.951474 -0.759918 -1.749620 -0.751091 -0.461633 -2.153607
I	1.960438 0.884088 1.004149 -1.786423 -0.757911 -1.089040 0.108491 -0.201915 1.322020
K	-11.278638 0.747026 0.116218 -9.074860 0.960678 1.416505 -0.324628 0.937368 -1.430727
L	1.600403 0.954360 1.038506 -1.584337 -0.156511 -1.378277 1.155477 0.917612 1.469573
M	-1.666906 -2.120533 -0.898501 -3.668523 -2.444377 -3.708174 -2.110305 -2.138143 -0.522517
N	-11.336662 -0.515662 -0.806155 0.328418 0.004255 0.481545 0.386818 -0.556699 -2.428042
P	-6.672517 -11.235429 0.595103 -11.253137 1.515278 0.186009 0.099519 0.956061 -2.615024
Q	-6.382017 -0.030045 -0.351829 -2.881569 -0.209451 -0.568088 -0.032781 -0.051647 -0.872895
R	-11.299046 0.974723 -0.065108 -11.220969 0.206016 -0.050786 -0.446026 0.909682 0.549732
S	-11.267825 0.026517 0.589135 0.282155 0.485349 1.383884 0.396398 0.439555 -0.089402
T	-8.359314 0.342334 0.088386 -0.035638 0.480598 0.959012 0.270213 -0.119742 -1.141424
V	0.792446 1.381870 1.129336 -1.290752 -0.043114 0.299760 0.711534 0.215139 1.437537
W	-0.352068 -2.191221 -2.740232 -5.485067 -3.828826 -6.404079 -3.289960 -4.073486 -3.310816
Y	2.239893 -0.469949 -0.342773 -4.910406 -1.399152 -3.050342 -0.917118 -0.927963 0.622243
