A	-1.414822 1.322309 2.277223 1.720804 1.012812 2.175608 1.418579 1.357282 1.911124
C	-7.977394 -7.981808 -2.206389 -5.057923 -7.969764 -7.689848 -5.459132 -7.948810 -3.114595
D	-7.041738 -1.426625 -3.067187 -0.990768 -0.476546 -0.141497 -1.145420 -0.893207 -1.927930
E	-7.049529 0.260105 -1.824566 -0.284064 -0.105262 -0.697303 0.260724 0.043062 -1.592066
F	2.301705 -2.379137 -0.828173 1.008329 -2.862920 0.112818 -0.163307 -2.865063 -2.305874
G	-2.989943 -2.686766 -0.195761 -4.441696 -1.022619 -0.939526 -0.847497 0.636677 0.963965
H	-7.520598 -0.272447 -2.168551 -2.896969 -0.899415 -2.874990 0.790490 -0.450759 -3.200199
I	2.499267 0.327933 1.031706 1.085792 -0.502346 -1.929160 -0.703539 -1.246553 -0.426311
K	-6.864386 1.017651 -0.841906 -3.802278 1.631868 1.205905 0.154905 0.629525 1.048055
L	0.671578 -0.029841 -0.740847 0.796837 -0.902141 -1.573948 0.950235 0.963091 0.702434
M	-2.334927 -3.245725 -0.700952 -0.635244 -2.382589 -3.542216 -1.966213 -2.917712 -2.311206
N	-6.910290 -0.921991 -0.916584 0.393743 -0.355309 0.024995 0.800112 -0.487925 -1.013457
P	-7.299405 -7.327789 -0.187487 -5.147220 0.588223 -0.401242 -0.108173 1.489779 -2.017452
Q	-7.712406 0.882965 -0.756151 -1.876689 0.317492 -3.930767 0.489831 -0.218135 -0.168227
R	-4.499588 0.864809 -1.190556 -3.155614 0.044310 0.791809 0.231767 0.925149 1.366196
S	-5.780976 0.183643 1.334008 -0.109262 0.436646 1.584674 -0.494239 0.262604 0.985598
T	-6.658257 0.726550 0.519296 -0.119717 1.185867 0.670289 -1.897275 -0.574218 -0.254128
V	0.669108 1.353854 0.769680 1.286029 1.053528 -0.107912 0.526870 -0.080088 0.595523
W	-0.729488 -1.933055 -3.159844 -0.442414 -3.869476 -7.354338 -2.101660 -7.950108 -5.641867
Y	2.264717 -0.790664 -0.233780 0.874723 -1.750562 -2.970433 -0.598846 -1.786791 -3.904233
