A	-3.284301 0.177502 1.669870 -3.283857 0.149441 1.094560 2.474706 0.538890 0.175130
C	-3.284304 -3.284304 -3.284304 -3.284304 -3.284304 -3.284304 -3.284304 -3.284304 -3.284304
D	-3.284304 0.149389 -3.284298 3.273453 -3.284279 2.940922 -3.283877 -3.284304 2.109080
E	-3.284304 -3.284293 -3.284293 1.108009 1.108009 -3.284301 -3.284304 0.175125 -3.284293
F	1.700591 -3.284301 0.518348 0.298928 -3.284304 -3.284304 -3.284304 -3.284304 -3.284304
G	1.107849 0.175150 -3.284301 -3.284304 -3.284304 -3.284304 0.175114 1.107996 2.095695
H	-3.284304 0.201134 -3.284304 -3.284304 -3.284304 -3.283854 -3.284304 1.094182 -3.284304
I	1.138277 0.175107 0.177571 1.151521 1.151482 -3.284304 -3.281238 -3.283559 1.107862
K	-3.284304 1.174189 0.175127 -3.284304 -3.284304 -3.283565 -3.284282 0.257003 0.175406
L	-3.284304 -3.281238 1.174189 0.174849 -3.284234 1.107996 -3.284054 0.298928 -3.284304
M	-3.284304 -3.284304 0.175125 -3.284304 -3.284287 -3.284304 -3.284304 -3.284304 -3.284304
N	0.175127 -3.284304 -3.284304 -3.284304 -3.283537 2.422577 1.151482 1.681962 -3.284304
P	0.148604 -3.284304 -3.021130 -3.284234 2.675229 -3.284043 0.177591 0.175217 -3.284276
Q	-3.284282 2.413009 -3.284304 -3.258364 -3.284304 -3.284223 0.175099 2.073512 -3.284301
R	-3.284304 1.801134 -3.284304 -3.284304 -3.284304 0.175038 -3.284304 -3.283323 -3.276273
S	-3.284256 -3.283253 1.108531 -3.284054 1.297802 -3.284304 1.717307 -3.284301 1.810468
T	0.175406 -3.284287 2.081769 0.175099 1.670741 -3.284301 0.175130 -3.284304 1.107969
V	2.205611 1.107996 -3.283073 0.175127 0.175127 -3.284304 0.175127 0.175127 -3.284304
W	-3.284304 -3.284282 -3.284304 -3.284304 -3.284304 -3.284304 -3.284304 -3.284304 -3.284304
Y	1.669925 -3.284279 1.138054 -3.284304 -3.018595 -3.284304 1.107862 -3.284304 -3.284304
