A	-8.144205 0.611074 1.420207 1.043148 0.631717 0.381184 1.964938 1.126180 1.822518
C	-5.760331 -8.653421 -7.734696 -8.653386 -5.198426 -8.653595 -8.650891 -8.653595 -8.653247
D	-5.035359 -1.845132 -0.842258 -1.489313 -0.173030 -1.374569 -1.902271 -1.715438 -0.463844
E	-7.718902 0.589321 -0.185510 -1.362202 -0.164154 -1.114785 -0.462265 0.134355 -1.361468
F	2.682205 -0.748379 -0.906061 -0.627529 -1.881529 -3.636747 -0.955155 -1.046581 -2.845551
G	-8.017071 -1.551395 0.406273 -3.468245 -0.183150 -1.614129 1.300065 0.456541 1.992790
H	-7.948625 -0.138924 -1.710642 -3.366731 -0.885015 0.229261 -1.373821 -0.380784 -0.967386
I	1.103289 0.566022 0.244724 0.409114 -0.455582 -1.077985 -0.511485 -0.381205 -2.375052
K	-8.042635 0.847601 -0.014433 2.049993 1.175148 2.450881 0.076146 0.956868 -2.096517
L	1.788168 0.965210 0.810654 1.867177 -0.164749 -2.217873 0.861800 1.036609 -0.790759
M	-1.240282 -3.031532 -1.104772 -0.593368 -1.520024 -3.106463 -2.076810 -1.910263 -2.755407
N	-7.518591 0.007890 -1.256459 -2.003802 -0.092817 -0.605047 -0.239099 -0.606105 -0.356879
P	-7.909617 -8.388595 1.002998 -8.198884 0.573755 0.674976 1.315381 0.569345 -0.116583
Q	-8.414667 -0.024065 0.026049 -1.954960 0.256296 -0.156055 -0.286012 0.169617 0.994575
R	-7.631908 1.056126 -0.141341 0.874010 0.614235 1.640713 0.129196 0.701959 -1.298353
S	-8.070575 0.353628 0.852708 -0.728923 0.998429 -0.028590 -0.265511 0.332468 2.000873
T	-6.467071 0.459092 -0.336162 -0.460528 0.593048 0.840955 -1.171986 -0.014602 -0.595114
V	0.772421 1.260110 0.384085 1.358779 0.533683 -0.074481 0.008160 0.247004 -0.539322
W	-0.252941 -3.823677 -5.328823 -8.642587 -4.100345 -8.645184 -3.287602 -8.632555 -8.520630
Y	2.294929 -1.744023 0.067741 -1.571407 -0.839787 -8.562593 -1.773521 -1.213410 -3.245706
