A	0.232575 1.253856 1.935746 2.001881 1.094168 2.162307 1.745504 1.280208 0.418717
C	-7.167265 -5.531623 -5.284627 -1.635181 -9.196207 -3.760360 -5.141363 -8.990719 -5.452028
D	1.989699 -0.249414 0.649882 -0.383322 0.544871 -0.391577 0.938310 -0.285383 2.004480
E	1.650572 1.026361 0.071543 -0.396639 0.833235 -0.772279 1.455670 1.496391 3.244723
F	-1.032105 -0.549679 -0.460108 -1.293925 -1.008421 -4.392222 -1.392470 -1.218115 -4.545356
G	-1.207841 0.008036 1.169976 0.298815 -0.889188 -1.805590 -0.245222 -0.359009 -0.608021
H	-2.743563 -0.536206 -1.359120 -3.677983 -1.478435 -5.512346 -1.668309 -0.320587 -3.578832
I	1.291521 0.267064 -0.564282 1.495624 0.342040 0.473691 -0.489484 -0.987663 -2.123484
K	-1.495679 0.554225 -2.034208 -8.398083 0.800937 -8.628633 -0.796451 0.519590 -8.045377
L	-0.632665 -0.499806 -0.629376 0.314894 0.470101 -0.131446 0.214204 0.279825 -2.378559
M	-3.443346 -3.177908 -2.112113 -1.094711 -2.293161 -3.223430 -2.483759 -2.866514 -3.391831
N	-1.229504 -0.407762 -1.156801 -1.998235 -0.989913 -3.014903 0.586687 -0.406132 -1.308873
P	0.858264 -3.233208 -0.347972 -2.222014 -0.409853 1.582219 -0.330933 1.294135 -1.191544
Q	-0.965852 -0.181807 -1.155258 -1.267649 0.016873 -3.408736 0.027800 -0.078104 -0.152221
R	-2.805015 0.566581 -1.168000 -8.733627 -0.230882 -6.694628 -0.871337 0.222829 -5.782134
S	-0.085760 0.347627 1.016439 1.194818 0.616646 0.244322 0.793150 0.335072 0.117198
T	-0.332266 0.406619 0.961521 0.632365 0.750805 1.115792 -0.454391 -0.540497 -2.113573
V	0.449161 0.589438 0.346729 1.624494 1.039293 2.250380 0.165996 -0.231583 -0.639382
W	-1.857239 -2.094421 -2.394092 -5.721291 -5.332783 -9.447324 -3.917766 -3.116598 -4.905789
Y	-0.278969 0.365240 -0.316054 -3.804155 -2.239334 -8.731737 -1.838368 -1.355247 -3.395264
