A	-1.396483 0.710571 1.975205 1.954114 1.085493 1.714531 1.722597 1.483148 1.445345
C	-8.073067 -8.822130 -2.498471 -6.916704 -5.350274 -5.470959 -8.042308 -5.710871 -3.521147
D	-3.386001 -0.903468 -2.037497 1.176642 0.117652 0.956596 0.149886 -0.826929 1.721740
E	-2.131983 0.517890 -0.956913 0.284244 0.185935 -0.865648 0.250367 0.579420 1.451404
F	2.229108 -2.131983 -0.703126 -0.228057 -3.119900 -2.807500 -1.001039 -1.888199 -5.066599
G	-2.655664 -1.578835 0.179004 -1.822483 -0.843013 -1.827154 -1.181457 -0.412143 0.970226
H	-6.614049 -0.135288 -1.475551 -8.540916 -0.998967 -5.111579 -0.041168 -0.731690 -4.009704
I	2.181472 0.538862 0.436904 1.503471 0.154355 -0.639719 -0.319377 -0.892762 -1.411679
K	-2.673626 0.829738 -0.608276 -7.534552 1.157820 -2.995833 -0.892264 0.742770 0.381948
L	0.150154 -0.088721 -0.224675 0.748705 -0.654645 -2.213210 1.009232 0.874399 -0.443630
M	-2.365877 -2.188785 -0.634169 -0.847523 -3.005154 -4.071301 -1.929325 -2.946545 -2.475580
N	-4.407284 -0.154769 -0.702262 -3.578349 -0.783176 0.620924 0.849099 -0.730431 -1.904408
P	-2.541670 -5.115675 -0.002793 -8.600360 0.842184 -0.364931 0.334442 1.315021 -3.108739
Q	-4.804493 0.327520 -0.646243 -1.065890 0.084919 -4.115920 0.420867 0.012869 0.045873
R	-1.062005 1.005299 -0.355704 -7.897127 -0.088730 -3.850443 -0.850324 0.964464 0.343849
S	-3.675142 0.094690 1.210975 0.576623 0.781135 1.773811 0.231113 0.193199 1.347892
T	-4.625842 0.533976 0.776035 0.250797 0.951831 1.984101 -1.324318 -0.908502 -1.409914
V	0.575330 1.517276 0.633029 1.244924 1.063185 1.493073 0.830424 0.352998 -0.285365
W	-0.793442 -1.391289 -5.218558 -1.807033 -8.467268 -8.752779 -2.535578 -2.898724 -8.794911
Y	2.464491 -0.778917 -0.186722 -0.950118 -2.094926 -3.721400 -1.360283 -2.394831 -3.600830
