A	-3.580812 0.852993 1.152093 0.312142 0.524166 1.900289 0.106359 0.344319 0.841653
C	-9.260293 -9.249701 -4.238011 -9.260666 -4.758782 -9.215485 -5.469654 -4.750952 -2.224493
D	-8.088668 -1.069361 -1.557506 -1.482904 -0.572900 -1.270772 -2.149274 -0.157065 -0.672446
E	-5.220891 0.689111 -1.565887 0.235131 0.376446 -1.973458 0.558754 0.695098 -1.009687
F	1.958598 -0.284247 0.975241 1.112300 -1.660507 2.322280 -0.668231 -1.545075 -1.797483
G	-4.008455 -2.156704 0.366548 -2.468675 -1.170147 -0.578784 -2.472307 -0.610275 -1.608092
H	-2.165480 -0.494105 -1.695227 -0.081015 -0.652978 -4.347933 0.842198 -0.431516 -4.817379
I	1.887120 0.879605 0.762065 0.239078 0.197647 -0.226618 -1.062101 -0.647987 1.058940
K	1.664783 0.683781 -1.313972 1.480875 1.481764 -7.613862 1.218459 1.307720 -0.780711
L	1.494067 1.200931 0.451659 0.195547 1.131866 0.512569 1.540077 0.916799 2.014684
M	-1.577698 -2.926975 -1.808518 -2.698445 -1.483710 -2.138550 -2.957335 -2.478145 -1.802920
N	-7.235370 -0.567186 -1.234533 -0.851089 -0.066742 -0.384328 0.789140 0.569079 0.086306
P	-4.514560 -7.045964 -0.676425 -1.751057 0.444069 -0.419472 -3.115475 0.266658 -3.010692
Q	-2.482871 0.059062 -1.065002 -0.122680 -0.121417 -4.148929 1.458372 -0.056245 -2.527773
R	1.066055 -0.058798 -1.572342 -1.057139 -0.279736 -4.835603 0.875893 0.592062 0.302603
S	-4.490077 0.083795 0.997373 0.651683 -0.060957 0.870632 -1.374456 0.364247 0.306197
T	-4.745679 -0.009591 -0.258946 0.280329 0.635671 -0.420194 -1.013859 0.241320 -0.121838
V	0.248569 1.317235 0.982665 0.361595 0.388553 0.661312 -0.322080 0.250588 2.081551
W	-2.941746 -1.916045 -0.849997 -0.328120 -2.984395 -1.482888 -1.789890 -6.163490 -4.630687
Y	0.976762 -0.033747 1.324223 0.628576 -0.592488 0.313559 -1.470329 -1.222700 -2.288318
