A	-5.011225 0.724647 1.007540 0.095835 0.150502 0.867749 0.713420 0.356293 0.468089
C	-9.395555 -3.993542 -2.973666 -5.005439 -3.939914 -4.998680 -4.477096 -3.855609 -1.831964
D	-8.307002 -0.573033 -0.731475 -0.021623 0.077560 -1.860756 -0.702679 -0.095315 -0.188881
E	-4.471074 0.697866 -0.750902 1.556111 0.427565 -1.629528 1.408973 0.899660 -0.384418
F	2.666066 -0.497441 -0.055720 -0.397402 -0.888755 2.966888 -2.396301 -2.377473 -0.993184
G	-5.002911 -1.372759 0.842475 -2.063023 -0.798226 -1.913825 -0.926783 -1.146959 -1.476763
H	-2.951889 -0.095611 -0.403362 -0.199554 -0.308484 -3.899135 0.107618 -0.490493 -2.769291
I	1.598680 0.581991 -0.288026 0.006972 -1.171336 -0.975885 -0.443073 -0.753059 1.830985
K	-4.956115 0.735222 -0.986908 1.055043 1.553567 -8.335621 0.381294 1.353493 -4.479012
L	2.042434 0.833614 -0.545563 0.094458 0.771808 0.588100 1.958330 0.126101 1.787834
M	-0.676872 -2.911229 -1.681335 -2.139249 -1.739314 -2.235416 -2.085956 -2.483486 -1.300754
N	-9.032860 -1.084389 -1.033286 -1.487371 -0.366519 -0.394790 0.370129 -0.102450 -0.752719
P	-7.192581 -9.140363 -0.252872 -2.997217 0.466824 -1.545327 -1.865238 0.344888 -1.968514
Q	-3.647507 0.216868 -0.500977 -0.482597 0.217759 -2.826047 1.125810 0.052021 -3.223940
R	-5.245035 0.592091 -1.813297 -1.894204 0.484604 -5.355285 -0.097715 1.169720 -2.606546
S	-4.579194 0.266114 1.443150 1.188743 0.473986 0.914116 -1.167112 0.723281 -0.198080
T	-4.760666 0.206058 0.046985 1.540384 0.666337 -1.286389 -1.376965 0.104364 0.345331
V	0.024135 1.161733 0.899661 0.856391 -0.422961 -0.566118 0.344354 0.469032 2.102349
W	-0.516516 -1.733978 -0.985102 -3.021533 -5.844434 -0.667992 -3.434294 -4.253954 -3.987891
Y	1.886168 -0.240561 1.258097 -2.843824 -0.606922 1.201308 -2.209495 -1.237680 -0.729469
