A	-1.202556	1.309894	1.272224	0.410421	0.721208	0.776070	0.013762	0.542871	2.197821	3.805378
C	-3.120094	-4.290019	-4.290019	-4.290019	-2.482664	-4.290019	-3.120094	-4.290019	-3.120094	-1.705056
D	-2.482664	-4.290019	-1.705056	0.879906	-0.535131	-1.202556	-1.202556	-1.432038	-2.482664	-4.290019
E	-0.830587	-4.290019	-4.290019	1.669983	-0.675309	-0.675309	-0.675309	-1.004617	0.478165	-4.290019
F	1.781444	-4.290019	1.152925	-0.181494	-0.407376	-0.407376	0.542871	-1.004617	-2.482664	-0.407376
G	-3.120094	-2.042091	-2.482664	0.478165	1.110861	1.022864	1.022864	-0.830587	-1.202556	-4.290019
H	1.517336	-3.120094	0.185715	-0.675309	-1.705056	-0.290019	-0.675309	0.664177	-2.482664	-4.290019
I	-0.407376	-4.290019	-0.181494	-1.004617	0.013762	0.185715	0.185715	1.309894	0.102299	-1.432038
K	-2.042091	-4.290019	0.478165	0.102299	-0.290019	0.828922	0.339338	-1.202556	-0.181494	-4.290019
L	1.698666	-3.120094	0.976768	0.013762	1.346606	0.542871	0.542871	0.410421	-0.830587	-0.181494
M	1.451448	-4.290019	-0.535131	-2.482664	-2.482664	-1.004617	-1.202556	-0.830587	-2.042091	-3.120094
N	-1.004617	-4.290019	-0.181494	-1.202556	-0.675309	-1.004617	-0.407376	-0.407376	-2.482664	-4.290019
P	-3.120094	4.008044	-1.202556	1.022864	1.382406	1.193797	1.193797	0.879906	0.264570	-1.432038
Q	-1.202556	-4.290019	-0.290019	0.185715	-1.004617	0.264570	-0.535131	0.013762	-0.535131	-3.120094
R	-3.120094	-4.290019	-0.535131	-1.705056	-1.004617	-1.004617	0.478165	-1.432038	-1.004617	-4.290019
S	-0.535131	-2.482664	0.185715	1.193797	0.604799	0.339338	0.542871	-1.004617	1.484768	-1.705056
T	0.185715	-4.290019	-1.202556	-1.202556	-0.181494	0.013762	-0.181494	0.604799	0.478165	-1.705056
V	-1.432038	-3.120094	0.976768	-2.042091	0.478165	0.664177	0.721208	1.640718	1.580346	0.929150
W	-4.290019	-4.290019	-1.202556	-2.042091	-2.042091	-2.482664	-3.120094	-2.042091	-4.290019	-3.120094
Y	0.929150	-4.290019	0.929150	-0.290019	-0.290019	-2.482664	-2.482664	-0.290019	-1.432038	-3.120094
