A	-1.403124	0.348948	0.558402	0.903537	0.824682	0.652729	0.231591	0.652729	0.457473	1.985573	3.808380
C	-3.651052	-3.651052	-3.651052	-3.651052	-3.651052	-3.651052	-3.651052	-3.651052	-3.651052	-3.651052	-3.651052
D	-1.403124	-3.651052	-0.563589	0.558402	-0.365649	0.103836	-0.191620	-1.066089	-0.563589	-2.481127	-3.651052
E	-1.066089	-3.651052	-3.651052	0.978305	-0.036342	-0.036342	-1.403124	-0.191620	-1.066089	0.824682	-3.651052
F	1.661831	-3.651052	1.415037	0.103836	0.457473	-1.843697	-1.843697	0.652729	0.231591	-1.066089	-0.365649
G	-3.651052	-3.651052	-2.481127	0.558402	0.103836	0.824682	0.903537	1.049388	-2.481127	-1.843697	-3.651052
H	0.903537	-3.651052	0.231591	-0.793071	-2.481127	-0.365649	-0.793071	-0.191620	-0.191620	-1.066089	-3.651052
I	-0.036342	-3.651052	-0.191620	-0.365649	0.457473	0.348948	0.103836	0.652729	0.903537	-0.563589	-0.793071
K	-2.481127	-3.651052	-0.365649	-0.191620	-1.403124	-1.066089	0.457473	0.348948	-1.403124	-0.793071	-2.481127
L	1.791892	-3.651052	1.303145	0.103836	0.558402	1.518873	-0.365649	0.558402	0.978305	0.231591	-0.365649
M	1.615735	-2.481127	-0.563589	-1.066089	-1.403124	-0.563589	-1.843697	-2.481127	-0.793071	-1.403124	-3.651052
N	-0.036342	-3.651052	0.741266	-0.793071	-0.365649	-0.365649	-0.793071	-0.793071	-0.191620	-2.481127	-3.651052
P	-3.651052	4.078569	-1.843697	0.348948	1.749828	1.360176	1.117133	0.231591	-0.036342	-0.365649	-1.403124
Q	-0.563589	-3.651052	-3.651052	0.103836	-0.563589	-1.066089	0.231591	-0.563589	-1.066089	-0.191620	-3.651052
R	-2.481127	-2.481127	-0.563589	-1.403124	-1.843697	-1.066089	0.978305	-0.793071	0.348948	-1.403124	-3.651052
S	-0.036342	-2.481127	0.824682	1.303145	0.903537	0.231591	0.741266	0.978305	-0.793071	2.021374	-1.843697
T	-1.066089	-3.651052	-0.793071	-0.191620	0.231591	0.103836	0.903537	-0.191620	0.741266	0.457473	-3.651052
V	-1.403124	-2.481127	0.558402	-0.793071	0.457473	0.231591	0.457473	0.103836	1.948861	0.978305	0.824682
W	-2.481127	-3.651052	-0.563589	-1.843697	-3.651052	-1.403124	-2.481127	-3.651052	-1.843697	-3.651052	-3.651052
Y	0.978305	-3.651052	0.741266	-0.365649	-0.793071	-3.651052	-1.843697	-0.036342	-1.403124	-1.843697	-1.403124
