A	-1.554589	-0.384664	0.252766	-1.554589	1.030374	-0.384664	0.252766	1.030374	0.252766	-0.384664	1.303392	3.278301
C	-1.554589	-1.554589	-1.554589	-0.384664	-1.554589	-1.554589	-1.554589	-1.554589	-1.554589	-1.554589	-1.554589	-1.554589
D	-1.554589	-1.554589	-1.554589	0.693339	-1.554589	1.030374	-1.554589	-0.384664	0.252766	-0.384664	-1.554589	-1.554589
E	-1.554589	-1.554589	-1.554589	0.693339	-1.554589	-0.384664	-0.384664	-0.384664	-0.384664	-1.554589	0.252766	-1.554589
F	1.532874	-1.554589	2.060121	0.693339	-1.554589	0.252766	-1.554589	-1.554589	-1.554589	-0.384664	-1.554589	-1.554589
G	-1.554589	-1.554589	-1.554589	-0.384664	1.030374	1.030374	1.904843	0.252766	1.532874	-0.384664	-1.554589	-1.554589
H	1.030374	-1.554589	-0.384664	-1.554589	-1.554589	-1.554589	-1.554589	-0.384664	0.252766	-0.384664	-0.384664	-1.554589
I	-0.384664	-1.554589	0.252766	-0.384664	0.252766	-1.554589	-0.384664	-1.554589	-1.554589	-0.384664	-0.384664	0.252766
K	-1.554589	-1.554589	-0.384664	-0.384664	-1.554589	0.252766	0.693339	1.030374	-0.384664	-1.554589	-1.554589	-1.554589
L	1.303392	-1.554589	1.904843	1.303392	1.730813	0.693339	-0.384664	0.693339	0.252766	1.303392	0.693339	-0.384664
M	1.730813	-1.554589	-0.384664	-1.554589	-1.554589	-1.554589	-1.554589	-0.384664	-1.554589	0.693339	-1.554589	-1.554589
N	-1.554589	-1.554589	-1.554589	0.252766	-1.554589	0.252766	1.303392	1.030374	0.252766	0.693339	-1.554589	-1.554589
P	-1.554589	3.712198	-1.554589	-1.554589	1.532874	-0.384664	1.030374	0.693339	1.030374	0.693339	-1.554589	-1.554589
Q	-1.554589	-1.554589	-1.554589	0.252766	0.252766	0.252766	-0.384664	-0.384664	-0.384664	-0.384664	-0.384664	-1.554589
R	-1.554589	-1.554589	-0.384664	-0.384664	-1.554589	-0.384664	-0.384664	-0.384664	0.252766	-1.554589	-0.384664	-1.554589
S	-0.384664	-1.554589	-0.384664	0.693339	0.252766	0.693339	1.030374	1.030374	0.252766	-0.384664	1.730813	-1.554589
T	0.252766	-1.554589	-1.554589	-0.384664	-1.554589	-0.384664	-1.554589	-0.384664	0.252766	0.693339	-0.384664	-0.384664
V	-0.384664	-1.554589	0.252766	-0.384664	0.252766	1.030374	-1.554589	-1.554589	-1.554589	0.693339	2.060121	1.030374
W	-1.554589	-1.554589	-1.554589	-0.384664	-1.554589	-1.554589	-1.554589	-1.554589	-0.384664	-1.554589	-1.554589	-1.554589
Y	1.030374	-1.554589	0.693339	0.252766	0.252766	-1.554589	-1.554589	-1.554589	-0.384664	0.693339	-1.554589	-0.384664
