A	-2.152003	1.232661	0.292782	-0.736966	-1.514573	-0.036526	1.990955	3.581954
C	-3.321928	-3.321928	-3.321928	-3.321928	-3.321928	-3.321928	-3.321928	-2.152003
D	-0.036526	-3.321928	-1.074001	-1.074001	-3.321928	-1.514573	-1.514573	-3.321928
E	-1.514573	-3.321928	-2.152003	-1.074001	-3.321928	0.137504	1.378512	-3.321928
F	1.744161	-3.321928	2.078951	-1.074001	0.292782	0.137504	-3.321928	-1.514573
G	-3.321928	-3.321928	-3.321928	-1.514573	0.432959	-2.152003	-0.234465	-3.321928
H	0.786596	-3.321928	-0.463947	0.786596	-0.234465	-0.036526	-1.514573	-3.321928
I	0.137504	-3.321928	-0.036526	-0.234465	2.201634	-0.234465	-2.152003	-0.036526
K	-3.321928	-3.321928	-1.074001	1.153805	-3.321928	0.137504	1.307429	-3.321928
L	1.689299	-3.321928	0.137504	1.510962	2.419539	0.292782	-1.074001	-1.514573
M	1.632268	-3.321928	-1.514573	-3.321928	-0.463947	-1.514573	-1.074001	-3.321928
N	-1.514573	-3.321928	-1.514573	-0.036526	-3.321928	-0.736966	-2.152003	-2.152003
P	-3.321928	3.986411	-3.321928	0.887525	-1.514573	2.161888	-1.514573	-1.514573
Q	-3.321928	-3.321928	-0.036526	0.137504	0.292782	0.137504	-1.074001	-3.321928
R	-3.321928	-3.321928	-2.152003	1.378512	-3.321928	0.292782	0.137504	-3.321928
S	-1.514573	-3.321928	-0.036526	0.292782	-2.152003	0.137504	1.153805	-2.152003
T	-0.736966	-3.321928	1.153805	-0.463947	-0.463947	-0.234465	-0.036526	-2.152003
V	0.292782	-3.321928	1.572890	-0.234465	1.153805	0.560715	1.307429	2.035624
W	-2.152003	-3.321928	-0.234465	-3.321928	-3.321928	-1.514573	-3.321928	-3.321928
Y	1.378512	-3.321928	0.432959	-1.514573	-3.321928	-1.074001	-3.321928	-3.321928
