A	-0.551700	2.083747	1.067783	0.481817	0.388507	0.372351	0.288742	1.986265	3.613765
C	-5.252140	-6.422065	-2.807355	-4.614710	-3.564084	-6.422065	-3.564084	-4.174137	-1.867476
D	-1.064513	-6.422065	-1.527247	0.780059	-1.527247	-1.252140	-2.029747	-1.946331	-6.422065
E	0.339486	-6.422065	-2.313540	1.057715	-1.021185	-1.252140	-0.016923	0.717487	-6.422065
F	1.299034	-6.422065	1.164775	-0.614710	0.025018	0.511626	-0.822152	-2.667177	-3.564084
G	-4.614710	-3.837102	-1.946331	0.597526	0.181562	0.496798	-2.539422	-0.898503	-3.837102
H	0.780059	-6.422065	-0.272318	-0.405256	-0.582861	0.065775	0.569457	-0.582861	-5.252140
I	-0.038360	-2.212611	0.025018	-1.355976	0.322769	0.816340	0.704640	-1.303124	0.143989
K	-1.252140	-6.422065	0.322769	0.372351	0.271422	0.435916	0.322769	0.253892	-5.252140
L	1.513100	-2.212611	1.145891	0.816340	0.804347	1.136356	1.192645	-1.021185	-1.303124
M	1.117094	-6.422065	-0.405256	-2.962633	-2.212611	-1.109182	-1.155278	-2.807355	-3.334602
N	-0.104652	-6.422065	0.199987	-0.150602	-0.127444	-1.202896	-0.582861	-1.527247	-4.614710
P	-5.252140	3.800428	-1.303124	1.164775	1.646714	0.717487	0.897607	-0.377671	-1.109182
Q	-0.785440	-5.252140	-0.521198	-0.272318	0.218180	-0.297943	-0.150602	0.065775	-6.422065
R	-1.589175	-6.422065	-0.150602	-0.714706	-0.647278	-0.350602	-0.127444	-0.016923	-5.252140
S	0.388507	-1.252140	0.435916	0.717487	0.143989	-0.038360	-0.324033	1.870257	-2.539422
T	-0.016923	-5.252140	-0.127444	-0.433380	-0.038360	0.388507	0.085730	0.840030	-1.653880
V	-0.222392	-0.462063	0.665398	-0.749639	1.107366	0.755355	1.341148	0.816340	2.165713
W	-3.136663	-6.422065	-1.589175	-1.946331	-3.837102	-3.564084	-1.410838	-6.422065	-6.422065
Y	0.828234	-6.422065	0.388507	-1.155278	-1.410838	-1.109182	-0.979121	-3.136663	-3.136663
