A	-1.146841	0.505235	1.045804	-0.706269	1.045804	0.133267	0.505235	-1.146841	-2.954196	-2.954196
C	-2.954196	-1.784271	-1.146841	-2.954196	-2.954196	-1.146841	-2.954196	-2.954196	-2.954196	-2.954196
D	-2.954196	-2.954196	-0.369234	1.438121	1.255257	0.505235	-1.146841	-2.954196	-2.954196	-2.954196
E	-1.784271	-2.954196	-2.954196	1.349584	0.928447	0.331206	-1.146841	0.133267	0.133267	-2.954196
F	-1.146841	-0.096215	0.660514	-0.706269	-0.369234	-1.146841	-0.369234	-0.706269	0.928447	2.164745
G	-2.954196	-2.954196	-2.954196	-0.369234	1.675160	0.133267	1.349584	-1.784271	-2.954196	-2.954196
H	0.133267	-2.954196	-2.954196	-0.369234	-0.369234	-2.954196	-1.784271	0.928447	-1.146841	-2.954196
I	-1.784271	-2.954196	1.675160	-1.784271	-0.369234	1.349584	-0.096215	-0.706269	-1.784271	1.255257
K	3.117266	-2.954196	0.800691	-0.096215	-1.146841	0.133267	-0.096215	-0.369234	0.660514	-2.954196
L	-0.096215	-1.146841	1.746243	-1.784271	-0.369234	0.331206	2.215729	1.521537	1.746243	2.264972
M	-1.146841	-0.706269	0.331206	-1.784271	-2.954196	-2.954196	-1.784271	0.331206	-1.146841	-0.706269
N	-2.954196	-2.954196	-2.954196	0.331206	-0.096215	0.331206	-0.369234	-0.706269	-2.954196	-2.954196
P	-2.954196	-2.954196	-1.784271	2.057031	0.928447	0.505235	-1.146841	-1.146841	-1.784271	-2.954196
Q	-0.706269	-2.954196	-1.784271	0.133267	-1.146841	-0.096215	-0.369234	0.800691	-0.706269	-2.954196
R	1.675160	-2.954196	-0.706269	-1.146841	-1.784271	-1.784271	-0.369234	1.746243	1.045804	-2.954196
S	-0.706269	3.090198	-0.096215	0.133267	0.505235	0.928447	0.133267	-1.146841	0.505235	-2.954196
T	-1.784271	2.111893	-1.784271	-0.096215	-0.369234	0.331206	-0.096215	-0.706269	1.675160	-2.954196
V	0.133267	0.331206	0.133267	-0.369234	-0.706269	0.133267	0.505235	0.133267	-0.096215	-2.954196
W	-1.784271	-2.954196	-2.954196	-2.954196	-2.954196	-0.706269	-2.954196	-0.706269	-2.954196	-0.369234
Y	-0.706269	-0.369234	0.505235	-2.954196	-2.954196	-1.784271	-0.369234	-0.096215	0.660514	2.358687
