A	-0.036837	0.192645	-1.087463	-0.036837	0.987825	-0.309855	0.192645	0.564614	-0.646890	-0.646890	-2.894818
C	-1.724893	-2.894818	-1.087463	-1.087463	-2.894818	-2.894818	-2.894818	-2.894818	-1.724893	-2.894818	-2.894818
D	-2.894818	-2.894818	-1.724893	1.580916	0.564614	-0.309855	-0.309855	-1.087463	-1.724893	-1.724893	-2.894818
E	-2.894818	-2.894818	-2.894818	0.719892	1.105182	0.192645	0.390584	0.987825	-1.087463	-1.087463	-2.894818
F	-2.894818	-2.894818	1.805622	-1.087463	-0.309855	-2.894818	-1.724893	0.192645	1.213707	-0.646890	2.000000
G	-0.646890	-1.724893	-1.724893	0.192645	-0.036837	-0.036837	0.987825	-0.309855	-1.724893	-0.646890	-2.894818
H	-1.724893	-2.894818	-1.724893	-2.894818	-0.646890	0.192645	-0.646890	-1.724893	0.719892	-0.036837	-2.894818
I	-0.309855	-2.894818	0.860070	-1.724893	-0.309855	-0.036837	0.987825	0.987825	-0.309855	-0.309855	1.805622
K	3.093867	-2.894818	1.497500	-0.309855	-0.036837	0.192645	-0.309855	-1.087463	-0.309855	0.719892	-2.894818
L	-1.087463	-1.724893	2.000000	-1.724893	0.390584	0.192645	1.659771	1.314636	0.987825	1.580916	2.224123
M	-1.724893	-1.087463	0.192645	-2.894818	-1.724893	-2.894818	-1.724893	-0.309855	-0.646890	-2.894818	-1.724893
N	-2.894818	-2.894818	-0.309855	-1.087463	0.192645	-0.309855	-1.724893	-0.036837	-1.087463	-0.036837	-2.894818
P	-2.894818	-2.894818	-2.894818	2.777608	0.192645	1.659771	-0.036837	-0.036837	-0.646890	-2.894818	-2.894818
Q	-1.724893	-2.894818	-1.724893	-0.646890	-0.309855	0.192645	-0.646890	-1.087463	1.408963	0.564614	-2.894818
R	2.059379	-2.894818	-1.087463	-1.087463	-1.087463	-1.087463	-2.894818	-1.087463	1.805622	0.192645	-1.724893
S	-0.309855	3.422595	-0.309855	-0.036837	1.213707	1.314636	0.860070	0.564614	-1.087463	-0.036837	-2.894818
T	-1.724893	1.734539	-2.894818	-0.646890	-1.087463	1.105182	-0.036837	-0.309855	-1.724893	1.213707	-2.894818
V	-0.309855	0.860070	-1.724893	-1.724893	-0.036837	-0.646890	0.987825	0.987825	-0.309855	0.719892	-1.724893
W	-2.894818	-2.894818	-2.894818	-2.894818	-1.724893	-2.894818	-2.894818	-2.894818	-1.724893	-2.894818	0.390584
Y	-1.087463	-1.724893	0.719892	-2.894818	-0.309855	-1.087463	-1.087463	-0.646890	-0.646890	0.860070	2.000000
