A	-2.108524	0.978938	0.978938	-0.301170	2.845672	-0.938599	-0.301170	-2.108524
C	-2.108524	-0.938599	-2.108524	-2.108524	-2.108524	-2.108524	-2.108524	-2.108524
D	-2.108524	-2.108524	-0.938599	-2.108524	-2.108524	-2.108524	-2.108524	-2.108524
E	-2.108524	-2.108524	-2.108524	0.139403	-2.108524	-2.108524	-0.301170	-2.108524
F	-0.938599	-2.108524	0.476438	-2.108524	-2.108524	-2.108524	-0.301170	2.520832
G	-2.108524	-2.108524	-0.301170	-2.108524	0.978938	-2.108524	-0.938599	-2.108524
H	0.139403	-2.108524	-0.301170	-2.108524	-2.108524	0.476438	-0.301170	-2.108524
I	0.476438	-0.938599	0.749457	0.749457	-2.108524	-0.938599	-0.301170	0.476438
K	2.283793	-2.108524	-0.301170	0.978938	-2.108524	-0.938599	0.476438	-2.108524
L	0.139403	-2.108524	0.978938	1.350907	-0.938599	0.749457	2.000000	0.749457
M	-2.108524	-2.108524	0.749457	-2.108524	-2.108524	-2.108524	-2.108524	-0.938599
N	-2.108524	-2.108524	-0.301170	-0.938599	-2.108524	-0.938599	-0.938599	-2.108524
P	-2.108524	-2.108524	-2.108524	1.646363	1.774119	-2.108524	-2.108524	-2.108524
Q	-0.938599	-2.108524	1.176878	0.749457	-2.108524	0.139403	0.476438	-2.108524
R	2.367209	-2.108524	-0.938599	0.139403	-2.108524	3.375291	0.139403	-2.108524
S	-0.301170	3.010417	-0.301170	0.476438	1.176878	-2.108524	0.476438	-2.108524
T	0.139403	2.446064	-0.301170	-0.301170	-2.108524	-2.108524	0.476438	-2.108524
V	-0.938599	-2.108524	-0.938599	0.476438	0.476438	-0.938599	0.978938	-2.108524
W	-2.108524	-2.108524	-0.938599	-2.108524	-2.108524	-2.108524	-2.108524	2.591915
Y	-0.301170	-2.108524	0.476438	-2.108524	-2.108524	-0.938599	0.139403	0.476438
