A	0.068115	1.010971	0.490139	-0.186540	-0.395993	0.730343	-0.641106	-0.845796	-6.203348
C	-4.395993	-3.115885	-3.955420	-6.203348	-5.033423	-3.955420	-6.203348	-4.395993	-6.203348
D	-4.395993	-6.203348	-1.899567	1.276432	-0.845796	-1.370458	-1.993895	-3.618386	-6.203348
E	-3.955420	-6.203348	-3.618386	0.998776	0.044580	-1.033423	-0.760405	0.591068	-6.203348
F	-0.243346	-0.641106	1.345474	-0.936561	0.400278	0.472609	0.574729	0.091273	1.116324
G	-0.641106	-3.345367	-2.320705	0.362706	-0.158954	-0.243346	-4.395993	-1.993895	-6.203348
H	-0.530923	-5.033423	-1.648759	-0.802469	-0.603435	0.020654	0.507458	0.020654	-6.203348
I	0.201793	-0.364144	0.923356	-1.308530	1.402132	0.654633	-0.719532	-1.648759	1.534744
K	2.832138	-6.203348	0.773932	0.324129	0.180356	-0.272611	-0.890465	0.870793	-4.395993
L	-0.461881	0.284492	1.724430	-0.603435	1.420533	0.700534	2.123081	1.717005	2.375025
M	-1.308530	-0.890465	-0.395993	-3.345367	-0.984179	-2.203348	-1.727615	-1.899567	-1.993895
N	-3.115885	-2.917946	0.068115	-0.079227	-0.566723	-0.530923	-1.192121	-0.053601	-6.203348
P	-6.203348	-3.115885	-2.588638	1.608829	-0.395993	0.524572	-0.364144	-3.955420	-6.203348
Q	-0.984179	-2.320705	-1.993895	0.243735	-0.272611	0.574729	-0.079227	0.044580	-6.203348
R	1.225012	-6.203348	-0.158954	0.114065	-0.890465	-0.845796	1.943857	-0.131886	-0.332983
S	0.400278	2.797356	0.558203	0.639002	-0.079227	0.381614	-1.033423	0.654633	-6.203348
T	-0.272611	1.969080	-0.332983	-0.079227	-0.243346	0.541486	-0.719532	1.559864	-6.203348
V	0.044580	1.402132	0.091273	-0.679786	1.345474	1.070448	-0.053601	0.284492	-4.395993
W	-4.395993	-4.395993	-1.811031	-3.115885	-3.345367	-2.588638	-0.890465	-4.395993	-0.364144
Y	0.020654	-0.984179	0.558203	-1.370458	-0.845796	-0.495989	0.180356	0.020654	2.941310
