A	-0.898054 1.097827 2.248535 2.307131 2.349054 3.092424 0.505428 1.880419 2.280772
C	-4.865025 -4.865025 -4.865025 -4.865025 -4.865025 -4.865025 -4.865025 -4.865025 -4.865025
D	0.559903 0.845160 -4.861297 -4.864143 -0.574060 -0.423008 0.023928 -4.861062 -4.863252
E	0.096121 1.075971 -1.333531 -4.823951 -4.864294 0.032753 -1.370825 0.866675 -0.479026
F	2.299678 -4.860383 -0.446891 0.936639 -4.746864 -1.423302 -0.031200 -4.864294 0.128494
G	2.182362 -0.366176 -4.857402 -4.864857 -0.442681 -1.257949 -0.470077 1.143472 0.188140
H	-4.858950 -4.560902 -0.422660 0.075705 -1.404756 -4.855145 0.881264 -1.405566 -4.845772
I	-0.109598 -1.494564 -1.351060 -1.385714 0.172475 -1.359868 -4.842400 -0.409577 -0.341767
K	-1.494963 -0.472261 -4.864882 -4.864815 0.878779 -4.862270 0.404166 -0.440365 0.869532
L	-4.863529 -4.858975 1.667692 -4.778317 -0.432439 -0.476856 2.066344 0.186655 -0.414630
M	-4.864849 -4.858800 0.146853 -4.851825 -4.854912 -4.864840 -4.864622 -0.383356 -4.865008
N	-1.317635 0.884279 -1.385601 -4.852634 -0.450530 0.008713 0.290863 -1.424959 -1.430276
P	-1.431046 -4.863496 0.861782 -4.864941 0.093685 -4.600302 -4.862261 2.545578 -4.864739
Q	-0.175931 0.842696 -4.854711 0.966457 -0.472249 -4.840373 -4.822652 -4.858473 0.137622
R	-4.475619 0.045941 0.493803 -4.754873 -1.395595 -4.864630 0.137021 -0.482138 1.638204
S	-1.397927 1.228394 -4.827748 1.399565 0.334385 2.325369 -4.357898 -0.778759 0.169261
T	-1.390744 1.398547 -4.814104 -0.446223 1.746218 0.134542 0.484419 -4.861632 -1.310955
V	-4.845947 1.089403 1.112060 1.806926 -0.036265 -4.843526 0.377768 -1.250742 1.076381
W	-0.472737 -4.864941 -4.864554 -4.566668 -4.865008 -1.436143 -4.864134 -4.864840 -4.864857
Y	1.495890 -3.718480 1.405143 1.312305 -0.419337 -4.854052 1.508591 -1.405604 -1.330073
