A	-3.348198 1.431794 1.537316 0.432534 0.777054 3.035008 2.599413 0.794867 1.165918
C	-9.813411 -5.208004 -1.912738 -3.192073 -4.284402 -0.935001 -1.476603 -4.062447 -2.897163
D	-9.357333 -1.551243 -1.417556 0.378689 -1.156936 -3.690576 -1.569257 -0.642085 1.121533
E	-6.007283 0.917381 -0.604612 2.067763 0.562828 -3.179706 0.860944 0.855129 0.558366
F	-0.487605 -0.349055 0.369713 -4.364736 -1.245184 -2.065992 -1.696714 -2.080600 -5.060713
G	-5.886819 -1.103624 0.976566 -2.711561 -1.174582 -0.676618 -0.718393 -0.308012 -0.858949
H	-1.944927 -1.403908 -1.992896 -3.337498 -1.768813 -5.814744 -4.415241 -1.334651 0.164655
I	-1.501353 -0.069234 -0.288657 1.072696 0.418300 -0.190062 -0.901500 -0.445441 -2.492432
K	-0.177183 0.305620 -1.721544 -3.724680 0.375452 -5.738701 -2.361080 0.585091 -6.036982
L	-0.979004 1.400604 0.733242 -1.092654 1.830117 -0.232610 1.543011 0.854977 -0.710567
M	-2.920536 -2.136252 -1.438245 -3.305691 -1.273497 -3.742864 -1.514276 -1.956191 -3.800146
N	-5.834006 -1.036076 -0.992730 -0.847788 -0.780735 -4.716218 -0.539436 -0.741966 2.141459
P	-6.197401 -2.172422 0.024152 0.258251 0.591863 1.985224 -0.149972 0.463133 -2.191076
Q	-1.620122 -0.245899 -0.723344 -2.111814 -0.213022 -4.373417 -0.768494 0.572114 -0.132625
R	3.984812 0.555158 -2.827175 -5.557290 -0.070476 -9.277634 -1.919675 0.932977 -3.779890
S	-9.316746 0.290682 0.964740 1.608175 0.045465 0.573805 0.498523 0.808739 2.048704
T	-4.033274 0.540206 -0.338239 1.520980 0.145440 -0.620982 -0.845126 0.313378 -0.342894
V	-2.641235 0.711983 0.958074 1.052124 1.027508 1.071241 0.920479 0.193504 -0.267844
W	-6.249254 -4.088359 -1.221448 -9.620883 -6.363254 -9.763905 -5.317998 -3.372508 -9.807608
Y	-0.756935 -0.053110 0.811644 -9.211702 -1.135573 -3.305515 -2.816478 -1.296268 -5.500593
