A	1.064910 1.596401 1.934532 2.292870 1.270290 2.624878 1.646531 1.415413 1.812194
C	-8.455926 -8.444734 -2.336480 -6.718786 -4.956088 -4.939825 -7.889314 -5.240687 -3.209596
D	-1.717088 -1.315436 -0.895948 -0.570923 -0.130959 -2.105306 -0.002027 -0.928408 -0.625418
E	-0.595598 0.423967 -1.080722 -1.693089 -0.040589 -0.769197 0.924118 0.339696 -0.770589
F	1.214958 -2.499634 -0.756516 -4.745570 -2.943119 -2.211458 -1.867858 -1.263757 -1.755366
G	-3.204254 0.657007 1.273790 2.200730 0.048755 -1.802728 -0.063328 0.633374 0.481028
H	-3.122994 0.093471 -1.573080 -8.203350 -1.708472 -7.882877 -0.062216 -1.488649 -3.735912
I	1.511296 -0.689921 -2.346928 -0.939775 -0.171898 0.295335 0.112396 -0.653800 1.349784
K	-3.129019 1.062426 -1.576587 -8.035357 1.486797 -7.906415 0.322775 0.768793 -6.014355
L	0.602082 -1.370430 -1.520173 -2.589039 0.272592 -1.637980 -0.254021 0.182626 0.744569
M	-2.045562 -1.922669 -2.217296 -4.322817 -2.316629 -6.246717 -2.317463 -2.358182 -1.831266
N	-3.874651 -0.057242 -1.671963 -1.831266 -2.260885 -3.688994 0.114231 -0.166490 -0.390234
P	1.134129 -2.847288 -0.078314 -5.944928 -0.813743 1.420574 -1.904667 1.268770 -1.529406
Q	-3.993937 -0.091424 -1.049923 -1.909916 -0.651536 -6.147733 0.568517 -0.836197 -1.212755
R	-1.739873 0.746019 -1.286107 -8.111613 -0.077668 -8.024783 -0.003660 0.314077 -3.490206
S	-2.041376 0.998955 1.892259 1.917775 0.867998 1.493002 0.634666 0.644203 1.204253
T	-1.158539 0.729197 1.604366 1.317605 1.180593 1.139653 -0.109256 0.123126 0.365321
V	1.716613 0.011507 -0.596470 0.840035 1.239752 1.621984 0.781190 0.579972 1.827258
W	-1.356118 -2.138931 -3.082772 -3.388301 -4.922764 -5.141627 -6.526079 -4.814786 -7.715114
Y	1.420132 -1.173723 -0.248886 -7.590628 -1.984662 -6.557070 -1.433912 -2.085442 -3.600298
