A	-1.179756 0.073735 1.208642 -1.507829 0.259659 1.868545 0.462304 0.628744 1.243486
C	-8.216988 -4.757587 -4.717242 -8.210529 -8.217529 -8.215898 -4.766811 -8.217881 -4.750416
D	-3.143847 -1.694863 -0.804476 0.750643 1.051066 2.292776 0.322041 -0.438835 0.558681
E	-0.856053 0.237627 -0.574347 -1.224708 0.657806 0.444128 1.063503 0.719872 0.267442
F	1.405219 -1.135345 0.630853 2.311195 -4.308807 -3.968862 -0.648467 -0.434859 -0.667213
G	-2.332825 -1.544452 0.128375 -4.830873 -2.188680 -0.045000 -1.721078 0.094744 -0.025571
H	-1.903630 -0.031383 -0.749591 -2.231793 -0.278031 -3.213841 0.602366 -0.043914 -1.476715
I	2.381051 0.419073 0.812023 0.611118 -0.646722 -1.375137 -0.102323 -1.286459 0.891253
K	-2.466465 0.862954 -0.741961 -6.891361 1.342680 -2.772389 -0.948569 0.525620 -2.702136
L	1.246603 0.360794 -0.373798 1.963615 -0.855322 -1.697097 0.516885 0.745063 1.531159
M	-1.749756 -7.566466 -2.415144 -0.708359 -3.171067 -8.084198 -3.605803 -6.699343 -1.239539
N	-1.930127 -0.695896 -1.835842 -7.778732 -0.629630 0.752889 0.266958 0.109326 -0.382246
P	-5.042968 -8.018589 0.261057 -7.997236 0.834257 0.519200 1.171745 1.102994 -3.067300
Q	-0.708156 -0.542219 -0.708462 -2.068435 0.166186 -3.144395 0.815808 0.016322 -1.108755
R	-3.298423 1.499129 -0.484352 -8.057686 0.695354 -3.492355 -0.430672 0.479297 0.020507
S	-1.029559 -0.279778 0.767390 -5.112966 0.663237 0.887687 0.127705 0.306136 0.145495
T	-1.848120 0.381108 0.156775 -4.553152 0.718994 0.490780 -1.239539 -0.209929 -1.469849
V	1.023724 1.405742 0.454483 0.046796 0.434290 0.583856 0.914134 0.314694 1.715647
W	-0.202758 -0.728866 -0.839498 0.989401 -2.876449 -8.151611 -2.468772 -4.179449 -4.581230
Y	1.603530 0.754715 1.205455 1.553302 -1.605104 -5.534509 -1.817023 -0.472457 -1.098351
