A	-4.759368 0.068707 0.925646 0.306435 0.354955 2.152566 0.946387 0.767021 1.372774
C	-11.672070 -4.353556 -1.158030 -4.285128 -3.719483 -2.933403 -4.038149 -4.024645 -1.321113
D	-8.642080 -1.601527 -2.591912 1.265293 -0.368406 -0.970543 -1.355978 -1.020867 0.097657
E	-6.035075 0.027264 -0.594108 0.201651 0.091577 -1.279319 0.608908 0.358817 -0.653918
F	2.547455 -0.400857 -0.678566 -3.622160 -1.646528 -3.008666 -1.345388 -0.921330 -2.111876
G	-6.829599 -2.255391 -0.809757 -2.700402 -0.070376 0.697977 -0.732841 0.031062 0.775981
H	-6.145509 -0.559014 -1.123786 -3.190389 -0.645778 -2.008880 -0.762485 -0.339845 -2.083533
I	1.818564 1.012054 1.116152 0.063304 -0.333443 -0.876228 0.324239 -0.393069 0.447399
K	-8.242671 0.905340 0.096362 -3.890564 1.252706 0.044512 -0.749300 0.932873 -0.555121
L	1.274136 1.002753 1.126484 0.067873 0.054943 -1.123082 0.682070 1.007569 0.928262
M	-1.653473 -2.158442 -0.591588 -1.178202 -1.969757 -3.378713 -2.288459 -1.588756 -1.964714
N	-7.179995 -0.822253 -0.787483 3.044814 -0.044381 1.096910 0.538365 -0.698913 0.608348
P	-6.830240 -7.649569 0.215095 -6.415130 1.170886 0.562164 1.539591 1.032933 -2.357701
Q	-5.862681 -0.181879 -0.208208 -0.558436 -0.224948 -1.326212 0.206433 -0.067624 -0.490075
R	-6.091275 1.263203 0.129352 -8.741793 0.606148 -0.830932 -0.718735 0.798671 -0.342850
S	-11.222106 -0.057794 0.429943 0.661846 0.597706 1.487980 0.204111 0.292007 1.021892
T	-6.455255 0.146585 -0.230882 -0.270434 0.502229 0.727907 0.256066 -0.242065 -0.455831
V	0.323847 1.498486 1.023014 -0.374614 0.482551 0.344756 0.929521 0.134833 1.343044
W	-0.283959 -2.331728 -3.104740 -5.192326 -3.305081 -9.798000 -3.366761 -3.623610 -7.677810
Y	2.505058 -0.240674 0.055198 -4.158903 -1.335437 -3.929659 -1.370117 -0.990664 -1.321957
