A	1.495799	-1.665882	1.742202	0.949582	1.556510	0.267884	0.361598	1.223641	2.357054	3.969812
C	-4.951285	-4.951285	-2.703357	-4.951285	-3.143930	-4.951285	-4.951285	-2.366322	-4.951285	-1.491853
D	-3.781360	-4.951285	-1.863822	0.823502	-0.558967	-1.491853	-0.475551	-2.366322	-2.093304	-4.951285
E	-3.143930	-4.951285	-3.143930	1.065524	-0.647504	-0.475551	-1.068642	-1.196397	-0.183100	-4.951285
F	-2.703357	-4.951285	-0.183100	-1.665882	-0.842760	-0.951285	-0.741831	-1.665882	-4.951285	-3.781360
G	-2.366322	-4.951285	-1.491853	1.037400	1.008717	0.572277	1.595610	-1.491853	-0.396696	-3.143930
H	0.267884	-3.781360	0.059943	-1.336575	-1.665882	-0.321928	-0.475551	-0.056467	-2.366322	-4.951285
I	-0.647504	-3.781360	0.002912	-2.366322	0.167656	-0.321928	-0.396696	0.648628	-1.491853	-2.366322
K	1.343336	-4.951285	0.949582	0.610958	-0.647504	0.756074	0.756074	0.059943	0.267884	-4.951285
L	0.315502	-2.366322	0.315502	-0.321928	0.361598	1.120178	0.532531	-0.321928	-2.366322	-1.491853
M	-0.396696	-4.951285	0.002912	-2.366322	-3.143930	-3.781360	-0.951285	-1.068642	-1.665882	-2.093304
N	-1.336575	-4.951285	-0.183100	-0.842760	-0.647504	-0.951285	-0.396696	-0.475551	-1.665882	-4.951285
P	-4.951285	4.231110	-1.068642	1.432420	1.652342	0.610958	0.823502	0.790182	-0.250845	-2.366322
Q	-0.951285	-4.951285	-0.396696	0.167656	-1.665882	0.406267	0.059943	-0.741831	-0.250845	-3.781360
R	1.595610	-4.951285	0.218640	-1.196397	-1.491853	0.218640	0.218640	0.114804	-1.491853	-4.951285
S	1.432420	-4.951285	0.823502	0.790182	0.856070	1.120178	0.315502	0.167656	2.025995	-3.143930
T	0.648628	-4.951285	-0.741831	-0.118395	0.361598	0.491659	0.406267	1.093109	0.887919	-1.863822
V	0.648628	-3.781360	0.648628	-1.196397	0.648628	0.721141	0.361598	1.614769	1.146747	1.037400
W	-4.951285	-4.951285	-1.491853	-2.703357	-3.143930	-3.143930	-3.781360	-2.366322	-4.951285	-4.951285
Y	-1.336575	-3.781360	0.114804	-0.647504	-1.491853	-1.863822	-3.781360	-0.558967	-2.703357	-3.781360
