A	1.549130	-2.681824	1.318176	1.318176	1.987455	0.981141	1.159478	0.848691	0.777608	2.272372	4.030894
C	-3.851749	-3.851749	-2.044394	-3.851749	-3.851749	-2.681824	-3.851749	-3.851749	-2.681824	-2.681824	-1.603822
D	-3.851749	-3.851749	-2.681824	0.777608	-0.993768	-0.993768	-0.764286	-1.266787	-2.044394	-2.681824	-3.851749
E	-2.044394	-3.851749	-2.681824	0.848691	-0.566347	0.148251	-0.566347	-0.566347	-2.044394	0.256775	-3.851749
F	-1.603822	-3.851749	0.148251	-2.681824	-1.603822	-1.266787	-0.993768	0.256775	-0.764286	-2.044394	-1.603822
G	-2.044394	-3.851749	-1.266787	0.777608	0.916435	1.043069	1.214340	1.549130	-0.392317	-0.993768	-2.681824
H	-0.392317	-3.851749	0.256775	-2.681824	-1.266787	-0.392317	-0.993768	-0.764286	0.030894	-1.266787	-3.851749
I	-0.237039	-3.851749	0.148251	-3.851749	-0.392317	0.357704	0.030894	-0.237039	0.702840	-0.764286	-2.044394
K	1.267192	-3.851749	0.702840	0.623984	-0.392317	0.148251	0.357704	0.452032	-0.237039	0.148251	-3.851749
L	0.540568	-3.851749	0.981141	-0.566347	0.256775	1.505803	0.148251	0.148251	0.916435	-0.566347	-1.603822
M	-0.237039	-3.851749	-0.566347	-0.993768	-2.044394	-2.044394	-2.681824	-1.603822	-1.603822	-3.851749	-3.851749
N	-0.993768	-3.851749	0.256775	-0.993768	-0.096862	-0.993768	-1.266787	-0.764286	0.148251	-2.681824	-3.851749
P	-3.851749	4.203533	-2.681824	1.505803	1.043069	0.916435	0.452032	0.256775	-0.096862	-1.266787	-1.603822
Q	-0.237039	-3.851749	-2.681824	-0.392317	-0.993768	-0.566347	0.030894	0.148251	-0.237039	0.030894	-3.851749
R	1.367419	-3.851749	-0.566347	-2.044394	-1.603822	-0.566347	0.357704	-0.392317	0.452032	-0.566347	-2.681824
S	1.267192	-3.851749	1.214340	1.549130	0.981141	0.623984	1.043069	1.102447	0.030894	1.889718	-3.851749
T	0.981141	-3.851749	0.256775	-0.566347	0.540568	0.357704	1.043069	0.148251	1.043069	0.623984	-3.851749
V	0.256775	-3.851749	0.148251	-0.993768	0.702840	-0.566347	-0.392317	0.357704	1.461134	1.214340	0.030894
W	-3.851749	-3.851749	-0.764286	-2.681824	-2.681824	-2.681824	-2.681824	-3.851749	-2.681824	-3.851749	-3.851749
Y	-2.681824	-2.044394	0.540568	-0.993768	-2.681824	-2.681824	-1.266787	-1.266787	-1.603822	-2.681824	-3.851749
