A	1.824150	-1.930737	1.354665	1.354665	0.317190	1.156726	1.156726	0.927244	0.927244	1.683973	2.177787	3.776622
C	-1.930737	-1.930737	-1.930737	-1.930737	-1.930737	-1.930737	-1.930737	-1.930737	-1.930737	-1.930737	-0.760812	-1.930737
D	-1.930737	-1.930737	-1.930737	0.654225	-0.123382	0.317190	-1.930737	-0.760812	0.317190	-1.930737	-0.760812	-1.930737
E	-1.930737	-1.930737	-1.930737	0.317190	-1.930737	-1.930737	-0.123382	-1.930737	-1.930737	-0.760812	-0.760812	-1.930737
F	-1.930737	-1.930737	-0.123382	-1.930737	-0.760812	-1.930737	-0.760812	-0.760812	-1.930737	-1.930737	-1.930737	-0.760812
G	-1.930737	-1.930737	0.317190	1.683973	0.654225	1.354665	1.683973	2.177787	0.927244	-0.123382	-0.760812	-1.930737
H	-1.930737	-1.930737	-1.930737	-1.930737	-0.760812	-1.930737	-1.930737	-1.930737	-0.760812	-1.930737	-0.760812	-1.930737
I	0.654225	-1.930737	-0.760812	-0.760812	0.317190	-0.760812	-0.760812	-0.760812	-0.760812	1.354665	-1.930737	-1.930737
K	1.354665	-1.930737	1.683973	-0.123382	0.927244	0.927244	-0.123382	0.927244	0.927244	-0.123382	-0.760812	-1.930737
L	-0.760812	-1.930737	1.354665	-0.760812	1.354665	1.683973	0.317190	-0.123382	0.654225	0.317190	-1.930737	-0.760812
M	-1.930737	-1.930737	-1.930737	-1.930737	-1.930737	-1.930737	-1.930737	-1.930737	-0.760812	-1.930737	-0.760812	-1.930737
N	-0.760812	-1.930737	-0.760812	-0.123382	-0.123382	-1.930737	-1.930737	-1.930737	-0.760812	-0.760812	-1.930737	-1.930737
P	-1.930737	3.876618	-1.930737	1.528694	1.354665	0.927244	0.927244	0.317190	0.317190	0.927244	0.317190	-0.760812
Q	-0.760812	-1.930737	-0.760812	-0.760812	0.317190	-1.930737	-1.930737	-0.760812	-0.123382	-0.123382	-0.760812	-1.930737
R	2.069263	-1.930737	0.654225	-1.930737	-0.760812	0.317190	-0.123382	0.317190	0.654225	-0.760812	-0.760812	-1.930737
S	1.156726	-1.930737	-0.760812	0.927244	0.317190	0.654225	1.354665	1.156726	0.654225	0.927244	1.951906	-1.930737
T	-0.123382	-1.930737	-1.930737	-0.760812	-0.760812	-0.760812	-0.123382	0.317190	0.317190	0.927244	0.317190	-1.930737
V	-0.760812	-0.760812	1.156726	-1.930737	-0.123382	-1.930737	0.927244	-0.760812	0.317190	-0.123382	0.927244	-1.930737
W	-1.930737	-1.930737	-0.760812	-1.930737	-1.930737	-1.930737	-1.930737	-1.930737	-1.930737	-1.930737	-0.760812	-1.930737
Y	-1.930737	-1.930737	-0.123382	-0.760812	-1.930737	-0.760812	-1.930737	-1.930737	-1.930737	-1.930737	-1.930737	-0.760812
