A	1.648528	-1.209453	0.597902	0.597902	1.038474	0.597902	-1.209453	1.375509	0.597902	0.597902	-0.039528	2.405256	3.419903
C	-1.209453	-1.209453	-1.209453	-1.209453	-1.209453	-1.209453	-1.209453	-1.209453	-1.209453	-1.209453	-1.209453	-1.209453	-1.209453
D	-1.209453	-1.209453	-1.209453	0.597902	-0.039528	-0.039528	-0.039528	-1.209453	-1.209453	-1.209453	-1.209453	-1.209453	-1.209453
E	-1.209453	-1.209453	-1.209453	-1.209453	-1.209453	-0.039528	-0.039528	-1.209453	-0.039528	0.597902	-0.039528	-1.209453	-1.209453
F	-0.039528	-1.209453	1.648528	-0.039528	-1.209453	-1.209453	-0.039528	1.038474	-1.209453	-0.039528	0.597902	-0.039528	-1.209453
G	-1.209453	-1.209453	-1.209453	1.375509	0.597902	0.597902	1.375509	0.597902	1.648528	1.375509	-1.209453	-1.209453	-1.209453
H	-1.209453	-1.209453	-1.209453	-0.039528	-1.209453	-1.209453	-1.209453	-0.039528	-1.209453	-1.209453	-1.209453	-1.209453	-1.209453
I	-1.209453	-1.209453	-1.209453	-1.209453	-0.039528	-0.039528	0.597902	0.597902	-0.039528	-1.209453	1.038474	-1.209453	-1.209453
K	1.648528	-1.209453	0.597902	-0.039528	-1.209453	-1.209453	0.597902	-0.039528	-0.039528	-0.039528	0.597902	-0.039528	-1.209453
L	-1.209453	-1.209453	1.038474	-0.039528	-0.039528	-0.039528	0.597902	-1.209453	-0.039528	-0.039528	-1.209453	-1.209453	-1.209453
M	0.597902	-1.209453	-0.039528	-1.209453	-1.209453	-1.209453	-1.209453	-1.209453	-1.209453	-1.209453	-1.209453	-1.209453	-1.209453
N	-0.039528	-1.209453	-1.209453	0.597902	-0.039528	-1.209453	-0.039528	-1.209453	1.038474	-1.209453	1.038474	-1.209453	-1.209453
P	-1.209453	3.490986	-1.209453	1.038474	1.878009	1.038474	-0.039528	-0.039528	-1.209453	0.597902	-0.039528	-1.209453	-1.209453
Q	-1.209453	-0.039528	-1.209453	-1.209453	-0.039528	-0.039528	-0.039528	-1.209453	0.597902	0.597902	-1.209453	-0.039528	-1.209453
R	1.375509	-1.209453	0.597902	-1.209453	-1.209453	-0.039528	-0.039528	-1.209453	-0.039528	-1.209453	-1.209453	-0.039528	-1.209453
S	0.597902	-1.209453	-1.209453	-1.209453	1.038474	1.878009	0.597902	1.878009	0.597902	0.597902	0.597902	1.648528	-1.209453
T	-0.039528	-1.209453	-1.209453	0.597902	-0.039528	-0.039528	-0.039528	-0.039528	0.597902	-0.039528	0.597902	0.597902	-0.039528
V	-1.209453	-1.209453	1.038474	0.597902	-0.039528	-0.039528	-0.039528	-1.209453	-1.209453	1.038474	1.038474	-0.039528	-0.039528
W	-1.209453	-1.209453	-1.209453	-1.209453	-1.209453	-1.209453	-1.209453	-1.209453	-1.209453	-1.209453	-0.039528	-1.209453	-1.209453
Y	-1.209453	-1.209453	1.038474	-1.209453	-1.209453	-1.209453	-1.209453	-1.209453	-1.209453	-1.209453	-1.209453	-1.209453	-1.209453
