A	1.431339	-1.874469	0.955606	0.570316	-1.874469	1.064130	2.313158	3.717157
C	-3.044394	-3.044394	-3.044394	-3.044394	-1.237039	-3.044394	-3.044394	0.043069
D	-3.044394	-3.044394	-1.874469	-3.044394	-3.044394	-1.874469	-3.044394	-3.044394
E	-3.044394	-3.044394	-0.459432	0.241008	-3.044394	0.241008	1.584963	-3.044394
F	-3.044394	-3.044394	0.043069	-1.237039	-0.459432	-0.186413	-3.044394	-3.044394
G	-3.044394	-3.044394	-1.237039	-0.796467	0.570316	-1.874469	-0.459432	-3.044394
H	0.415037	-3.044394	-0.796467	-0.796467	0.241008	0.043069	-1.874469	-3.044394
I	0.710493	-3.044394	-1.237039	-1.874469	1.788496	0.043069	-3.044394	-1.237039
K	1.165059	-3.044394	-0.459432	2.021695	-0.796467	0.955606	0.570316	-3.044394
L	0.241008	-3.044394	0.415037	1.347923	2.398549	-0.796467	-1.874469	-1.874469
M	-0.186413	-3.044394	-1.237039	-3.044394	-0.796467	-0.796467	-1.237039	-3.044394
N	-3.044394	-3.044394	-0.459432	-0.459432	-3.044394	-0.459432	-3.044394	-3.044394
P	-1.874469	4.133025	-1.874469	0.955606	-1.237039	1.966833	-0.459432	-1.237039
Q	-1.237039	-3.044394	0.043069	0.570316	0.415037	0.043069	-1.237039	-3.044394
R	0.955606	-3.044394	-1.237039	1.064130	-0.796467	-0.796467	0.955606	-3.044394
S	1.584963	-3.044394	-0.459432	-0.459432	-1.874469	-0.459432	0.838249	-3.044394
T	0.241008	-3.044394	1.966833	-0.186413	0.570316	0.415037	0.241008	-3.044394
V	0.955606	-3.044394	1.723790	-1.874469	0.415037	0.570316	0.838249	1.584963
W	-3.044394	-3.044394	-1.874469	-3.044394	-3.044394	-3.044394	-1.874469	-3.044394
Y	-1.237039	-3.044394	0.415037	-1.874469	-3.044394	-3.044394	-3.044394	-3.044394
