A	1.283859	-0.201264	1.245344	0.701934	0.545880	0.545880	0.558502	2.115548	3.744534
C	-5.436480	-5.436480	-2.396952	-6.606405	-4.021443	-3.748424	-4.021443	-3.518942	-0.431480
D	-4.799050	-6.606405	-2.130672	0.312458	-1.595178	-1.595178	-2.051816	-2.214088	-6.606405
E	-3.321003	-4.799050	-2.723762	0.952016	-0.899046	-1.540316	-0.482284	0.863237	-5.436480
F	-1.293522	-6.606405	0.545880	-0.969781	-0.534943	-0.021443	-1.006492	-3.321003	-4.799050
G	-2.051816	-3.748424	-0.864938	0.701934	0.632000	0.999074	-1.773515	-0.799050	-3.321003
H	-0.180140	-6.606405	-0.288993	-0.562011	-0.382404	-0.159322	0.620007	-0.799050	-6.606405
I	-0.021443	-1.838221	0.138429	-1.540316	0.138429	0.913231	0.558502	-1.540316	-2.214088
K	1.245344	-6.606405	0.923025	0.713267	0.282338	0.467736	0.467736	0.251576	-6.606405
L	0.413186	-1.082843	0.923025	0.558502	0.427018	1.097498	0.655690	-2.130672	-2.130672
M	-0.244461	-4.358478	-0.382404	-2.851518	-2.214088	-1.540316	-1.838221	-2.214088	-5.436480
N	-0.831618	-6.606405	0.069552	-0.969781	-0.482284	-1.163462	-0.767201	-2.497881	-5.436480
P	-5.436480	4.083811	-1.540316	1.372305	1.615182	0.779457	1.008305	-0.288993	-0.969781
Q	-0.534943	-2.497881	-0.222701	-0.358478	0.312458	-0.266555	-0.617721	-0.002779	-4.799050
R	1.283859	-6.606405	-0.059511	-0.334942	-0.406733	-0.589597	0.282338	-0.311784	-2.606405
S	1.455641	-3.748424	0.467736	1.097498	0.440719	0.188011	-0.118565	1.924001	-2.723762
T	0.701934	-2.851518	-0.021443	0.015647	0.399219	0.545880	0.678997	0.989785	-1.293522
V	0.701934	-0.382404	0.690511	-0.736040	1.017476	0.620007	1.495570	0.690511	1.952972
W	-6.606405	-6.606405	-2.051816	-4.358478	-4.799050	-4.021443	-2.606405	-5.436480	-6.606405
Y	-0.675668	-6.606405	0.188011	-1.711587	-2.214088	-1.711587	-1.006492	-3.321003	-5.436480
