A	-8.785471 1.050829 1.421253 -0.063023 0.644875 2.924020 2.625785 0.812876 0.184821
C	-8.948860 -5.512254 -3.577216 -5.454316 -5.395746 -1.993574 -1.934378 -4.469092 -3.011786
D	-7.007606 -0.368514 0.095906 -0.471373 -0.342082 -2.860892 -1.949489 -0.827861 2.156086
E	-3.780619 1.356155 -0.278755 1.929003 0.129296 -1.724650 1.164078 1.301658 2.427783
F	0.036828 -0.406338 0.329117 -3.266030 -1.151189 -2.573386 -2.040354 -1.812638 -5.442938
G	-8.856598 -1.420426 0.889234 -4.275138 -2.281807 -0.406480 -0.385115 -0.736773 -2.204765
H	-3.242843 -1.359957 -1.538916 -3.011648 -1.754996 -7.154478 -2.534843 -1.400713 -0.619474
I	-0.863504 0.043076 -0.390192 1.332954 0.662838 -0.699794 -0.597771 -0.725375 -1.954501
K	2.309811 0.088606 -2.595017 -3.170901 0.836729 -8.855408 -2.148353 0.926182 -8.541862
L	-0.868152 1.177012 0.234928 1.610634 1.885582 -0.371859 1.604527 0.724392 -0.935630
M	-3.313261 -2.284124 -1.857730 -3.595397 -1.713270 -2.891185 -1.365767 -1.748098 -3.428942
N	-6.796972 -1.630492 -1.302554 -2.969197 -1.848058 -5.712093 -0.938376 -0.670089 1.349773
P	-4.743358 -2.396011 -0.785139 -0.822605 0.491371 1.986003 -0.795013 -0.159177 -2.441692
Q	-1.742845 0.336900 -0.104713 -2.013474 -0.227533 -4.530036 -0.284096 0.667287 -1.484921
R	3.483780 0.730406 -3.602540 -5.599868 -0.009260 -8.902185 -2.318254 1.159074 -4.347181
S	-8.615479 -0.161308 0.944385 0.902952 -0.437432 1.056153 -0.024065 0.766307 1.165623
T	-5.669701 0.065536 -0.450916 1.617524 0.115920 0.032837 -1.376036 0.116660 -0.952233
V	-2.204579 1.104377 1.094979 1.252573 1.249288 1.043331 0.936264 -0.071803 0.249853
W	-4.975692 -2.297126 -0.900492 -5.220332 -8.801758 -8.778131 -8.951429 -3.947221 -8.918567
Y	-0.282744 -0.387087 1.127871 -2.888229 -1.071536 -3.782306 -2.596068 -1.715268 -4.507448
