A	-8.818608 0.770618 1.037944 -0.408681 0.176701 0.090694 1.206306 0.511628 0.128811
C	-9.828475 -9.911650 -4.534944 -4.905633 -9.899247 -9.913366 -9.896283 -6.443191 -3.933159
D	-9.061566 -0.720840 -1.664389 -0.253625 0.494489 -3.539667 -3.238030 -0.542891 -2.441752
E	-8.077074 1.114860 -0.266996 0.067771 1.273993 -1.485600 0.561935 0.680521 -0.949210
F	-1.420658 -1.055615 -0.201427 -1.296042 -2.493342 -9.665178 -2.112263 -1.509356 0.076904
G	-8.643268 -3.331493 -2.000127 -3.277193 -0.462316 -1.923468 -0.592371 -0.145021 -1.217236
H	-8.629467 -1.424626 -1.966754 -2.326376 -0.807397 -0.367453 -0.894676 -0.018960 -2.636567
I	3.422981 1.170592 1.572599 1.819742 -0.377849 -0.127932 -0.033655 -0.266243 -1.426990
K	-8.252960 0.651747 -0.659372 -2.990569 1.100870 2.714909 -0.732505 0.919189 0.095987
L	2.293259 0.730883 0.890132 2.390387 -1.040806 -1.492541 1.620793 1.252258 0.307673
M	-0.864360 -2.832287 -0.621262 0.291448 -2.428494 -3.887751 -1.212133 -1.434512 -0.147630
N	-6.348448 -0.513358 -0.479585 1.227618 0.420369 -0.768587 1.681854 -0.619913 -2.190536
P	-6.596209 -9.426746 0.770322 -9.708820 1.150664 0.175733 0.011859 0.394630 -9.462169
Q	-8.883858 -0.296874 -0.602004 -0.401231 0.161207 -1.782189 0.901772 0.384702 -0.818936
R	-8.690956 1.010407 -0.609103 -6.101903 0.216627 2.003221 -0.910654 0.787708 2.940028
S	-8.770311 -0.354298 0.134124 -0.202821 0.734844 -0.962075 -0.239617 0.373658 -0.349912
T	-9.500455 0.054996 -0.015958 -0.789501 0.369809 0.789232 -0.726086 -0.138229 -3.012205
V	1.702923 1.648778 1.143707 0.750896 -0.160918 0.364404 0.269397 -0.235348 0.258372
W	-9.539124 -5.407884 -1.999377 -2.164251 -3.953073 -9.913686 -5.514270 -6.685119 -9.884840
Y	-2.785563 -1.202691 -0.018510 -5.281672 -2.143233 -9.568763 -1.759620 -1.012117 1.229576
