A	-0.959358	1.330149	0.728698	0.118644	0.118644	0.958180	0.455679	0.455679	0.118644	-2.129283
C	-2.129283	-2.129283	-2.129283	-2.129283	-2.129283	-2.129283	-2.129283	-2.129283	-0.959358	-2.129283
D	-2.129283	-2.129283	-2.129283	1.330149	0.455679	-2.129283	-2.129283	-0.959358	-2.129283	-2.129283
E	-2.129283	-2.129283	-2.129283	0.118644	0.455679	-0.321928	0.118644	0.455679	-2.129283	-2.129283
F	-0.321928	0.958180	-0.959358	-0.321928	-2.129283	-2.129283	-0.959358	-0.959358	-2.129283	3.432959
G	-2.129283	-2.129283	-0.321928	-0.321928	0.728698	1.753360	1.330149	-0.959358	-2.129283	-2.129283
H	-2.129283	-2.129283	-2.129283	-0.321928	-0.321928	-0.959358	-0.959358	-0.321928	-0.959358	-2.129283
I	0.958180	-0.321928	0.728698	-2.129283	-0.321928	-0.321928	0.118644	-0.321928	-2.129283	-2.129283
K	2.080170	-2.129283	-2.129283	0.455679	0.118644	-0.959358	1.330149	-0.959358	0.958180	-2.129283
L	-2.129283	-2.129283	0.455679	-2.129283	0.455679	-0.321928	0.728698	1.625604	0.958180	0.728698
M	-2.129283	0.118644	-0.959358	-0.959358	-0.959358	-2.129283	-0.959358	-0.959358	-0.321928	-0.959358
N	-2.129283	-2.129283	-0.959358	1.156119	-0.321928	0.455679	-0.959358	1.330149	-2.129283	-2.129283
P	-2.129283	-0.959358	-0.959358	1.330149	1.870717	0.958180	0.455679	-0.959358	-2.129283	-2.129283
Q	-0.321928	-2.129283	-0.959358	-0.321928	-0.321928	0.455679	0.958180	0.728698	-0.959358	-2.129283
R	2.346450	-2.129283	-0.959358	-2.129283	-2.129283	-0.959358	-0.959358	-0.959358	1.485427	-2.129283
S	-0.959358	0.958180	1.979241	0.455679	0.728698	0.958180	0.118644	0.728698	1.330149	-2.129283
T	-0.321928	0.958180	1.156119	0.728698	-0.959358	0.118644	-0.321928	0.455679	2.080170	-2.129283
V	1.156119	-0.959358	-0.321928	0.118644	0.455679	0.728698	-2.129283	-0.321928	-0.959358	-2.129283
W	-2.129283	-0.959358	-2.129283	-2.129283	-2.129283	-2.129283	-2.129283	-2.129283	-2.129283	-0.321928
Y	-0.321928	2.571157	1.625604	-2.129283	-2.129283	-2.129283	0.118644	-0.959358	-0.321928	1.485427
