A	-0.754888	0.415037	-0.754888	-0.754888	0.415037	-0.754888	1.052467	-0.754888	-0.754888	0.415037	-0.754888
C	-0.754888	-0.754888	-0.754888	-0.754888	-0.754888	-0.754888	-0.754888	-0.754888	-0.754888	-0.754888	-0.754888
D	-0.754888	-0.754888	1.052467	-0.754888	0.415037	-0.754888	0.415037	-0.754888	0.415037	-0.754888	-0.754888
E	-0.754888	-0.754888	-0.754888	-0.754888	-0.754888	-0.754888	0.415037	-0.754888	-0.754888	0.415037	-0.754888
F	0.415037	1.052467	1.052467	-0.754888	1.052467	-0.754888	-0.754888	-0.754888	-0.754888	-0.754888	2.704544
G	-0.754888	-0.754888	-0.754888	-0.754888	-0.754888	1.493040	-0.754888	1.830075	-0.754888	-0.754888	-0.754888
H	-0.754888	-0.754888	-0.754888	-0.754888	-0.754888	0.415037	-0.754888	-0.754888	-0.754888	0.415037	-0.754888
I	0.415037	-0.754888	0.415037	-0.754888	-0.754888	0.415037	-0.754888	-0.754888	-0.754888	-0.754888	-0.754888
K	1.830075	-0.754888	0.415037	-0.754888	-0.754888	0.415037	-0.754888	0.415037	0.415037	-0.754888	-0.754888
L	-0.754888	-0.754888	-0.754888	-0.754888	-0.754888	0.415037	-0.754888	0.415037	1.830075	0.415037	0.415037
M	-0.754888	-0.754888	-0.754888	-0.754888	-0.754888	-0.754888	-0.754888	-0.754888	0.415037	-0.754888	-0.754888
N	-0.754888	-0.754888	0.415037	-0.754888	-0.754888	-0.754888	0.415037	0.415037	0.415037	-0.754888	-0.754888
P	-0.754888	0.415037	1.493040	-0.754888	-0.754888	-0.754888	0.415037	-0.754888	-0.754888	-0.754888	-0.754888
Q	-0.754888	-0.754888	-0.754888	-0.754888	0.415037	0.415037	0.415037	0.415037	-0.754888	1.052467	-0.754888
R	0.415037	-0.754888	-0.754888	-0.754888	0.415037	-0.754888	-0.754888	0.415037	-0.754888	-0.754888	-0.754888
S	-0.754888	-0.754888	-0.754888	1.052467	1.830075	1.052467	0.415037	1.052467	-0.754888	1.052467	-0.754888
T	-0.754888	-0.754888	-0.754888	2.704544	-0.754888	0.415037	1.052467	-0.754888	1.052467	1.493040	-0.754888
V	1.830075	-0.754888	-0.754888	-0.754888	0.415037	-0.754888	0.415037	-0.754888	0.415037	-0.754888	-0.754888
W	-0.754888	-0.754888	-0.754888	0.415037	-0.754888	-0.754888	-0.754888	-0.754888	-0.754888	-0.754888	0.415037
Y	-0.754888	2.530515	0.415037	-0.754888	-0.754888	-0.754888	-0.754888	-0.754888	-0.754888	-0.754888	0.415037
