A	0.559427	1.000000	1.610053	-1.247928	1.337035	-1.247928	-0.078003	-1.247928
C	-1.247928	-1.247928	-1.247928	-1.247928	-1.247928	-1.247928	-1.247928	-1.247928
D	-1.247928	-1.247928	-1.247928	-1.247928	-1.247928	-1.247928	-1.247928	-1.247928
E	-1.247928	-1.247928	-1.247928	1.337035	-1.247928	-1.247928	0.559427	-1.247928
F	-0.078003	-1.247928	1.000000	-1.247928	-1.247928	-0.078003	-1.247928	1.610053
G	-1.247928	-1.247928	0.559427	-1.247928	-1.247928	-1.247928	1.000000	-1.247928
H	-1.247928	-1.247928	-0.078003	1.000000	-1.247928	-1.247928	-1.247928	-1.247928
I	2.037475	-1.247928	-1.247928	-1.247928	-0.078003	1.000000	-1.247928	-1.247928
K	1.337035	-1.247928	-1.247928	2.752072	-1.247928	-1.247928	2.211504	-1.247928
L	-0.078003	-1.247928	-1.247928	-1.247928	-0.078003	3.055853	-0.078003	2.506960
M	-1.247928	-1.247928	-1.247928	-1.247928	-1.247928	-1.247928	-1.247928	1.000000
N	-1.247928	-1.247928	-1.247928	-1.247928	-1.247928	-1.247928	-1.247928	-1.247928
P	-1.247928	-1.247928	-0.078003	0.559427	2.211504	-1.247928	-1.247928	-1.247928
Q	-0.078003	-1.247928	-1.247928	-1.247928	-1.247928	0.559427	-0.078003	-1.247928
R	0.559427	-1.247928	-1.247928	-1.247928	-1.247928	-1.247928	-1.247928	-1.247928
S	-1.247928	2.211504	-0.078003	-1.247928	-0.078003	-1.247928	-0.078003	-1.247928
T	-1.247928	2.506960	-0.078003	-1.247928	1.839535	-1.247928	1.000000	-1.247928
V	-0.078003	-1.247928	1.000000	-0.078003	-0.078003	-0.078003	0.559427	-1.247928
W	-1.247928	-1.247928	-0.078003	-1.247928	-1.247928	-1.247928	-1.247928	-0.078003
Y	1.000000	-0.078003	1.337035	-1.247928	-1.247928	-1.247928	-1.247928	1.000000
