A	0.881300	1.944884	1.113247	0.294239	-0.375039	0.816979	0.654708	0.772448	-5.544964
C	-5.544964	-5.544964	-5.544964	-5.544964	-5.544964	-2.960002	-4.375039	-3.737610	-5.544964
D	-4.375039	-5.544964	-0.375039	1.216587	-1.241184	-2.960002	-2.457502	-3.297037	-5.544964
E	-4.375039	-5.544964	-3.737610	1.358917	-0.915608	-1.335511	-2.259562	0.054948	-5.544964
F	-0.590768	-0.776780	-0.278178	-2.085533	-0.650147	-0.478875	-1.662321	-2.259562	2.455036
G	-0.533737	-2.085533	-2.457502	0.325400	0.982513	0.726499	-1.790077	-1.241184	-5.544964
H	-1.662321	-5.544964	0.196503	-0.844525	0.162395	-0.990376	0.162395	-0.061149	-5.544964
I	1.216587	-0.375039	0.499430	-1.436440	0.499430	0.294239	-1.069231	-2.960002	0.772448
K	1.751952	-5.544964	-1.069231	0.262390	0.942876	-0.102021	-0.712074	1.199869	-5.544964
L	-0.187412	0.091660	0.942876	-0.102021	-0.590768	0.579157	2.602240	0.838740	3.079831
M	-2.085533	-0.844525	-0.776780	-3.737610	-2.960002	-2.960002	-1.335511	-2.259562	-0.915608
N	-3.737610	-5.544964	0.229823	0.091660	-0.021402	-0.533737	-0.590768	-1.335511	-5.544964
P	-5.544964	-3.737610	-0.712074	1.740438	0.881300	0.526498	0.579157	-3.297037	-5.544964
Q	-1.335511	-1.662321	-1.662321	-0.021402	-0.187412	0.262390	0.294239	0.553068	-5.544964
R	1.830075	-5.544964	-1.436440	-1.662321	0.702963	-0.478875	-0.232081	0.860177	-5.544964
S	0.162395	2.115031	0.749656	0.526498	0.355902	0.499430	1.113247	1.358917	-5.544964
T	-0.325796	2.352881	0.443720	-0.021402	-0.187412	1.488459	0.091660	1.644860	-5.544964
V	1.328480	0.942876	1.113247	-0.144085	1.313017	1.113247	-0.187412	0.229823	-2.085533
W	-5.544964	-4.375039	-4.375039	-4.375039	-3.737610	-4.375039	-5.544964	-5.544964	-1.152647
Y	0.091660	-0.021402	1.432315	-2.686983	-1.544964	-1.152647	-1.544964	-1.335511	1.515731
