A	-3.505055 0.517358 1.454744 0.991917 0.799752 0.886289 1.370655 0.939165 1.722868
C	-10.653319 -6.204888 -2.185763 -2.447049 -6.898920 -5.217023 -6.241540 -5.657884 -3.546063
D	-3.926988 -1.364184 -1.428954 0.459371 0.772558 2.464773 0.254120 -0.492675 1.645508
E	-2.939073 0.728798 -0.386084 0.254173 0.611412 -1.345748 0.691154 1.082580 1.555394
F	1.461497 -1.689222 -0.234995 0.093393 -2.086936 -3.445676 -1.315235 -1.387751 -4.407927
G	-6.169743 -1.722382 0.152939 -3.157108 -0.538991 -1.560847 -1.065117 -0.374460 1.169232
H	-3.483159 -0.286962 -1.490537 -4.189528 -1.119642 -8.153163 -0.921871 -0.775011 -2.245465
I	2.749985 0.669495 0.847360 1.960171 -0.250172 -1.391569 0.234173 -0.322985 -1.217155
K	-1.883199 1.049756 -0.584094 -10.308565 0.918931 -3.851950 -2.183481 0.580807 -2.002114
L	1.476008 0.340710 0.149030 1.586933 -0.412090 -2.613165 1.023454 1.252222 -0.293253
M	-1.438385 -2.711375 -1.030124 0.290415 -3.422155 -5.467495 -1.595925 -2.639954 -2.418813
N	-2.861657 -0.440146 -0.211301 -2.372915 -0.275172 1.285982 1.322367 -0.743641 -2.145516
P	-5.622433 -6.967849 0.233397 -7.075664 1.160017 -0.862879 0.876396 1.032609 -4.242253
Q	-3.259171 0.331286 -0.156399 -0.613895 0.163913 -6.304641 0.198869 -0.033141 0.905522
R	-0.662826 1.231912 -0.210019 -7.566449 0.004678 -4.857335 -1.615526 0.713601 -1.821687
S	-3.654550 -0.297087 0.936030 -0.519230 0.734957 1.462063 0.222577 0.250008 1.513612
T	-5.566859 0.408888 0.147239 -0.251851 0.723765 1.766502 -0.789915 -0.654708 -1.609420
V	1.227507 1.396499 0.452264 1.488309 0.289868 0.949568 0.502172 0.138935 -0.550638
W	-1.145893 -2.500740 -1.872847 -2.072980 -3.964730 -9.566583 -2.438401 -4.191603 -9.319172
Y	1.546433 -0.526888 0.080360 -1.097141 -1.901473 -6.083282 -1.891953 -1.257294 -4.216255
