A	2.508221	-3.487131	1.076458	0.344270	1.040116	0.526069	0.298851	0.722323	1.746207	2.990032
C	-6.574594	-6.574594	-3.487131	-5.404669	-4.326666	-3.716613	-3.289191	-3.716613	-3.716613	-3.487131
D	-5.404669	-4.767239	-0.530199	1.578959	0.359097	-0.643856	-1.131650	-1.741704	-1.806409	-5.404669
E	-1.874154	4.089187	0.402686	1.950927	0.756323	-0.399668	-0.557785	0.065651	0.745079	-6.574594
F	-1.307807	-6.574594	0.874555	-1.455652	0.029033	0.472530	0.954837	-2.959884	-1.806409	1.085402
G	0.811269	-3.716613	-1.945237	0.499548	1.094291	0.756323	0.564958	-1.173714	-0.673727	-4.767239
H	-1.563366	-6.574594	-0.086753	-1.679776	-0.303130	-0.867234	-0.799806	0.267757	-0.767239	-4.326666
I	-1.355425	-4.767239	1.533931	-1.307807	-1.217042	0.065651	0.431031	0.283387	-0.867234	-1.173714
K	0.811269	-3.487131	-0.585909	-0.476561	0.359097	0.402686	0.344270	0.874555	0.687501	-4.326666
L	-0.673727	-3.989631	0.733746	-0.066799	0.010369	0.945043	1.640939	0.722323	0.267757	1.120635
M	-1.806409	-4.326666	-0.374921	-2.691950	-3.289191	-2.691950	-1.355425	-2.182276	-2.819706	-2.182276
N	-2.574594	-3.989631	-0.350592	-0.399668	-0.212650	-0.374921	-0.190889	-0.086753	-1.307807	-6.574594
P	-6.574594	-4.767239	-2.466069	1.103126	1.094291	0.627530	-0.303130	-0.190889	-1.131650	0.083618
Q	0.065651	1.021596	-1.051032	0.314150	-0.086753	0.083618	-0.027699	0.778553	0.526069	-5.404669
R	1.460205	-3.716613	-0.503131	-0.867234	-0.047117	0.512869	0.029033	0.564958	-0.148329	-4.326666
S	1.315671	-3.487131	-0.643856	0.359097	0.526069	0.800446	0.029033	0.402686	1.137933	-1.806409
T	-0.614592	-4.326666	-1.131650	-0.735390	-0.833127	0.047458	0.029033	0.745079	0.993363	-1.563366
V	-0.833127	-3.289191	0.283387	-1.173714	-0.374921	0.101364	0.101364	0.964565	0.864198	-0.902168
W	-4.326666	-6.574594	-2.691950	-3.716613	-2.959884	-3.289191	-1.874154	-3.989631	-4.326666	-2.466069
Y	-0.476561	-4.326666	1.094291	-1.217042	-1.620397	-1.945237	-1.563366	-2.270813	-1.563366	2.121505
