A	2.695373	-1.958069	0.899912	0.086325	1.056881	0.351786	0.769851	0.723755	0.899912	1.606715	3.116964
C	-3.373107	-4.543032	-4.543032	-3.373107	-4.543032	-3.373107	-2.295104	-4.543032	-2.735677	-4.543032	-2.735677
D	-3.373107	-4.543032	-0.543032	1.728431	0.157408	0.899912	-0.333578	-0.928322	-1.685051	-2.295104	-3.373107
E	-4.543032	4.001933	-0.660389	2.419864	0.575909	0.857848	0.086325	-0.150714	-0.239251	0.351786	-3.373107
F	-1.083600	-4.543032	1.164327	-0.788144	0.351786	-0.333578	-0.928322	-0.150714	-1.685051	-1.685051	0.723755
G	0.157408	-3.373107	-2.735677	0.523057	1.231755	1.056881	1.198435	1.264323	-0.660389	-1.455569	-4.543032
H	-3.373107	-4.543032	-0.150714	-1.958069	-1.685051	-0.928322	0.011557	-1.455569	0.011557	-0.788144	-4.543032
I	-1.257630	-2.735677	1.473776	-0.543032	-0.928322	-0.660389	-0.928322	0.411164	0.723755	-0.434507	-1.257630
K	0.676137	-3.373107	-0.543032	-1.083600	-0.543032	0.351786	0.857848	0.626893	0.411164	0.523057	-4.543032
L	-0.067298	-0.543032	0.468195	0.011557	0.351786	-0.067298	0.225153	0.857848	0.769851	0.468195	1.019211
M	-1.685051	-4.543032	-0.239251	-3.373107	-1.685051	-3.373107	-2.295104	-2.295104	-1.455569	-2.735677	-1.685051
N	-4.543032	-4.543032	-0.660389	-1.083600	0.157408	-0.333578	0.289858	-0.333578	-0.788144	-1.083600	-4.543032
P	-3.373107	-3.373107	-1.685051	0.676137	1.056881	0.575909	0.011557	0.626893	-1.083600	-1.455569	0.086325
Q	-0.333578	0.523057	-0.434507	-0.150714	-0.543032	-0.333578	0.086325	-0.239251	0.980530	0.468195	-4.543032
R	1.528431	-4.543032	-0.067298	-1.685051	-0.434507	0.769851	0.011557	-0.150714	0.575909	-0.067298	-4.543032
S	1.056881	-3.373107	-1.257630	0.011557	1.019211	0.899912	0.769851	0.523057	1.019211	1.198435	-1.958069
T	-0.660389	-2.735677	-1.455569	-1.455569	-0.660389	-0.150714	0.086325	-0.067298	-0.067298	1.528431	-2.295104
V	-0.333578	-0.928322	0.468195	-0.928322	-0.660389	-0.788144	0.086325	0.575909	1.019211	0.857848	0.011557
W	-3.373107	-4.543032	-1.958069	-1.958069	-2.295104	-2.735677	-2.295104	-2.735677	-3.373107	-4.543032	-1.455569
Y	-0.150714	-4.543032	1.445653	-2.295104	-1.257630	-1.685051	-1.455569	-2.295104	-2.295104	-1.958069	1.774381
