A	2.375867	-2.392317	0.465664	0.192645	0.893085	-0.144390	0.695145	0.465664	0.695145	0.695145	1.607683	3.782608
C	-2.392317	-2.392317	-2.392317	-2.392317	-2.392317	-1.222392	-2.392317	-2.392317	-1.222392	-1.222392	-0.584963	-2.392317
D	-0.584963	-2.392317	-1.222392	1.490326	-1.222392	-0.144390	-0.144390	-1.222392	-0.144390	-1.222392	-0.584963	-2.392317
E	-2.392317	3.855610	-1.222392	1.607683	1.067114	-0.144390	0.465664	-0.584963	0.695145	-1.222392	0.192645	-2.392317
F	-1.222392	-2.392317	1.716207	-0.584963	0.893085	0.893085	0.192645	-2.392317	-1.222392	-1.222392	-2.392317	-0.144390
G	-0.144390	-2.392317	-2.392317	0.465664	0.695145	0.695145	0.695145	2.000000	1.067114	0.465664	-1.222392	-2.392317
H	-1.222392	-2.392317	-2.392317	-2.392317	-1.222392	-0.584963	-1.222392	-0.584963	-0.584963	-1.222392	-1.222392	-2.392317
I	-0.584963	-2.392317	1.222392	-1.222392	-0.584963	-0.144390	-2.392317	0.695145	0.893085	0.465664	0.695145	-2.392317
K	0.893085	-1.222392	0.192645	-0.144390	-2.392317	0.893085	0.465664	0.192645	0.893085	-0.144390	-1.222392	-2.392317
L	-1.222392	-0.144390	0.465664	0.192645	-0.144390	-1.222392	0.893085	-0.584963	-1.222392	0.695145	-1.222392	-0.584963
M	-1.222392	-2.392317	-0.584963	-1.222392	-2.392317	-2.392317	-2.392317	-1.222392	-2.392317	-0.584963	-2.392317	-2.392317
N	-2.392317	-2.392317	-0.584963	-0.144390	-1.222392	0.465664	0.695145	-0.144390	-2.392317	-0.584963	-0.584963	-2.392317
P	-2.392317	-2.392317	-1.222392	0.465664	1.911463	-0.144390	0.192645	1.362570	0.465664	0.893085	-1.222392	-1.222392
Q	0.192645	-1.222392	-0.584963	0.465664	-0.584963	0.465664	0.192645	0.192645	-0.144390	0.695145	-0.584963	-2.392317
R	0.893085	-2.392317	-1.222392	-2.392317	-1.222392	0.695145	0.465664	-0.584963	0.465664	-0.144390	-1.222392	-2.392317
S	1.222392	-1.222392	-2.392317	1.222392	1.222392	0.192645	1.067114	0.465664	-0.144390	0.465664	1.607683	-2.392317
T	0.465664	-1.222392	-0.584963	-0.584963	-1.222392	0.695145	-0.144390	-1.222392	0.695145	0.695145	0.192645	-2.392317
V	-0.584963	-1.222392	0.695145	-1.222392	-0.144390	-0.144390	-1.222392	0.192645	0.192645	0.893085	1.911463	-0.584963
W	-2.392317	-2.392317	-2.392317	-2.392317	-2.392317	-2.392317	-2.392317	-2.392317	-2.392317	-2.392317	-2.392317	-2.392317
Y	-0.584963	-2.392317	1.817136	-2.392317	-1.222392	-2.392317	-2.392317	-2.392317	-2.392317	-2.392317	-1.222392	-0.144390
