A	1.937939	-2.321928	1.171611	-0.094122	0.600069	0.263034	1.917984	3.350497
C	-3.399931	-4.569856	-4.569856	-4.569856	-3.399931	-3.399931	-2.321928	-0.955146
D	-4.569856	-2.321928	-0.814968	0.059501	-2.321928	-2.762501	-2.321928	-4.569856
E	-0.569856	4.077603	-1.284453	0.787696	-1.711875	-1.284453	1.102570	-3.399931
F	0.649313	-4.569856	1.360882	-0.955146	1.747557	-0.015267	-3.399931	-0.955146
G	0.496234	-4.569856	-2.321928	-0.015267	0.384341	-0.814968	0.130584	-4.569856
H	-0.360402	-3.399931	0.263034	-0.814968	-0.015267	-0.360402	-1.711875	-3.399931
I	-0.569856	-3.399931	0.787696	-0.015267	-0.177538	0.441372	-1.110424	-0.360402
K	0.263034	-4.569856	0.059501	0.873088	-0.461331	0.649313	0.059501	-2.762501
L	0.496234	-2.321928	-0.360402	0.913960	0.130584	1.237499	-0.461331	1.066769
M	-0.955146	-4.569856	-0.687213	-1.711875	-1.711875	-1.482393	-1.984893	-2.321928
N	-2.321928	-4.569856	-0.687213	-1.984893	-0.687213	-0.814968	-1.984893	-3.399931
P	-4.569856	-4.569856	-2.321928	1.446953	-0.015267	0.649313	-0.177538	0.130584
Q	-1.284453	0.743027	-0.955146	-0.266075	-0.569856	0.324962	0.130584	-2.321928
R	1.204931	-3.399931	1.137504	0.600069	-0.569856	1.605070	-0.569856	-2.762501
S	0.198329	-4.569856	-1.482393	0.263034	1.137504	0.059501	1.137504	-0.955146
T	0.059501	-4.569856	0.059501	-0.266075	0.441372	-0.094122	1.102570	-2.321928
V	-0.177538	-3.399931	0.441372	0.549085	1.137504	0.441372	1.137504	0.324962
W	-3.399931	-4.569856	-1.984893	-4.569856	-2.321928	-2.762501	-4.569856	-3.399931
Y	0.743027	-4.569856	1.030057	-1.711875	-1.711875	-1.984893	-2.321928	0.743027
