A	1.960016	-2.253112	1.340614	0.569234	0.485044	0.425173	0.646502	1.519312	2.665527
C	-5.226145	-8.981032	-3.969805	-5.695630	-5.098389	-3.623480	-3.668149	-3.811107	-2.154484
D	-3.862091	-3.761864	-0.783815	0.958914	-0.455511	-2.047341	-2.270226	-2.473237	-7.811107
E	-0.700261	3.682359	-1.113753	1.662599	-0.120721	-0.643410	0.222928	0.818250	-5.521600
F	-0.604907	-8.981032	0.507812	-1.176901	0.247185	0.583594	-1.627885	-2.047341	1.220173
G	0.722006	-7.811107	-1.201313	0.451510	0.728483	0.176315	-1.366322	-0.393255	-4.148142
H	-0.853038	-6.123051	-0.034126	-1.422611	-0.360812	-0.694474	0.150825	-0.885635	-2.554767
I	-0.648996	-6.123051	1.047910	-0.583357	0.115024	0.490135	0.216799	-0.974005	-0.789973
K	0.785497	-4.426443	0.756215	0.147607	0.520308	0.150825	0.535160	0.728483	-3.381119
L	-0.156073	-2.733105	0.207557	0.334684	0.787566	1.141472	1.165537	0.095115	1.650145
M	-1.695630	-4.086214	-0.814869	-2.493192	-2.340787	-1.531883	-1.531883	-2.253112	-1.348037
N	-1.766713	-8.981032	0.098453	-0.677251	-0.338078	-0.859499	-0.562125	-1.060679	-6.123051
P	-6.396070	-6.396070	-2.358980	1.284583	0.706781	0.282824	0.365482	-0.932545	0.552298
Q	0.047565	2.639990	-0.551625	0.141149	-0.148142	0.265115	0.590721	0.559580	-5.695630
R	1.248988	-2.322821	0.472239	-0.594092	0.285754	0.154036	0.632757	0.207557	-6.123051
S	1.303503	-5.366322	0.157240	0.552298	0.604869	0.593088	0.417177	1.277240	-2.018136
T	0.071536	-5.366322	-0.515466	-0.594092	0.005521	0.505300	0.495208	0.912269	-2.322821
V	-0.333574	-3.538089	0.583594	-0.450626	0.334684	0.900847	0.889333	0.957077	0.279887
W	-3.497216	-8.981032	-2.883000	-3.497216	-2.964224	-2.270226	-3.862091	-5.521600	-1.707236
Y	-0.229488	-8.981032	0.337511	-2.219481	-1.321036	-1.754620	-1.880370	-2.123051	1.660342
