A	0.012588	2.768094	1.591969	-0.331795	0.671737	0.422044	0.170705	0.757331	1.563736	-4.196866
C	-6.004220	-3.146239	-4.196866	-4.196866	-4.834295	-4.834295	-3.419258	-2.544789	-3.756293	-6.004220
D	-6.004220	-3.756293	0.869224	1.733872	0.636024	0.119901	-0.441978	-1.528487	-2.004220	-6.004220
E	-3.756293	-2.249333	-1.449632	1.173199	0.671737	-0.015536	-0.646668	0.145527	0.653991	-6.004220
F	2.569427	-1.794767	1.326696	-1.374864	-0.885279	-1.303781	-0.520405	-1.895696	-0.938131	2.241332
G	-2.249333	-1.700440	-2.121577	0.706586	1.413632	1.495625	1.601259	-0.646668	-1.236036	-4.834295
H	-0.229433	-2.916758	-1.611903	-1.700440	-0.331795	-0.229433	-0.015536	0.379484	-1.303781	-6.004220
I	0.357723	-0.331795	1.015370	-1.449632	-1.171330	-0.938131	-0.073483	0.119901	-1.236036	-2.916758
K	-0.561277	-4.196866	-1.374864	-0.834295	-1.303781	-0.103354	0.040174	-0.691338	-0.561277	-6.004220
L	0.400921	0.503574	0.335630	-1.050024	-0.737434	-0.885279	1.001404	0.723700	-0.520405	3.645934
M	-0.785052	-3.146239	-0.691338	-2.544789	-2.718818	-3.419258	-1.700440	-1.449632	-2.544789	0.503574
N	-2.718818	-3.419258	-1.171330	-0.044219	-0.044219	-0.133856	0.335630	-0.015536	-1.109403	-6.004220
P	-6.004220	1.591969	-1.303781	2.310929	1.807957	1.628775	1.001404	-0.073483	-1.171330	-6.004220
Q	-2.916758	0.093812	-1.449632	-0.561277	-0.262753	-0.367596	-0.737434	0.542674	-0.044219	-6.004220
R	-0.103354	-2.544789	-2.249333	-1.794767	-0.885279	-0.646668	-0.331795	-0.196866	-0.262753	-6.004220
S	-0.073483	0.706586	0.145527	0.400921	0.542674	1.056475	0.313192	0.580742	1.893625	-4.196866
T	-0.561277	0.170705	-1.171330	-0.691338	-0.103354	0.653991	0.012588	1.042903	1.554200	-4.834295
V	0.580742	1.281182	0.740613	-0.834295	-0.296861	-0.044219	0.170705	1.348926	0.790195	-1.794767
W	-2.916758	-4.834295	-2.004220	-3.419258	-2.916758	-4.196866	-6.004220	-4.834295	-3.146239	-4.834295
Y	1.823916	-3.146239	1.315452	-2.544789	-1.171330	-1.794767	-1.528487	-1.528487	-0.691338	-0.834295
