A	0.345050	3.308200	0.913039	0.682085	0.955103	0.212600	0.523387	0.825043	0.466356	1.711832	-4.487840
C	-4.487840	-4.487840	-3.317915	-4.487840	-3.317915	-2.239913	-3.317915	-3.317915	-4.487840	-3.317915	-4.487840
D	-4.487840	-3.317915	0.682085	1.687086	0.466356	0.578249	0.406978	-0.487840	-1.028408	-1.400377	-4.487840
E	-2.680485	-2.239913	-1.400377	1.074402	-0.278387	0.682085	-0.184059	-0.012107	-0.095523	0.869712	-4.487840
F	2.638864	-2.680485	1.500845	-1.028408	-0.873130	-1.202438	-1.202438	-1.202438	-1.902878	-1.202438	1.610192
G	-2.680485	-1.629859	-2.239913	0.682085	1.472162	1.636281	1.219519	1.806781	-0.278387	-1.202438	-4.487840
H	-0.184059	-3.317915	-0.873130	-1.629859	-0.732953	-1.629859	-0.278387	-0.487840	0.066749	-1.902878	-4.487840
I	-0.278387	-0.605197	1.074402	-1.902878	-1.202438	-0.278387	-0.379316	-0.732953	0.523387	-0.873130	-2.239913
K	-1.629859	-3.317915	-1.400377	-0.605197	-0.732953	-0.278387	0.280344	0.066749	-1.400377	-0.732953	-4.487840
L	0.345050	-0.487840	1.112073	-1.202438	-1.400377	-0.278387	0.406978	0.141517	1.035722	-0.012107	3.810223
M	-0.873130	-2.680485	-1.400377	-4.487840	-2.680485	-3.317915	-2.239913	-1.629859	-2.239913	-1.629859	0.778947
N	-1.902878	-4.487840	-1.202438	-0.732953	-0.873130	-0.873130	-1.028408	0.212600	-0.095523	-2.239913	-4.487840
P	-4.487840	1.035722	-1.028408	2.188117	2.097122	1.074402	1.253627	0.466356	-0.487840	-0.487840	-4.487840
Q	-3.317915	-1.400377	-1.629859	-1.629859	-0.732953	-0.732953	0.280344	-0.487840	0.682085	-0.487840	-4.487840
R	-0.605197	-1.629859	-3.317915	-1.629859	-1.400377	-0.012107	-1.202438	-0.732953	-0.012107	-1.202438	-4.487840
S	0.523387	0.778947	-0.487840	0.682085	1.035722	1.253627	0.913039	0.578249	1.610192	1.661907	-4.487840
T	-0.732953	0.280344	-0.873130	-0.278387	-0.379316	0.466356	0.345050	0.682085	0.466356	1.286947	-4.487840
V	0.466356	0.631101	1.074402	-0.873130	0.141517	-0.487840	0.066749	0.280344	0.869712	1.074402	-3.317915
W	-4.487840	-4.487840	-1.629859	-4.487840	-3.317915	-3.317915	-2.680485	-4.487840	-4.487840	-4.487840	-4.487840
Y	1.895864	-2.239913	1.253627	-1.400377	-1.202438	-1.902878	-1.902878	-1.028408	-1.400377	-0.012107	-1.902878
