A	0.493040	3.464281	0.830075	-0.584963	1.103093	0.830075	0.830075	0.493040	1.103093	0.493040	0.493040	-1.754888
C	-1.754888	-1.754888	-1.754888	-1.754888	-1.754888	-1.754888	-1.754888	-0.584963	-1.754888	-0.584963	-1.754888	-1.754888
D	-1.754888	-1.754888	-0.584963	1.704544	-0.584963	-1.754888	0.830075	-0.584963	0.052467	-1.754888	-0.584963	-1.754888
E	-1.754888	-1.754888	-0.584963	0.493040	-0.584963	0.830075	-1.754888	0.493040	-1.754888	-0.584963	0.052467	-1.754888
F	2.799701	-1.754888	1.332575	-1.754888	-0.584963	-0.584963	-1.754888	-0.584963	-1.754888	0.052467	0.493040	1.332575
G	-1.754888	-1.754888	-0.584963	0.830075	0.493040	1.530515	1.103093	1.103093	2.127756	-0.584963	-0.584963	-1.754888
H	-1.754888	-1.754888	-1.754888	-1.754888	-0.584963	0.052467	-1.754888	-0.584963	-0.584963	0.052467	-0.584963	-1.754888
I	-0.584963	0.052467	2.000000	-0.584963	-0.584963	-1.754888	-0.584963	-0.584963	0.052467	-0.584963	-0.584963	-0.584963
K	-1.754888	-1.754888	-1.754888	0.052467	0.493040	-1.754888	-0.584963	-0.584963	-1.754888	-0.584963	0.052467	-1.754888
L	-1.754888	-1.754888	0.830075	-0.584963	-0.584963	-0.584963	0.830075	0.052467	0.052467	1.332575	-1.754888	3.415037
M	-0.584963	-1.754888	-1.754888	-1.754888	-1.754888	-0.584963	-0.584963	-1.754888	-0.584963	-0.584963	-0.584963	0.493040
N	-1.754888	-1.754888	-1.754888	-1.754888	-0.584963	-0.584963	-0.584963	0.493040	-0.584963	0.052467	-0.584963	-1.754888
P	-1.754888	0.052467	-1.754888	1.704544	2.454566	0.493040	0.830075	0.493040	-0.584963	0.052467	-0.584963	-1.754888
Q	-1.754888	-1.754888	-1.754888	-0.584963	-0.584963	-1.754888	-0.584963	0.493040	-0.584963	0.052467	-0.584963	-1.754888
R	-0.584963	-1.754888	-1.754888	-1.754888	-0.584963	0.493040	0.493040	-0.584963	0.493040	-0.584963	-1.754888	-1.754888
S	0.830075	0.493040	-0.584963	1.332575	0.052467	1.332575	1.332575	0.830075	0.493040	1.103093	1.704544	-1.754888
T	-1.754888	-0.584963	-0.584963	0.052467	-0.584963	0.830075	-0.584963	0.830075	0.493040	1.332575	1.530515	-1.754888
V	1.103093	-0.584963	-0.584963	-1.754888	-1.754888	-1.754888	0.052467	-0.584963	0.052467	-0.584963	1.103093	-1.754888
W	-0.584963	-1.754888	-0.584963	-0.584963	-1.754888	-1.754888	-1.754888	-1.754888	-1.754888	-1.754888	-1.754888	-1.754888
Y	0.830075	-1.754888	1.530515	-1.754888	-0.584963	-0.584963	-1.754888	-1.754888	-1.754888	-1.754888	-1.754888	-1.754888
