A	-0.643856	2.970854	-0.643856	-0.643856	-0.643856	0.526069	0.526069	0.526069	0.526069	0.526069	0.526069	1.163499	-0.643856
C	-0.643856	-0.643856	-0.643856	-0.643856	-0.643856	0.526069	-0.643856	-0.643856	-0.643856	-0.643856	-0.643856	-0.643856	-0.643856
D	-0.643856	-0.643856	0.526069	0.526069	-0.643856	-0.643856	0.526069	1.163499	1.163499	0.526069	0.526069	-0.643856	-0.643856
E	-0.643856	-0.643856	-0.643856	1.163499	-0.643856	0.526069	0.526069	0.526069	-0.643856	-0.643856	-0.643856	-0.643856	-0.643856
F	2.641546	-0.643856	1.163499	-0.643856	-0.643856	-0.643856	-0.643856	0.526069	-0.643856	0.526069	-0.643856	-0.643856	-0.643856
G	-0.643856	-0.643856	-0.643856	0.526069	0.526069	-0.643856	0.526069	-0.643856	0.526069	-0.643856	-0.643856	-0.643856	-0.643856
H	-0.643856	-0.643856	-0.643856	-0.643856	-0.643856	-0.643856	-0.643856	-0.643856	-0.643856	-0.643856	-0.643856	-0.643856	-0.643856
I	-0.643856	-0.643856	1.163499	-0.643856	-0.643856	0.526069	-0.643856	-0.643856	-0.643856	0.526069	0.526069	-0.643856	-0.643856
K	0.526069	-0.643856	-0.643856	-0.643856	-0.643856	-0.643856	-0.643856	-0.643856	1.163499	-0.643856	-0.643856	-0.643856	-0.643856
L	-0.643856	-0.643856	-0.643856	-0.643856	0.526069	-0.643856	0.526069	-0.643856	0.526069	-0.643856	0.526069	-0.643856	2.815575
M	-0.643856	-0.643856	0.526069	0.526069	-0.643856	-0.643856	-0.643856	-0.643856	-0.643856	-0.643856	-0.643856	-0.643856	0.526069
N	-0.643856	-0.643856	-0.643856	-0.643856	-0.643856	1.163499	0.526069	-0.643856	-0.643856	-0.643856	-0.643856	0.526069	-0.643856
P	-0.643856	-0.643856	-0.643856	1.604071	1.941106	1.163499	-0.643856	-0.643856	0.526069	0.526069	1.163499	-0.643856	-0.643856
Q	-0.643856	-0.643856	-0.643856	-0.643856	-0.643856	-0.643856	-0.643856	-0.643856	-0.643856	-0.643856	-0.643856	0.526069	-0.643856
R	-0.643856	-0.643856	-0.643856	-0.643856	-0.643856	0.526069	0.526069	-0.643856	0.526069	0.526069	1.163499	-0.643856	-0.643856
S	0.526069	-0.643856	-0.643856	0.526069	1.604071	-0.643856	-0.643856	1.604071	-0.643856	1.163499	-0.643856	1.163499	-0.643856
T	-0.643856	-0.643856	-0.643856	-0.643856	-0.643856	-0.643856	-0.643856	0.526069	-0.643856	0.526069	-0.643856	1.163499	-0.643856
V	-0.643856	-0.643856	-0.643856	-0.643856	-0.643856	-0.643856	1.163499	-0.643856	-0.643856	-0.643856	0.526069	0.526069	-0.643856
W	-0.643856	-0.643856	0.526069	-0.643856	-0.643856	-0.643856	-0.643856	-0.643856	-0.643856	-0.643856	-0.643856	-0.643856	-0.643856
Y	-0.643856	-0.643856	1.163499	-0.643856	-0.643856	-0.643856	-0.643856	-0.643856	-0.643856	-0.643856	-0.643856	-0.643856	-0.643856
