A	0.612104	3.111110	1.270573	-0.507706	0.942169	0.106510	1.447270	-5.991522
C	-2.904059	-4.821597	-4.184167	-4.184167	-5.991522	-4.184167	-2.904059	-5.991522
D	-3.133541	-4.184167	1.185898	-0.090655	-1.515788	-2.904059	-1.515788	-5.991522
E	-3.406559	-5.991522	-1.782068	0.496318	-1.223338	-1.037326	1.632360	-5.991522
F	2.259961	-1.436933	0.370422	-1.599204	-1.782068	-1.037326	-1.687741	0.701965
G	-3.406559	-1.291082	0.770029	-0.152318	2.529097	-1.782068	-2.706120	-5.991522
H	-0.002837	-4.184167	0.736399	-0.031520	0.106510	0.535955	-0.821597	-5.991522
I	0.434743	-0.216735	0.079941	-0.467960	-0.216735	-0.090655	-0.772353	-1.096704
K	-1.782068	-5.991522	-0.184167	0.786555	-1.515788	0.232480	-0.319097	-5.991522
L	0.666690	-0.980295	0.256406	0.648723	-0.980295	1.508324	0.079941	3.973902
M	-0.548578	-2.706120	-1.158632	-3.406559	-3.133541	-1.515788	-2.236634	0.158225
N	-1.687741	-2.904059	-0.284163	-0.633970	-0.772353	-0.980295	-1.782068	-5.991522
P	-5.991522	-0.429279	-0.121157	1.557300	1.198303	0.927341	-1.882997	-5.991522
Q	-2.376812	0.025286	-0.925433	-0.821597	-1.096704	0.455561	0.025286	-5.991522
R	-1.362165	-3.743594	-0.821597	0.455561	-0.250055	1.198303	-0.678639	-5.991522
S	0.052872	1.779968	0.232480	-0.090655	0.666690	0.819050	1.198303	-5.991522
T	-0.354897	0.897221	-0.925433	0.850828	-0.002837	-0.152318	1.069174	-5.991522
V	0.630530	0.630530	-0.284163	1.014103	0.455561	0.719285	1.508324	-0.980295
W	-3.743594	-5.991522	-1.782068	-3.133541	-5.991522	-3.406559	-5.991522	-5.991522
Y	1.994320	-4.184167	0.106510	-2.532090	-2.706120	-2.108879	-0.872581	-1.515788
