A	0.812507	2.210220	1.279899	0.210360	0.428604	0.481550	0.425004	1.465402	-2.549276
C	-3.902703	-4.166703	-3.786854	-5.358520	-3.659099	-2.987153	-3.486460	-2.987153	-6.371817
D	-2.719437	-8.319350	0.785624	1.419105	-0.496893	-0.668298	-1.520299	-2.440204	-10.126704
E	-1.887106	-4.419345	-1.050557	1.703910	0.133039	-0.465372	0.109310	1.167342	-10.126704
F	1.423922	-1.973152	0.409300	-2.071422	-0.622879	-0.194121	-1.333914	-1.511075	1.815352
G	-1.333914	-1.483750	-2.184190	0.803294	0.654450	0.607582	-2.057926	-1.190803	-10.126704
H	-0.184923	-3.743000	-0.277690	-1.247121	0.258349	-0.454279	0.669741	-0.635352	-6.511995
I	0.394651	0.215926	1.178787	-1.713077	0.175077	0.808829	0.210360	-1.524934	-0.400061
K	0.561327	-5.650971	-0.118626	-0.080604	0.368651	-0.562079	-0.267946	0.232496	-10.126704
L	0.596956	1.518166	0.242075	-0.658080	0.258349	0.780937	0.939048	-0.323381	3.430759
M	-0.782964	-1.136601	-0.576439	-3.193014	-2.521225	-1.756017	-1.456934	-2.397084	0.282421
N	-1.105030	-4.683761	-0.038579	-0.683761	-0.025385	-0.583673	-0.526792	-1.040568	-10.126704
P	-7.541742	1.242893	-0.704640	1.847531	0.874528	0.308705	0.689879	-1.591429	-10.126704
Q	-1.147279	1.160142	-0.707271	-0.216437	-0.358107	-0.315330	0.527036	0.335798	-10.126704
R	0.289037	-2.795788	-0.830936	-1.183457	-0.018834	-0.378931	0.201970	-0.266005	-10.126704
S	1.027164	0.429802	0.515799	0.632768	0.684871	0.968198	0.789362	1.645816	-10.126704
T	0.273107	0.180781	-0.428000	-0.508319	0.240710	0.692876	0.687878	1.253080	-6.841302
V	0.632768	1.234005	0.725435	-1.084361	0.692876	1.080005	0.965722	0.827128	0.674802
W	-3.504653	-5.734387	-2.667273	-3.927032	-2.657063	-4.725825	-3.638864	-6.371817	-3.679621
Y	0.912729	-1.172508	0.183624	-2.511995	-1.278082	-1.515680	-1.421936	-0.922745	0.878043
