A	-0.643856	-0.643856	0.526069	-0.643856	-0.643856	-0.643856	0.526069	0.526069	-0.643856	0.526069	-0.643856
C	-0.643856	-0.643856	-0.643856	-0.643856	-0.643856	-0.643856	-0.643856	-0.643856	-0.643856	-0.643856	-0.643856
D	1.163499	0.526069	-0.643856	-0.643856	1.163499	1.163499	-0.643856	-0.643856	-0.643856	-0.643856	-0.643856
E	1.163499	2.443607	1.163499	1.163499	-0.643856	0.526069	0.526069	-0.643856	1.163499	-0.643856	-0.643856
F	0.526069	-0.643856	-0.643856	-0.643856	0.526069	0.526069	0.526069	-0.643856	-0.643856	-0.643856	2.214125
G	-0.643856	-0.643856	-0.643856	0.526069	0.526069	0.526069	-0.643856	0.526069	-0.643856	-0.643856	-0.643856
H	-0.643856	-0.643856	-0.643856	-0.643856	-0.643856	-0.643856	-0.643856	-0.643856	0.526069	0.526069	-0.643856
I	-0.643856	-0.643856	0.526069	-0.643856	0.526069	0.526069	1.163499	1.604071	-0.643856	-0.643856	-0.643856
K	-0.643856	-0.643856	-0.643856	-0.643856	-0.643856	-0.643856	0.526069	-0.643856	-0.643856	1.163499	-0.643856
L	-0.643856	-0.643856	0.526069	1.163499	0.526069	-0.643856	0.526069	-0.643856	0.526069	0.526069	-0.643856
M	0.526069	-0.643856	-0.643856	-0.643856	-0.643856	-0.643856	-0.643856	1.163499	0.526069	-0.643856	-0.643856
N	-0.643856	-0.643856	-0.643856	-0.643856	-0.643856	-0.643856	-0.643856	0.526069	1.163499	-0.643856	-0.643856
P	-0.643856	0.526069	-0.643856	1.163499	0.526069	-0.643856	-0.643856	-0.643856	-0.643856	-0.643856	-0.643856
Q	-0.643856	-0.643856	-0.643856	-0.643856	-0.643856	-0.643856	-0.643856	-0.643856	-0.643856	-0.643856	-0.643856
R	-0.643856	-0.643856	-0.643856	-0.643856	-0.643856	1.163499	-0.643856	-0.643856	0.526069	0.526069	-0.643856
S	0.526069	-0.643856	0.526069	0.526069	-0.643856	-0.643856	0.526069	-0.643856	-0.643856	0.526069	-0.643856
T	-0.643856	-0.643856	-0.643856	-0.643856	0.526069	-0.643856	0.526069	0.526069	0.526069	1.163499	-0.643856
V	-0.643856	0.526069	0.526069	-0.643856	-0.643856	0.526069	-0.643856	-0.643856	-0.643856	-0.643856	-0.643856
W	-0.643856	-0.643856	-0.643856	-0.643856	-0.643856	-0.643856	-0.643856	-0.643856	-0.643856	-0.643856	-0.643856
Y	1.163499	-0.643856	1.163499	0.526069	0.526069	-0.643856	-0.643856	-0.643856	-0.643856	-0.643856	1.941106
