A	-2.493539	-4.741467	0.659412	0.091423	1.620477	0.659412	1.128898	-2.156504
C	-4.741467	-4.741467	-4.741467	-2.934112	-4.741467	-4.741467	-2.934112	-4.741467
D	2.936253	-1.126757	-1.654004	-1.126757	-3.571542	-2.156504	-1.282035	-4.741467
E	0.858446	4.230795	-1.456065	1.356565	-2.156504	1.033320	1.033320	-4.741467
F	-1.883486	-4.741467	1.329995	-0.632943	1.356565	-0.186878	-2.156504	2.589450
G	-2.156504	-4.741467	-0.986579	-0.858824	-0.858824	-2.493539	-0.986579	-4.741467
H	-0.112110	-4.741467	0.091423	-1.456065	-2.493539	0.477702	-0.186878	-1.883486
I	-0.349150	-4.741467	0.965892	1.275341	1.408280	0.324622	-0.986579	-0.349150
K	-2.934112	-4.741467	-0.186878	0.428458	-3.571542	-0.041027	1.033320	-4.741467
L	-0.041027	-3.571542	1.329995	1.862159	0.659412	0.428458	0.477702	1.843496
M	-1.126757	-4.741467	-0.349150	-2.156504	-0.858824	-1.883486	-1.126757	0.324622
N	1.247218	-4.741467	-0.265734	-1.126757	-1.883486	-0.186878	-1.883486	-4.741467
P	-4.741467	-3.571542	-3.571542	-0.112110	-2.934112	-0.112110	-4.741467	-4.741467
Q	-2.156504	-4.741467	-0.349150	0.091423	-3.571542	0.428458	0.212729	-4.741467
R	-3.571542	-4.741467	-0.632943	-0.265734	-4.741467	-0.186878	-0.041027	-4.741467
S	0.091423	-4.741467	-0.986579	-0.741467	0.377474	-0.112110	0.525320	-4.741467
T	0.659412	-4.741467	0.153351	-0.349150	0.428458	0.820775	1.189270	-4.741467
V	-0.349150	-4.741467	1.506461	0.616085	2.332674	1.097737	1.433459	-0.186878
W	-4.741467	-4.741467	-4.741467	-4.741467	-4.741467	-4.741467	-4.741467	-4.741467
Y	-1.456065	-4.741467	-0.632943	-1.456065	-2.493539	-0.112110	-1.654004	2.707682
