A	-3.000000	-3.000000	0.459432	0.258734	-1.192645	-0.106915	0.258734	1.554589	-1.719892
C	-3.000000	-4.807355	-4.807355	-4.807355	-4.807355	-3.637430	-3.000000	-1.719892	-4.807355
D	2.939159	-1.521953	-1.052467	1.000000	-1.719892	-0.924712	-0.924712	-1.192645	-4.807355
E	1.554589	4.005625	-0.597902	1.660251	-1.347923	-0.106915	1.597787	0.792558	-4.807355
F	-1.347923	-4.807355	1.814697	-0.807355	1.152647	0.025535	-2.222392	-2.222392	2.770074
G	-3.000000	-4.807355	-0.924712	0.025535	-1.052467	-0.807355	-1.052467	-0.415037	-4.807355
H	-0.106915	-4.807355	0.411814	-1.949374	-0.698830	-0.252766	0.203872	-0.039171	-1.521953
I	-0.597902	-3.000000	0.754888	0.593525	1.093512	1.237039	0.258734	-1.949374	-2.559427
K	-2.559427	-3.637430	-0.177998	0.146841	-0.415037	1.000000	-0.252766	0.146841	-3.000000
L	-0.503574	-1.949374	0.792558	0.829270	2.512317	1.342392	0.635589	-0.415037	1.181330
M	-1.192645	-4.807355	-1.347923	-1.949374	-0.807355	-2.559427	-1.192645	-1.521953	-0.039171
N	0.676461	-4.807355	0.203872	-0.924712	-1.347923	-1.521953	-0.698830	-0.924712	-4.807355
P	-3.637430	-3.000000	-4.807355	0.593525	-1.521953	0.754888	-0.698830	-3.000000	-4.807355
Q	-2.559427	-2.559427	-0.807355	0.087463	-0.597902	-0.252766	0.258734	0.505528	-4.807355
R	-1.719892	-0.698830	-0.698830	-0.924712	-0.698830	-0.698830	-0.252766	0.505528	-4.807355
S	0.146841	-2.559427	-0.597902	-0.039171	0.087463	-0.106915	0.087463	1.464108	-3.637430
T	-0.039171	-1.521953	0.258734	-0.252766	-1.052467	-0.252766	0.792558	0.934112	-4.807355
V	-0.415037	0.362570	0.676461	0.459432	0.900004	1.123382	1.316766	0.716207	-2.559427
W	-4.807355	-4.807355	-3.637430	-4.807355	-4.807355	-4.807355	-4.807355	-4.807355	-4.807355
Y	-0.503574	-4.807355	0.550197	-1.949374	-0.177998	-0.807355	-0.597902	-1.521953	3.067626
