A	-1.405413 1.112233 2.102302 1.544218 0.766471 1.568275 1.666638 0.978787 -0.747415
C	-7.751809 -7.751983 -2.752359 -6.895745 -7.751398 -7.751063 -7.750907 -7.750982 -4.240747
D	-0.317150 -0.115788 -0.555914 -1.857051 0.916382 1.868710 -0.387453 -0.516281 2.959496
E	-0.904716 1.136520 -0.064555 0.226504 0.193941 -0.837259 1.222372 1.580609 3.082829
F	2.165687 -1.964207 -0.272848 -0.429930 -1.126467 -2.676551 -1.563275 -1.236667 -3.003964
G	-2.117662 -1.174419 0.506080 -2.154095 -0.154528 -2.961555 -1.127053 -0.006840 -1.077492
H	-7.524019 -0.505640 -6.959950 -7.714241 -1.896899 -7.736510 -1.726386 -1.081302 -4.343264
I	2.233459 0.286543 -0.014106 2.422185 0.252181 -0.823948 -0.045994 -0.526128 -3.631030
K	-6.991923 0.890302 -0.802708 -7.556562 0.716027 -6.127738 -2.744216 0.328041 -2.351334
L	0.396070 -0.578568 -0.148241 1.146199 -0.354759 -7.381871 1.158815 1.158014 -3.563028
M	-2.256618 -2.461083 -2.419394 -0.049944 -2.201152 -3.547368 -1.708510 -4.220977 -6.440780
N	-4.043939 -0.009545 0.158795 -3.057303 -0.030510 -0.237316 1.449186 -1.763514 -3.309711
P	-2.144750 -6.932002 -0.385356 -7.521801 1.192333 0.396782 0.843653 1.001197 -3.210664
Q	-7.334154 -0.088157 -1.306894 -1.868595 -0.538861 -3.421525 0.024643 0.009574 -0.827354
R	-0.901322 0.477033 -1.080277 -5.422672 -0.747875 -7.695046 -3.904648 0.703622 -1.452049
S	-3.385352 0.257486 1.155361 -0.063889 0.878074 1.521443 0.290792 0.133713 -1.216994
T	-3.172070 0.392161 1.030350 -0.261728 0.673213 1.722064 -0.834895 -0.742637 -4.102996
V	-0.498933 1.398974 0.520449 1.840814 0.789734 1.655068 0.176065 0.232086 -1.305945
W	-0.007031 -2.252831 -7.726319 -2.774674 -7.411800 -7.737427 -2.324241 -4.173522 -7.725879
Y	2.196922 -0.524799 -0.877441 -2.546163 -3.479958 -1.883997 -2.027487 -1.509660 -4.502129
