A	0.405256	1.419903	0.899071	-0.351472	-0.961526	1.000000	-0.351472	-0.121991	-3.209453
C	-3.209453	-3.209453	-3.209453	-3.209453	-3.209453	-3.209453	-3.209453	-2.039528	-3.209453
D	-3.209453	-3.209453	2.629750	0.673190	2.191426	0.075949	1.094327	-0.351472	-3.209453
E	-3.209453	-3.209453	-0.351472	1.345135	1.744743	-0.121991	1.419903	0.075949	-3.209453
F	-1.402098	-3.209453	0.790547	-1.402098	-0.121991	0.249978	-0.961526	-2.039528	3.375509
G	-0.121991	-0.961526	-0.351472	-0.961526	-0.351472	0.075949	-2.039528	-1.402098	-3.209453
H	-0.961526	-3.209453	-2.039528	-2.039528	-0.624491	-1.402098	-0.351472	0.249978	-3.209453
I	1.182864	-0.624491	0.545434	0.673190	0.249978	0.075949	-0.121991	-2.039528	-0.121991
K	2.462972	-3.209453	-3.209453	1.419903	0.075949	0.249978	-3.209453	1.094327	-3.209453
L	0.249978	-0.624491	0.405256	-0.121991	1.266280	0.899071	1.000000	0.899071	1.266280
M	-2.039528	-2.039528	-1.402098	-3.209453	-1.402098	-0.961526	-2.039528	-2.039528	-0.624491
N	-3.209453	-3.209453	-0.961526	-1.402098	-0.961526	0.899071	0.075949	0.673190	-3.209453
P	-3.209453	-3.209453	0.075949	1.182864	-1.402098	-0.624491	-1.402098	-3.209453	-3.209453
Q	-0.961526	-3.209453	-0.961526	-0.624491	-2.039528	-0.121991	0.673190	0.545434	-3.209453
R	0.899071	-3.209453	-3.209453	0.075949	-0.624491	-0.351472	-0.624491	0.075949	-3.209453
S	0.075949	2.274362	-0.961526	-0.351472	-0.624491	-1.402098	0.899071	0.899071	-3.209453
T	0.075949	2.750549	-3.209453	0.075949	-0.351472	0.545434	0.075949	1.685364	-3.209453
V	1.182864	1.266280	0.545434	0.790547	-0.961526	0.899071	1.182864	-0.351472	-1.402098
W	-3.209453	-3.209453	-2.039528	-2.039528	-2.039528	-3.209453	-3.209453	-3.209453	1.266280
Y	-2.039528	-3.209453	-0.961526	-1.402098	-3.209453	-0.624491	-0.961526	-0.961526	0.545434
