A	-4.368664 1.112380 1.231998 0.807183 0.723609 2.769793 0.492331 0.902784 0.081732
C	-9.401053 -4.188907 -3.835895 -6.870106 -5.728950 -2.460420 -4.419285 -5.914496 -3.369296
D	-3.540583 -0.959750 -0.917308 -1.986033 -1.008949 -3.351716 -2.623294 -0.591249 -2.119454
E	-2.493947 0.869655 -0.198245 0.658265 0.569452 -2.280489 0.775890 1.279733 -1.242642
F	-0.424839 0.101144 0.491426 -1.404023 -1.555503 -0.403240 -1.787139 -2.282818 -1.755834
G	-4.408527 -1.628689 0.908326 -1.609658 -1.302020 0.158443 -1.848453 -0.696092 -2.209615
H	-3.430537 -1.841136 -1.583013 0.435411 -0.922057 -5.326969 0.401414 -0.624577 -3.476961
I	-0.587433 0.741414 0.384558 0.415252 0.693348 0.453801 -1.172760 -0.305125 1.364203
K	3.266829 0.034810 -1.307523 2.080501 0.933715 -3.664489 1.583442 1.355287 -1.041964
L	-0.447603 1.224386 0.655887 -0.089648 1.592799 -0.116651 1.168283 0.466538 2.972509
M	-3.970173 -1.637845 -1.972585 -2.663637 -1.173020 -2.162325 -1.981844 -2.420979 -1.306588
N	-5.230945 -0.873482 -0.693780 -0.803197 -0.501786 -2.346427 0.302996 -0.382679 -1.457918
P	-4.522622 -2.726180 -0.810617 -1.138804 0.249305 1.414514 -1.658629 -0.154451 -3.913455
Q	-2.058341 -0.220207 -0.517032 -0.140062 -0.223899 -3.423167 1.603758 0.174915 -2.156434
R	2.684805 -0.172913 -2.435211 -1.616738 -0.346757 -6.120816 0.965108 0.819045 -2.840821
S	-6.026590 -0.021456 0.885916 0.909125 -0.188624 0.689804 -1.025107 0.626876 -0.503822
T	-4.003633 0.111144 -0.210376 0.634149 0.394374 -0.398737 -1.295284 0.017634 -0.519077
V	-1.304776 1.229083 0.903828 0.724703 0.765284 1.416851 -0.065802 0.139910 1.991782
W	-6.250515 -1.378787 -0.741455 -3.340952 -4.416158 -4.319794 -3.341596 -4.644816 -5.200303
Y	-1.064127 0.233925 0.823844 -1.996542 -0.707072 -2.821711 -1.523388 -1.484445 -3.736662
