A	0.857042	1.557482	0.520007	0.079434	-1.727920	0.857042	-1.727920	1.886789	0.520007
C	-1.727920	-0.557995	-1.727920	-1.727920	-1.727920	-1.727920	-1.727920	-1.727920	-1.727920
D	1.886789	-1.727920	-0.557995	1.130061	-0.557995	-1.727920	-0.557995	-1.727920	-1.727920
E	-0.557995	-0.557995	-0.557995	1.886789	-1.727920	-1.727920	1.557482	0.520007	-1.727920
F	0.520007	-1.727920	1.557482	-1.727920	0.079434	-1.727920	-0.557995	-1.727920	1.886789
G	-1.727920	0.079434	-1.727920	0.520007	-0.557995	0.079434	-1.727920	-1.727920	-1.727920
H	-1.727920	-1.727920	0.520007	-0.557995	0.520007	-0.557995	-0.557995	-1.727920	-1.727920
I	-1.727920	1.130061	-0.557995	0.079434	-1.727920	1.359542	0.520007	-1.727920	-0.557995
K	1.359542	-1.727920	1.557482	0.079434	2.575860	0.857042	-0.557995	-0.557995	-1.727920
L	-1.727920	1.359542	0.520007	-0.557995	0.079434	0.857042	1.557482	-1.727920	2.664397
M	-1.727920	-0.557995	0.520007	-1.727920	-1.727920	-0.557995	-1.727920	-1.727920	0.079434
N	0.079434	-1.727920	-1.727920	-0.557995	-1.727920	-0.557995	-0.557995	-0.557995	-1.727920
P	-1.727920	0.079434	-1.727920	0.857042	-1.727920	1.130061	-0.557995	-1.727920	-1.727920
Q	-1.727920	0.079434	-0.557995	0.079434	-0.557995	-0.557995	0.520007	-0.557995	-1.727920
R	-0.557995	-1.727920	0.857042	0.079434	1.886789	-1.727920	-1.727920	-1.727920	-1.727920
S	-0.557995	-0.557995	-0.557995	-1.727920	-1.727920	-0.557995	0.079434	2.154723	-1.727920
T	0.079434	0.079434	-1.727920	0.079434	-1.727920	0.857042	1.359542	1.557482	-1.727920
V	0.857042	1.557482	-1.727920	-0.557995	0.079434	0.520007	0.520007	0.520007	0.079434
W	-1.727920	-1.727920	-1.727920	-1.727920	-1.727920	-1.727920	-1.727920	-1.727920	-1.727920
Y	0.857042	-1.727920	0.079434	-1.727920	-0.557995	-1.727920	-1.727920	-0.557995	0.857042
