A	0.070312 1.047106 2.056646 2.411871 1.309036 1.715542 1.656725 1.629949 2.035751
C	-8.722456 -5.275870 -1.836718 -2.153825 -5.293031 -2.253450 -3.790032 -5.421979 -2.204885
D	0.300051 -1.271900 -1.599550 1.635977 0.085090 -0.083991 0.557915 -0.871960 0.223242
E	0.490196 0.144119 -1.230120 -0.738626 0.587638 -0.612929 1.250149 0.479309 0.158016
F	1.661740 -1.236299 -1.718616 -0.300886 -2.177621 -1.742816 -2.667240 -1.879892 -3.536024
G	-1.814524 0.223388 1.521714 1.548249 -0.153764 -1.749708 -0.667066 0.297776 1.459022
H	-4.222135 0.318297 -1.581709 -2.364120 -0.679559 -4.813999 0.331937 -0.303996 -2.434127
I	1.434892 -0.020042 -0.702454 0.232516 -0.516045 0.017836 -0.802824 -1.273371 -0.255918
K	-5.326043 1.006118 -1.180430 -3.162725 1.352013 -0.974325 -0.630059 0.821795 -3.373958
L	-0.619820 -0.749635 -0.393220 -1.670649 -0.376740 -0.976185 0.400179 -0.046587 -1.161105
M	-2.776990 -1.868785 -2.033770 -3.192526 -3.050794 -8.391799 -2.349927 -3.880066 -3.108418
N	-4.367800 -0.102989 -1.533944 -2.938018 -1.212501 -0.836352 0.412695 -0.457918 -0.783693
P	0.763315 -8.059186 -0.581925 -7.316900 -0.472277 0.896335 -0.207741 1.474026 -1.473675
Q	-3.973841 -0.201948 -1.348890 -1.446203 -0.588457 -1.900406 0.032341 -0.964759 0.461233
R	-8.272759 0.804967 -0.064694 -4.610437 0.232695 -4.439546 0.077238 1.019830 -2.338390
S	-0.900600 0.404700 1.247113 1.214374 0.475707 1.530980 0.641174 0.216014 2.006169
T	-2.298957 0.768089 0.946425 -0.316453 0.961108 1.536988 -0.355409 -0.536189 -0.452499
V	0.750351 0.695361 0.194143 0.035570 1.175186 1.891590 0.191376 0.291141 0.425298
W	-0.358336 -1.173899 -2.578229 -2.465934 -3.094084 -8.305066 -2.916735 -4.415844 -3.565492
Y	2.094567 0.064767 0.331781 -2.110069 -1.552512 -8.077744 -1.985359 -2.028169 -2.384697
