A	-3.304063 0.634569 1.245678 0.105525 0.368283 0.865289 1.065255 0.482018 0.685637
C	-11.206591 -3.525247 -2.764980 -4.638327 -3.962551 -6.436186 -3.323565 -4.011425 -2.256880
D	-6.694260 -0.784910 -0.686188 1.219872 0.370367 -2.256811 -0.890583 -0.189907 0.569273
E	-4.428327 0.640971 -0.884178 2.053188 0.554084 -2.018936 1.434626 0.946391 0.268018
F	2.578982 -0.836156 -0.060852 -0.895132 -1.295482 2.736453 -2.399097 -1.976271 -0.395769
G	-4.798587 -1.483953 0.722449 -1.105523 -1.117474 -1.503601 -0.505443 -0.627257 -1.417363
H	-2.925085 -0.662469 -0.865232 -1.257431 -0.469374 -2.947916 -0.746911 -0.780329 -2.335900
I	1.625439 0.848718 0.144159 -0.055597 -1.151253 -0.687442 -0.178989 -0.724249 1.310084
K	-4.288310 0.602554 -1.200024 -0.309488 1.187248 -2.165156 -0.129156 1.074588 -4.593766
L	2.054473 0.888336 -0.329000 0.393234 0.797053 0.912009 2.155956 0.347140 1.664619
M	-0.585566 -2.381339 -1.633390 -2.076944 -2.102701 -1.470441 -2.144100 -2.706064 -1.256046
N	-7.821660 -0.871670 -0.881258 -0.563723 0.014829 -0.765317 0.463526 -0.069234 -0.760221
P	-6.934216 -6.455432 -0.193661 -2.048914 0.905756 -0.837965 -1.187819 0.706995 -1.925495
Q	-3.553701 0.151347 -0.303775 -0.816372 0.234241 -2.901139 0.469884 0.467175 -1.712003
R	-1.773215 0.784417 -1.674623 -2.889311 0.092483 -5.165091 -0.832534 0.926362 -2.833894
S	-6.424123 0.044565 1.335483 0.885940 0.460285 0.287524 -0.193886 0.527537 0.182570
T	-4.469821 0.176974 -0.009135 1.336855 0.673974 -0.162470 -1.246149 0.137344 0.191651
V	0.341387 1.354170 0.891418 0.555848 -0.216830 0.051063 0.432756 0.377828 1.851591
W	-0.475527 -1.532700 -0.742743 -3.775260 -4.769830 -0.450822 -5.147864 -5.455227 -3.062006
Y	1.726544 -0.227226 0.993744 -2.986164 -0.734491 1.193191 -2.677193 -1.376560 -0.420673
