A	0.249978	-3.209453	0.249978	-0.351472	-0.121991	-0.624491	-2.039528	0.790547	0.673190	-2.039528
C	-3.209453	-3.209453	-3.209453	-3.209453	-3.209453	-3.209453	-3.209453	-3.209453	-3.209453	-2.039528
D	-3.209453	-3.209453	-1.402098	2.427171	1.266280	-0.121991	-0.121991	-3.209453	-1.402098	-3.209453
E	-3.209453	-3.209453	-3.209453	2.274362	0.790547	0.545434	-0.624491	-0.624491	-0.624491	-3.209453
F	1.182864	-3.209453	1.558731	-2.039528	-0.624491	0.899071	-0.121991	-0.121991	-0.624491	-1.402098
G	0.673190	-3.209453	-1.402098	-0.121991	1.744743	1.000000	-0.624491	-3.209453	-0.351472	-3.209453
H	-1.402098	-3.209453	-0.624491	-2.039528	0.075949	-1.402098	-0.351472	0.899071	0.545434	-3.209453
I	-0.351472	-0.351472	0.673190	-3.209453	0.249978	0.405256	1.266280	0.545434	-1.402098	0.075949
K	1.419903	-3.209453	-3.209453	-2.039528	-1.402098	-0.121991	-2.039528	-1.402098	1.182864	-3.209453
L	0.249978	3.878009	2.352789	-0.961526	0.673190	-0.121991	2.057333	0.545434	0.405256	3.152490
M	-1.402098	0.249978	0.249978	-2.039528	-1.402098	-1.402098	-1.402098	-1.402098	-0.961526	-0.961526
N	-0.961526	-3.209453	0.075949	-0.351472	-0.624491	-0.961526	0.249978	-0.121991	0.545434	-3.209453
P	-3.209453	-3.209453	-2.039528	1.744743	0.075949	1.419903	1.345135	1.419903	-3.209453	-3.209453
Q	-1.402098	-1.402098	-0.624491	-0.961526	-0.121991	0.075949	-2.039528	-0.351472	0.899071	-3.209453
R	0.790547	-3.209453	-3.209453	-3.209453	-0.624491	-2.039528	-0.624491	0.075949	0.899071	-3.209453
S	1.000000	-3.209453	-0.961526	-0.351472	-0.961526	0.075949	-1.402098	-0.121991	-0.121991	-3.209453
T	-0.121991	-0.961526	-2.039528	-1.402098	-1.402098	-0.351472	-0.121991	-0.121991	0.790547	-3.209453
V	-0.121991	-0.121991	-1.402098	-3.209453	-0.121991	-0.121991	0.899071	1.094327	-1.402098	2.862009
W	-3.209453	-3.209453	-0.121991	-3.209453	-0.624491	-1.402098	-3.209453	-0.961526	-3.209453	-3.209453
Y	1.345135	-3.209453	1.094327	-2.039528	-0.961526	0.545434	-0.624491	-0.121991	0.545434	-3.209453
