A	1.164229	-1.969626	0.860449	-0.052089	0.860449	0.475158	0.475158	-0.281570	-0.554589	-0.052089	-0.554589
C	-3.139551	-3.139551	-3.139551	-3.139551	-3.139551	-3.139551	-1.969626	-3.139551	-3.139551	-3.139551	-3.139551
D	-3.139551	-3.139551	-1.969626	2.567808	0.475158	0.319880	0.615336	-0.554589	-3.139551	-3.139551	-3.139551
E	-3.139551	-3.139551	-1.969626	2.422691	1.252766	0.475158	1.164229	-0.281570	-0.891624	0.145851	-3.139551
F	0.860449	-3.139551	1.560888	-3.139551	0.145851	-1.969626	-0.281570	-0.554589	0.615336	-0.281570	-1.969626
G	1.252766	-3.139551	-1.332196	-1.969626	-0.554589	1.628633	0.968973	-0.052089	-3.139551	0.319880	-3.139551
H	-1.332196	-3.139551	-3.139551	-1.969626	-1.332196	-1.969626	-1.332196	-0.891624	0.860449	0.615336	-3.139551
I	-0.281570	-0.052089	1.164229	-3.139551	-0.052089	-0.052089	-0.052089	1.069902	-0.281570	-1.969626	0.145851
K	1.252766	-3.139551	-3.139551	-3.139551	-0.281570	-1.969626	0.145851	-0.891624	-0.554589	0.968973	-3.139551
L	-0.891624	3.823345	2.849133	-1.969626	0.860449	-0.052089	1.069902	2.422691	2.079617	0.145851	3.348289
M	-1.332196	0.860449	-0.891624	-3.139551	-1.969626	-1.332196	-3.139551	-3.139551	-0.554589	-1.332196	-0.891624
N	-1.969626	-3.139551	-0.052089	-0.052089	0.145851	-0.891624	-0.554589	-1.332196	-0.052089	-0.281570	-3.139551
P	-3.139551	-3.139551	-3.139551	1.069902	1.560888	1.415037	-0.052089	0.145851	-0.281570	-3.139551	-3.139551
Q	-1.969626	-1.969626	-0.281570	-1.332196	-0.281570	-0.281570	-0.052089	-0.891624	0.319880	1.069902	-3.139551
R	1.415037	-3.139551	-3.139551	-3.139551	-3.139551	-1.332196	-0.281570	-0.052089	-0.891624	1.415037	-3.139551
S	1.069902	-3.139551	-3.139551	0.968973	-1.969626	1.489805	0.615336	-0.891624	-1.332196	0.743092	-3.139551
T	0.319880	-3.139551	-1.969626	-1.332196	-0.281570	0.145851	-0.281570	0.319880	-0.052089	0.968973	-3.139551
V	-0.554589	-0.052089	-1.969626	-3.139551	0.319880	-0.281570	-0.281570	0.968973	1.164229	-1.332196	2.497073
W	-1.969626	-3.139551	-0.891624	-3.139551	-1.332196	-3.139551	-3.139551	-3.139551	-1.332196	-3.139551	-3.139551
Y	0.145851	-3.139551	-0.281570	-1.969626	-0.891624	-1.332196	-1.332196	-1.332196	0.145851	-0.891624	-3.139551
