A	0.807355	-1.000000	-1.000000	-1.000000	0.169925	0.169925	-1.000000	0.807355	0.807355	-1.000000	0.807355	0.169925
C	-1.000000	-1.000000	-1.000000	-1.000000	-1.000000	-1.000000	-1.000000	-1.000000	-1.000000	-1.000000	-1.000000	-1.000000
D	-1.000000	-1.000000	-1.000000	2.459432	-1.000000	1.247928	0.169925	0.169925	-1.000000	-1.000000	-1.000000	-1.000000
E	-1.000000	-1.000000	-1.000000	1.247928	0.169925	1.584963	-1.000000	0.807355	-1.000000	-1.000000	1.247928	-1.000000
F	0.169925	-1.000000	1.584963	-1.000000	0.169925	-1.000000	-1.000000	-1.000000	-1.000000	0.807355	0.807355	-1.000000
G	0.169925	-1.000000	-1.000000	-1.000000	0.169925	0.807355	0.169925	1.857981	-1.000000	-1.000000	-1.000000	-1.000000
H	-1.000000	-1.000000	-1.000000	-1.000000	0.169925	-1.000000	-1.000000	-1.000000	-1.000000	0.169925	0.169925	-1.000000
I	0.169925	0.169925	0.169925	-1.000000	1.247928	-1.000000	0.169925	-1.000000	1.247928	1.247928	-1.000000	0.169925
K	0.169925	-1.000000	-1.000000	-1.000000	-1.000000	-1.000000	1.247928	0.169925	1.247928	-1.000000	0.169925	-1.000000
L	0.807355	3.108524	2.285402	-1.000000	0.169925	-1.000000	0.169925	-1.000000	0.169925	0.807355	0.169925	1.584963
M	-1.000000	0.169925	-1.000000	-1.000000	-1.000000	-1.000000	0.169925	-1.000000	-1.000000	0.169925	-1.000000	0.169925
N	-1.000000	-1.000000	0.169925	0.169925	-1.000000	0.169925	-1.000000	0.169925	0.169925	0.807355	-1.000000	-1.000000
P	-1.000000	-1.000000	-1.000000	0.807355	1.857981	0.169925	-1.000000	-1.000000	-1.000000	-1.000000	-1.000000	-1.000000
Q	-1.000000	-1.000000	-1.000000	0.169925	-1.000000	0.807355	-1.000000	-1.000000	0.169925	0.807355	0.807355	-1.000000
R	1.247928	-1.000000	-1.000000	-1.000000	-1.000000	-1.000000	0.169925	-1.000000	-1.000000	-1.000000	0.807355	-1.000000
S	0.807355	-1.000000	-1.000000	0.169925	-1.000000	0.169925	1.247928	0.169925	0.807355	-1.000000	0.169925	-1.000000
T	-1.000000	-1.000000	-1.000000	-1.000000	-1.000000	-1.000000	0.807355	0.169925	0.169925	-1.000000	0.169925	-1.000000
V	0.169925	0.169925	0.169925	-1.000000	0.807355	-1.000000	0.807355	0.807355	0.807355	0.807355	-1.000000	2.614710
W	-1.000000	-1.000000	0.169925	-1.000000	-1.000000	-1.000000	-1.000000	-1.000000	-1.000000	-1.000000	-1.000000	-1.000000
Y	0.807355	-1.000000	0.169925	-1.000000	-1.000000	0.169925	-1.000000	-1.000000	-1.000000	0.169925	-1.000000	-1.000000
