A	1.486565	-1.346041	0.725120	-0.221861	-0.185149	-1.346041	-0.259532	0.249688	-1.939131
C	-5.821774	-5.821774	-5.821774	-5.821774	-5.821774	-5.821774	-4.651849	-5.821774	-5.821774
D	-5.821774	-5.821774	-2.963793	1.924740	-0.508891	-5.821774	-1.267185	-2.066886	-5.821774
E	-4.014419	-5.821774	-2.207064	2.178226	0.604491	-2.536372	0.625309	0.725120	-5.821774
F	0.604491	-5.821774	0.353152	-2.066886	0.495639	-1.429457	0.561930	-0.337958	-2.734311
G	0.449689	-3.573846	-1.346041	0.017430	-0.378830	-2.963793	-4.651849	-0.259532	-5.821774
H	-0.651849	-5.821774	-1.713250	-1.713250	-0.420895	-2.963793	0.956303	0.686021	-5.821774
I	-0.080307	0.518076	0.836438	-1.713250	0.472847	2.532475	-0.298212	-2.734311	0.518076
K	0.327973	-5.821774	-2.536372	-0.651849	0.449689	-2.362342	-1.267185	1.238922	-5.821774
L	0.222620	3.782779	2.156936	-1.053590	0.906146	2.458997	-0.464222	-0.149349	3.618576
M	-1.346041	0.666066	0.327973	-2.734311	-1.517993	-2.066886	-1.612321	-1.939131	-0.420895
N	-1.053590	-5.821774	0.800278	-0.080307	-0.554987	-1.121334	-0.508891	0.449689	-5.821774
P	-5.821774	-5.821774	-4.651849	1.183851	-1.429457	0.604491	1.647868	-3.573846	-5.821774
Q	-0.755685	-0.337958	1.097089	-0.149349	0.222620	-1.192417	0.276258	0.583367	-5.821774
R	0.725120	-5.821774	-0.810547	-0.554987	0.327973	-3.236811	-0.046987	1.564088	-5.821774
S	1.452022	-3.236811	0.108963	0.495639	-0.259532	-2.066886	-0.114415	0.561930	-5.821774
T	0.222620	-1.121334	-0.554987	-0.420895	-0.298212	-0.554987	0.048591	0.625309	-3.573846
V	0.327973	0.249688	-0.378830	-1.053590	0.763189	1.755655	0.854183	-1.517993	2.267014
W	-2.963793	-5.821774	-0.988884	-4.651849	-0.221861	-4.651849	-0.602605	-4.651849	-5.821774
Y	0.836438	-5.821774	-0.298212	-2.362342	0.377898	-2.362342	-0.014419	-0.554987	-5.821774
