A	-0.876068	1.028475	0.729276	0.061001	0.494301	0.592929	0.213464	0.592929	1.554283	-5.063695
C	-2.948217	-6.233620	-4.426265	-4.426265	-2.774188	-3.146157	-3.375639	-2.618910	-2.024166	-6.233620
D	-1.063695	-5.063695	-0.832740	1.028475	0.560796	0.332434	-0.426265	-0.966833	-1.533180	-6.233620
E	-0.492153	-5.063695	-0.671377	1.040176	0.905932	0.106230	-0.273618	0.313275	0.655124	-5.063695
F	1.452881	-2.618910	1.173648	-1.679031	0.370007	-1.604263	-0.749804	-2.618910	-2.125095	2.615003
G	-2.233620	-0.492153	-2.233620	0.813504	1.381090	1.086052	1.194740	-0.966833	-0.596995	-6.233620
H	1.478907	-3.985692	-0.273618	-0.189226	-0.273618	-0.394416	-0.273618	-0.083873	-1.841302	-2.478732
I	-0.135588	-2.774188	1.119527	-0.710058	-0.671377	-0.244935	0.192645	0.332434	-1.465435	-5.063695
K	-2.024166	-6.233620	0.128324	0.128324	-0.458833	0.171522	0.406625	-0.832740	-0.162157	-6.233620
L	1.371860	-0.302882	-0.332753	-0.302882	-0.109498	0.171522	0.785971	0.670262	-0.033947	0.459867
M	0.592929	-1.465435	-0.920737	-2.618910	-2.233620	-1.757886	-1.604263	-1.679031	-2.125095	0.106230
N	-0.561194	-4.426265	0.544457	-0.162157	-0.332753	-0.109498	0.014308	-0.109498	-1.400730	-6.233620
P	-3.648657	3.729999	0.083793	1.881424	0.905932	1.063297	0.576952	-0.135588	-1.063695	-6.233620
Q	-0.135588	-2.024166	-0.920737	-0.109498	-0.363255	-0.162157	0.351343	0.494301	-0.216811	-6.233620
R	-1.114679	-0.790676	0.313275	-0.966833	-1.757886	0.106230	-0.009618	-0.426265	-0.394416	-6.233620
S	0.274175	-1.222392	-0.273618	0.772005	0.714748	0.880122	0.351343	0.853843	1.716207	-6.233620
T	-0.058694	-2.024166	-2.024166	-0.749804	-0.302882	0.388432	0.254220	1.108455	1.529593	-6.233620
V	-0.526261	-1.063695	0.576952	-1.533180	-0.058694	-0.083873	0.332434	1.470284	1.074719	-4.426265
W	-2.618910	-6.233620	-1.757886	-3.146157	-2.350977	-4.426265	-5.063695	-5.063695	-4.426265	-6.233620
Y	0.992793	-1.679031	1.051783	-1.279423	-0.920737	-1.679031	-1.279423	-1.063695	-1.114679	3.454193
