A	-0.617095	0.845877	0.697013	-0.271960	0.574331	0.239541	0.616395	0.697013	0.343377	1.271484	-4.826548
C	-3.019194	-4.826548	-4.826548	-3.019194	-3.656623	-2.578621	-2.241586	-2.578621	-2.578621	-2.578621	-4.826548
D	-0.718024	-4.826548	-0.943905	0.697013	0.657267	0.239541	0.068269	0.127648	0.392620	-1.968567	-4.826548
E	-0.058364	-3.656623	-0.058364	0.697013	1.421379	0.127648	-0.434231	0.006342	0.184679	0.486334	-4.826548
F	1.490864	-3.656623	1.348377	-0.718024	-1.367117	-0.943905	-1.739086	-0.434231	-1.739086	-1.367117	2.481791
G	-1.968567	-3.656623	-1.541146	0.697013	0.845877	1.074318	0.880811	1.397453	-0.522768	-0.197192	-4.826548
H	0.948239	-4.826548	-0.197192	-0.943905	-0.826548	-0.718024	-0.617095	-0.943905	0.239541	-0.826548	-1.968567
I	0.440238	-3.019194	1.043816	-1.211839	-0.271960	0.127648	-0.058364	-0.271960	1.074318	-1.071661	-4.826548
K	-2.241586	-4.826548	0.343377	0.068269	-0.943905	-0.522768	0.948239	0.392620	-1.968567	0.068269	-4.826548
L	1.271484	-1.968567	0.574331	-0.058364	-0.197192	0.574331	0.773364	0.239541	0.657267	0.531004	0.239541
M	0.531004	-1.968567	-1.367117	-2.241586	-2.578621	-3.656623	-1.541146	-1.968567	-2.241586	-1.739086	-0.058364
N	-0.434231	-3.656623	-1.211839	-0.350815	-0.126109	-0.434231	-0.350815	0.440238	-0.058364	-1.367117	-4.826548
P	-4.826548	3.970302	-1.541146	2.121819	0.980806	1.012655	0.531004	0.184679	-0.826548	-1.541146	-4.826548
Q	-0.522768	-2.578621	-2.578621	-0.617095	-0.617095	-0.350815	0.343377	-0.350815	0.239541	0.006342	-3.656623
R	-0.617095	-1.739086	0.486334	0.184679	-1.541146	-0.058364	-0.126109	-0.617095	-0.943905	-0.617095	-4.826548
S	-0.126109	-1.739086	-0.943905	1.043816	1.104189	1.104189	0.735694	0.574331	1.190260	1.421379	-4.826548
T	-0.197192	-3.656623	-2.578621	-0.943905	0.184679	0.948239	0.239541	0.657267	0.068269	1.490864	-4.826548
V	-0.126109	-1.541146	0.948239	-1.211839	0.440238	-0.126109	-0.126109	0.068269	1.397453	1.074318	-4.826548
W	-3.019194	-4.826548	-2.241586	-2.578621	-3.019194	-3.656623	-3.656623	-4.826548	-3.656623	-4.826548	-3.656623
Y	1.190260	-2.241586	1.444915	-1.739086	-1.367117	-2.241586	-1.071661	-0.826548	-0.943905	-0.617095	3.511073
