A	0.085730	-0.614710	0.908852	0.085730	0.259759	0.555215	0.085730	1.192645	1.009781	-0.614710	1.192645	-3.199672
C	-3.199672	-3.199672	-2.029747	-3.199672	-3.199672	-3.199672	-1.392317	-2.029747	-2.029747	-2.029747	-3.199672	-3.199672
D	-1.392317	-3.199672	-2.029747	1.009781	0.259759	0.555215	0.800328	-0.951745	0.259759	-0.951745	-3.199672	-3.199672
E	-1.392317	-3.199672	-0.341691	1.192645	0.800328	0.682971	-0.341691	0.415037	0.085730	0.415037	-0.341691	-3.199672
F	1.811555	-3.199672	1.429684	-0.614710	-2.029747	-3.199672	-0.614710	-1.392317	-0.341691	-1.392317	-2.029747	2.157880
G	-3.199672	-2.029747	-3.199672	0.682971	2.067114	0.555215	1.276061	0.800328	1.009781	-0.112210	-0.614710	-3.199672
H	0.800328	-3.199672	0.415037	-0.112210	-0.951745	-0.614710	-0.951745	-1.392317	-0.341691	0.259759	-0.341691	-1.392317
I	0.415037	-3.199672	0.908852	-0.951745	0.085730	-0.341691	0.085730	0.415037	0.800328	0.555215	-1.392317	-3.199672
K	-1.392317	-3.199672	0.085730	-0.341691	-0.614710	-0.614710	-0.341691	0.682971	-0.951745	-2.029747	-1.392317	-3.199672
L	1.276061	-3.199672	-0.112210	-0.341691	0.415037	0.259759	-0.951745	0.085730	-0.614710	0.555215	1.009781	-2.029747
M	0.800328	-3.199672	-1.392317	-2.029747	-1.392317	-3.199672	-0.951745	-0.614710	-0.614710	-0.614710	-0.951745	-0.951745
N	-1.392317	-3.199672	-0.951745	-0.951745	-1.392317	-0.341691	-0.341691	0.085730	0.085730	-0.951745	-1.392317	-3.199672
P	-3.199672	4.085730	-2.029747	1.633218	1.192645	1.009781	1.192645	0.682971	0.085730	-0.614710	-2.029747	-3.199672
Q	0.085730	-3.199672	-0.112210	-0.341691	-0.341691	0.085730	-0.341691	-0.341691	-0.614710	0.800328	1.009781	-3.199672
R	-1.392317	-1.392317	0.800328	-0.951745	-0.951745	0.085730	-0.614710	0.555215	-0.614710	-0.951745	-0.341691	-3.199672
S	0.085730	-3.199672	-0.951745	0.555215	0.415037	1.192645	1.104108	0.415037	1.104108	0.908852	0.800328	-3.199672
T	-0.112210	-3.199672	-1.392317	0.085730	-0.614710	0.555215	0.555215	-0.112210	-0.341691	0.415037	1.866417	-3.199672
V	-0.951745	-3.199672	-2.029747	-0.112210	-0.951745	-0.112210	-0.112210	-0.614710	0.415037	1.429684	1.354917	-3.199672
W	-2.029747	-3.199672	-1.392317	-3.199672	-1.392317	-2.029747	-3.199672	-1.392317	-3.199672	-2.029747	-3.199672	-3.199672
Y	1.104108	-3.199672	1.811555	-0.951745	-0.951745	-0.951745	-1.392317	-2.029747	-0.951745	0.415037	-2.029747	3.673772
