A	-2.228819	-2.228819	0.019109	0.858644	0.019109	0.019109	-2.228819	0.356144	0.019109	0.858644	1.385891	0.858644	-2.228819
C	-2.228819	-2.228819	-2.228819	-2.228819	-0.421464	-1.058894	-2.228819	-2.228819	-2.228819	-2.228819	-2.228819	-1.058894	-2.228819
D	-1.058894	-2.228819	-2.228819	-0.421464	0.356144	-1.058894	0.858644	0.629162	0.858644	0.858644	-1.058894	-2.228819	-2.228819
E	-0.421464	-2.228819	-2.228819	1.230613	-0.421464	0.356144	0.629162	0.629162	0.858644	1.056584	0.019109	0.356144	-2.228819
F	0.019109	-2.228819	2.163499	0.356144	-1.058894	-2.228819	-1.058894	-0.421464	-2.228819	0.019109	-2.228819	-2.228819	1.980635
G	-2.228819	-2.228819	-2.228819	0.858644	1.385891	0.629162	0.858644	1.879706	1.056584	-0.421464	-0.421464	-0.421464	-2.228819
H	1.230613	-2.228819	-1.058894	-1.058894	-2.228819	-0.421464	0.019109	-1.058894	-1.058894	-0.421464	-0.421464	-0.421464	-2.228819
I	-1.058894	-2.228819	0.356144	-2.228819	-0.421464	1.056584	0.019109	-1.058894	-0.421464	1.056584	0.019109	-1.058894	-2.228819
K	-2.228819	-2.228819	0.629162	-0.421464	-2.228819	0.356144	1.056584	-1.058894	0.629162	-2.228819	-2.228819	0.019109	-2.228819
L	1.230613	-2.228819	-0.421464	-1.058894	0.019109	0.858644	0.019109	-0.421464	0.019109	0.858644	1.056584	0.858644	-2.228819
M	0.629162	-2.228819	-1.058894	-2.228819	-2.228819	-2.228819	-2.228819	-2.228819	-1.058894	-0.421464	-1.058894	-1.058894	-2.228819
N	-2.228819	-2.228819	-2.228819	-1.058894	-2.228819	0.019109	0.356144	0.858644	0.629162	-0.421464	-1.058894	-0.421464	-2.228819
P	-2.228819	3.995183	-2.228819	1.526069	1.653824	0.629162	1.056584	0.858644	0.629162	0.356144	-1.058894	-2.228819	-2.228819
Q	0.356144	-2.228819	-1.058894	0.019109	-0.421464	0.356144	0.356144	-2.228819	0.629162	-0.421464	0.356144	1.056584	-2.228819
R	-2.228819	-2.228819	-0.421464	-1.058894	-1.058894	0.019109	0.356144	-1.058894	0.356144	-1.058894	-1.058894	0.019109	-2.228819
S	-0.421464	-2.228819	-2.228819	0.858644	1.385891	0.629162	-0.421464	1.056584	-0.421464	0.019109	1.385891	1.385891	-2.228819
T	-0.421464	-2.228819	-2.228819	-0.421464	0.629162	0.019109	0.019109	0.019109	-1.058894	-1.058894	-1.058894	0.356144	-2.228819
V	0.629162	-2.228819	-0.421464	-0.421464	0.019109	0.019109	-2.228819	-1.058894	-0.421464	0.019109	1.526069	0.858644	-2.228819
W	-1.058894	-2.228819	-0.421464	-1.058894	-1.058894	-2.228819	-2.228819	-2.228819	-2.228819	-0.421464	-2.228819	-2.228819	-2.228819
Y	2.246915	-2.228819	2.471621	0.019109	-1.058894	-2.228819	-1.058894	-1.058894	-1.058894	-2.228819	0.356144	-0.421464	3.610385
