A	-0.321928	-1.491853	-0.321928	0.756074	-0.321928	-0.321928	-0.321928	-0.321928	0.315502	0.756074	0.315502	-0.321928	1.595610	-1.491853
C	-1.491853	-1.491853	-1.491853	-1.491853	-1.491853	-1.491853	-1.491853	-1.491853	-1.491853	-1.491853	-1.491853	-1.491853	-0.321928	-1.491853
D	-1.491853	-1.491853	-1.491853	1.093109	0.756074	-1.491853	1.093109	0.315502	-0.321928	-1.491853	0.315502	-0.321928	-1.491853	-1.491853
E	-1.491853	-1.491853	-1.491853	1.093109	0.756074	0.756074	-1.491853	-1.491853	-0.321928	-1.491853	1.093109	-0.321928	0.756074	-1.491853
F	1.595610	-1.491853	2.390790	-1.491853	-1.491853	-1.491853	-1.491853	-1.491853	0.315502	0.756074	-1.491853	-1.491853	-1.491853	1.093109
G	-1.491853	-1.491853	-0.321928	0.756074	1.967579	2.122857	1.366128	1.366128	0.756074	1.366128	0.756074	0.756074	0.315502	-1.491853
H	-0.321928	-1.491853	-1.491853	-1.491853	-1.491853	-0.321928	-0.321928	0.315502	-1.491853	-0.321928	-1.491853	1.093109	-0.321928	-1.491853
I	0.315502	-1.491853	-1.491853	-1.491853	-0.321928	-0.321928	-1.491853	-0.321928	-1.491853	-1.491853	-1.491853	0.756074	-1.491853	-1.491853
K	-1.491853	-1.491853	-1.491853	-0.321928	-1.491853	-0.321928	-0.321928	-0.321928	-0.321928	0.315502	-0.321928	-0.321928	-1.491853	-1.491853
L	1.093109	-1.491853	-1.491853	-1.491853	-1.491853	0.315502	-0.321928	-1.491853	-0.321928	0.315502	0.315502	0.756074	-0.321928	-1.491853
M	-1.491853	-1.491853	-0.321928	-1.491853	-1.491853	-1.491853	-1.491853	-1.491853	-1.491853	-1.491853	0.315502	-1.491853	-1.491853	-1.491853
N	0.315502	-1.491853	0.315502	0.315502	1.093109	-1.491853	-0.321928	0.315502	0.315502	-0.321928	0.756074	0.315502	-1.491853	-1.491853
P	-1.491853	3.678072	-1.491853	1.093109	1.595610	0.756074	1.366128	-1.491853	-0.321928	-0.321928	-1.491853	-1.491853	-1.491853	-1.491853
Q	-1.491853	-1.491853	-0.321928	1.093109	0.315502	-1.491853	0.315502	0.756074	0.756074	0.315502	-0.321928	-0.321928	-0.321928	-1.491853
R	0.756074	-1.491853	-0.321928	-1.491853	-0.321928	-0.321928	-0.321928	1.093109	-1.491853	-0.321928	0.315502	-1.491853	-0.321928	-1.491853
S	-0.321928	-0.321928	-1.491853	1.093109	-1.491853	-0.321928	1.093109	1.366128	1.595610	0.315502	1.093109	-1.491853	0.756074	-1.491853
T	1.093109	-1.491853	-1.491853	-1.491853	-1.491853	0.315502	-0.321928	-0.321928	0.315502	-0.321928	-1.491853	0.756074	1.595610	-1.491853
V	-0.321928	-1.491853	-1.491853	-1.491853	-1.491853	0.756074	-0.321928	-1.491853	0.315502	1.093109	-0.321928	1.595610	0.756074	-1.491853
W	-1.491853	-1.491853	-0.321928	-1.491853	-1.491853	-1.491853	-0.321928	-1.491853	-1.491853	-1.491853	-0.321928	-1.491853	-1.491853	-1.491853
Y	1.093109	-1.491853	2.263034	-1.491853	-1.491853	-0.321928	-1.491853	0.315502	0.315502	-0.321928	-0.321928	-1.491853	-0.321928	3.519374
