A	-1.929922	1.551947	0.884523	0.106915	0.774340	0.569649	1.483560	-4.787903
C	-4.787903	-4.787903	-3.617978	-3.617978	-3.617978	-2.980548	-1.700440	-4.787903
D	1.310130	-3.617978	-1.328471	-0.578449	-1.173193	-1.502500	-1.502500	-4.787903
E	-0.905260	-3.617978	-2.980548	0.848722	-2.980548	-1.033015	1.529510	-4.787903
F	1.256492	-4.787903	0.431266	-1.502500	-0.233314	-1.328471	-3.617978	1.990175
G	-4.787903	-1.173193	-0.395585	0.166294	0.735659	-2.539975	-1.929922	-4.787903
H	0.478884	-3.617978	1.112964	-0.312169	1.436099	1.019452	-0.905260	-2.980548
I	-0.578449	-1.502500	0.478884	-0.905260	0.986885	1.019452	-0.233314	-3.617978
K	-2.202940	-4.787903	1.506718	0.695913	-2.539975	-0.905260	-0.679378	-4.787903
L	1.739574	-1.929922	-0.905260	0.812010	-0.679378	1.019452	-0.484122	0.695913
M	0.812010	-1.328471	-0.679378	-2.539975	-2.202940	-1.929922	-2.202940	-0.484122
N	-1.328471	-3.617978	0.735659	-0.787903	-0.679378	-1.173193	-3.617978	-4.787903
P	-0.578449	3.593640	-2.539975	0.774340	0.106915	0.223325	-1.173193	-4.787903
Q	-1.929922	0.106915	-1.328471	0.166294	-1.929922	-0.087463	0.106915	-4.787903
R	-1.929922	-1.700440	0.986885	0.044987	-2.980548	-0.087463	-1.328471	-4.787903
S	-0.787903	-0.787903	-0.312169	0.774340	1.551947	0.569649	1.411770	-4.787903
T	-1.033015	-1.929922	-0.395585	0.569649	0.655041	0.655041	1.200782	-3.617978
V	0.223325	-0.484122	0.278187	0.919457	1.436099	1.387023	1.679703	-3.617978
W	-2.539975	-4.787903	-3.617978	-3.617978	-4.787903	-4.787903	-4.787903	-2.980548
Y	1.529510	-2.980548	-0.312169	-1.328471	-3.617978	-0.158546	-2.539975	3.677664
