A	-0.110492	2.344817	1.024878	0.426787	0.390104	0.502765	0.572424	1.617306	-3.598509
C	-3.427576	-5.156504	-4.519075	-3.845303	-3.204033	-2.687390	-2.639929	-2.166558	-8.911392
D	0.082254	-2.116976	-0.529849	1.055834	0.141176	-0.607611	-1.721567	-1.864268	-8.911392
E	-0.058862	-2.663464	-1.324552	1.354223	0.738762	-0.282035	0.301712	1.037705	-7.741467
F	1.410254	-2.289340	0.409972	-1.649297	-0.918454	-0.219648	-1.525530	-2.053411	2.122031
G	-2.593979	-0.159848	-1.850696	0.725233	0.688521	0.802424	-1.771841	-0.939848	-8.911392
H	0.767648	-6.663464	0.319829	-0.911392	0.210789	-0.272956	0.340682	-0.776966	-2.866998
I	-0.001499	-0.677772	1.144907	-0.968877	0.071602	0.486817	0.457114	-1.504124	-3.510513
K	-0.976227	-6.663464	0.991360	0.258533	-0.074553	-0.164038	-0.535267	0.013421	-7.741467
L	0.983805	0.690843	-0.430602	-0.198005	0.289507	0.541879	0.925842	-0.318935	2.582839
M	0.017126	-1.006005	-0.642265	-2.364498	-2.235435	-1.569317	-1.603053	-2.571542	0.337721
N	-0.328309	-4.435659	0.201048	-0.557143	-0.090415	-0.671793	-0.596242	-1.441750	-7.741467
P	-5.451960	2.815039	-2.084844	1.649896	0.756607	0.031855	0.361238	-1.472600	-8.911392
Q	-0.277489	-1.148180	-0.954290	-0.246056	-0.342486	-0.147350	0.283365	0.194517	-6.663464
R	-1.036411	-1.850696	0.614618	-0.513717	-0.318935	-0.134959	-0.098413	-0.529849	-7.104037
S	0.587457	-0.193716	0.378627	0.776421	0.756607	1.044984	0.909983	1.789698	-7.104037
T	0.534140	-1.472600	-0.619070	-0.410550	0.230077	0.840570	0.879771	1.176734	-6.663464
V	0.009705	0.082254	0.836381	-0.789858	0.641277	0.782966	1.225599	1.039528	-2.053411
W	-2.866998	-5.823929	-3.136605	-3.792451	-3.104037	-4.282035	-3.238967	-5.625990	-3.845303
Y	0.776421	-0.932682	0.151329	-2.345338	-1.649297	-1.547257	-1.483032	-1.536353	2.948143
