A	0.775619	-0.070754	0.409895	0.036460	0.515599	0.402398	0.392341	0.295830	0.090333	-4.980429
C	-3.919029	-4.613220	-3.489041	-3.822167	-3.526711	-3.314167	-3.044560	-2.914028	-3.218589	-6.841026
D	-0.664788	-1.703091	2.337442	1.758299	0.704243	0.192397	-0.312521	-0.063814	-1.385050	-7.281599
E	0.607579	1.385006	0.901505	1.252287	0.660916	0.209682	-0.084733	0.303900	0.585680	-6.841026
F	0.102722	-1.660594	-0.026233	-1.385050	-0.718266	-0.885606	-0.228643	-0.904078	-0.252114	0.206815
G	-0.256064	-1.735807	-1.359333	0.466115	1.007432	0.832515	0.948593	0.046114	-0.046610	-5.629522
H	-0.558547	-3.281599	-1.367855	-0.867367	-0.598103	-0.751332	-0.432529	0.392341	-0.384186	-4.459597
I	-0.455050	-0.304319	0.174902	-1.206311	-0.473324	-0.043194	0.042903	-0.131126	-1.385050	-4.879500
K	0.758104	-3.869785	-0.563433	-0.012806	-0.320770	0.055704	0.198181	-0.464158	0.669269	-0.916526
L	0.611919	1.314857	0.463715	0.052515	0.317251	0.794835	1.018917	1.306848	1.433628	-1.334066
M	-1.350862	-0.960960	-1.054155	-2.412997	-2.083329	-1.579179	-1.713914	-1.139127	-1.483474	-3.128952
N	-0.855334	-2.864952	-0.432529	-0.312521	0.003803	-0.077727	0.010394	0.000497	-0.734704	-6.503991
P	-2.522900	-0.341600	-1.124613	1.160456	0.922623	0.446808	0.249225	-1.284823	-2.448709	-7.281599
Q	-0.182815	0.475672	-0.573254	-0.088250	-0.201733	0.293130	0.139264	0.311926	0.276822	-6.841026
R	0.965650	-0.468734	-1.074933	-0.623387	-0.397210	-0.296164	-0.043194	-0.182815	0.587885	-2.641871
S	0.789097	1.499527	0.397378	0.716387	0.802450	0.828791	0.607579	0.810025	1.031932	-5.474244
T	0.317251	1.748477	-0.464158	-0.095308	0.105803	0.389816	0.309255	0.558954	0.671350	-6.503991
V	0.203943	0.906813	0.020224	-0.910289	0.127186	0.374571	-0.022865	0.489891	-0.095308	-2.662689
W	-3.249750	-4.613220	-2.990922	-3.731402	-2.990922	-3.314167	-3.218589	-1.660594	-3.565392	-1.428958
Y	0.427239	-1.530533	-0.501176	-1.474244	-1.229419	-1.153789	-0.593099	-0.935402	0.240843	4.079013
