A	0.793947	-0.210833	0.278464	0.031034	0.513953	0.489607	0.355928	0.408819	0.393154	0.122540	-4.276124
C	-3.821559	-4.148369	-3.198122	-4.148369	-3.821559	-3.476423	-3.821559	-3.262828	-3.262828	-2.811843	-6.861087
D	-1.053732	-1.464958	2.243366	1.388422	1.185128	0.997585	0.393154	-0.187091	0.377318	-1.157568	-5.446049
E	-0.031012	0.901203	1.367197	0.789965	1.081428	0.439647	0.518773	-0.140748	-0.259522	0.153863	-8.031012
F	0.190575	-2.323653	0.238115	-1.355055	-1.112149	-1.127130	-0.943549	-0.453583	-0.722673	-0.148369	-0.434822
G	-0.634407	-1.625870	-1.157568	0.602892	0.765839	1.094402	1.001034	1.021556	0.469830	-0.226881	-5.446049
H	-0.541164	-3.330572	-1.831340	-1.082645	-1.112149	-1.053732	-0.482190	-0.792607	0.464843	-0.521237	-4.571580
I	-0.284498	-0.388960	0.190575	-0.866105	-0.666877	-0.501581	-0.081185	0.031034	-0.816693	-1.464958	-3.922487
K	0.660732	-4.745610	-0.251293	-0.398017	-0.521237	-0.003106	0.017475	0.414003	-0.371016	0.716342	-1.204463
L	0.703698	1.182092	0.464843	0.306610	0.377318	0.398395	0.966168	0.973209	1.226965	1.540741	-1.856086
M	-1.303091	-1.068116	-1.011421	-1.986618	-2.289545	-2.588068	-1.986618	-1.563406	-0.930350	-1.831340	-3.922487
N	-0.768917	-3.555278	-0.804600	-0.416302	-0.081185	-0.110659	-0.292920	-0.156031	-0.125625	-0.997589	-5.446049
P	-2.468769	-0.187091	-1.647308	1.279033	0.848571	0.317716	-0.003106	-0.444172	-1.390767	-2.764225	-6.861087
Q	-0.059468	0.306610	-0.284498	-0.194962	0.044467	-0.309913	0.166205	-0.156031	0.323237	0.249759	-6.861087
R	1.135779	-0.841187	-0.866105	-0.841187	-0.956870	-0.453583	-0.482190	-0.118123	-0.095847	0.765839	-2.588068
S	0.769888	1.852777	0.103414	1.185128	1.001034	1.135779	0.976716	1.068336	1.132638	0.797918	-4.745610
T	0.414003	1.950555	-1.173031	0.339675	-0.003106	0.513953	0.272769	0.580013	0.255546	0.537894	-5.783084
V	0.334217	0.962634	-0.511376	-0.416302	-0.202875	-0.016991	0.135151	0.103414	0.202608	0.090522	-3.401655
W	-4.276124	-4.416302	-2.673460	-2.964923	-3.330572	-3.198122	-3.136194	-2.764225	-1.713599	-3.638694	-1.625870
Y	0.634324	-1.157568	-0.059468	-1.427386	-1.337525	-1.127130	-1.112149	-0.930350	-0.878727	0.753623	4.136328
