A	0.970477	-0.251392	0.400351	0.303975	0.626402	0.340875	0.253260	0.533824	0.434895	0.665715	0.376854	-5.703519
C	-4.015463	-3.414012	-5.066089	-3.588042	-3.118557	-3.414012	-4.288482	-3.414012	-3.258734	-3.785981	-4.015463	-6.873444
D	-0.829050	-1.754503	2.481356	1.317615	0.278841	1.518873	0.703985	0.434895	-0.162638	0.741266	-1.273531	-4.625517
E	-0.215233	0.240298	1.931494	0.946735	0.457473	0.954692	0.328680	0.813056	-0.511500	-0.046896	0.118078	-6.873444
F	0.490691	-1.754503	-0.326550	-0.385604	-0.673772	-0.775412	-1.389628	-1.703519	-0.385604	-0.775412	0.118078	-1.754503
G	-0.365649	-1.703519	-0.972577	0.596198	0.636331	0.830459	1.354172	1.161355	1.161355	0.750437	-0.533594	-4.625517
H	-1.003079	-3.785981	-2.040554	-1.098657	-1.166085	-1.131977	-0.749323	-0.723697	-1.201019	0.214019	-0.884759	-4.015463
I	-0.533594	-0.426361	-0.578823	-0.775412	-0.288482	-0.829050	-0.856636	0.030438	-0.062872	-0.972577	-1.654276	-5.703519
K	0.400351	-3.588042	-0.426361	0.118078	-0.972577	-0.015463	0.089452	0.074923	0.132180	-1.273531	0.544408	-1.201019
L	0.585988	1.147536	0.015299	0.636331	0.946735	0.423472	0.585988	0.795441	0.777608	0.786552	1.947533	-3.118557
M	-0.972577	-1.606658	-1.472565	-2.173004	-2.481127	-2.873444	-2.318855	-2.105260	-1.919248	-0.801982	-0.913442	-4.288482
N	-0.345967	-3.258734	-1.349882	-0.233199	-0.601981	-0.307390	-0.288482	-0.197487	-0.365649	0.376854	-1.098657	-5.703519
P	-1.606658	-0.578823	-1.754503	0.732035	0.830459	-0.233199	0.750437	-0.062872	-0.111893	-1.978626	-2.990801	-6.873444
Q	-0.385604	-0.533594	-0.307390	-0.128610	-0.326550	-0.062872	-0.269818	-0.031094	-0.145524	-0.015463	0.030438	-5.703519
R	0.694512	-1.311202	-0.972577	-0.856636	-0.913442	-0.556031	-0.079028	-0.233199	-0.365649	-0.625517	0.786552	-4.015463
S	0.786552	2.255195	0.030438	0.813056	1.348143	0.922595	1.069070	0.864648	1.208705	1.566387	0.830459	-6.873444
T	0.468631	2.268024	-1.311202	-0.326550	0.646192	0.253260	0.089452	0.030438	0.906275	0.173680	0.316380	-6.873444
V	0.434895	0.856177	-0.578823	-0.365649	0.303975	-0.197487	-0.111893	0.159979	0.253260	0.060247	-0.145524	-4.625517
W	-2.764920	-5.066089	-2.873444	-2.990801	-2.873444	-2.873444	-2.873444	-3.258734	-2.873444	-1.919248	-2.764920	-3.118557
Y	0.804276	-2.040554	-0.556031	-0.649442	-1.166085	-0.749323	-0.942707	-1.201019	-0.775412	-1.098657	0.316380	4.218983
