A	0.839461	-0.094701	0.455889	0.057839	0.691818	0.474082	0.418799	0.418799	0.380731	0.752700	0.280920	0.455889	-4.358808
C	-4.358808	-4.996238	-4.996238	-4.996238	-3.308182	-3.078700	-3.918236	-4.358808	-3.581201	-3.078700	-4.996238	-2.880761	-6.166163
D	-0.946995	-1.773846	2.258003	1.262197	0.341632	0.644409	1.537740	0.880961	0.561757	-0.094701	0.280920	-1.465723	-6.166163
E	0.105300	-0.808611	2.397986	0.880961	0.767528	0.474082	0.811117	0.280920	0.947579	-0.177478	-0.068131	0.057839	-6.166163
F	0.321677	-2.411276	-0.529538	-1.465723	-0.642601	-1.956710	-1.100074	-1.690430	-1.211967	-0.121769	-1.154936	-0.235426	-1.100074
G	-0.149355	-0.946995	-0.765284	0.595388	0.839461	1.095932	0.707281	0.986122	0.839461	1.382659	0.578671	0.173687	-4.996238
H	-1.271345	-3.918236	-2.166163	-0.946995	-0.946995	-0.899377	-0.899377	-0.946995	-0.899377	-1.100074	0.081764	-0.946995	-3.581201
I	-0.529538	-0.642601	-0.424696	-0.642601	-0.326959	-0.391376	-0.946995	-0.566250	0.057839	-0.177478	-1.047222	-1.271345	-6.166163
K	-0.042042	-4.358808	-1.333273	-0.493738	-1.333273	-0.458804	-0.149355	0.238978	0.173687	-0.042042	-0.723220	0.280920	-2.411276
L	0.595388	0.880961	-0.295798	0.737719	0.660385	0.880961	0.960541	0.544643	0.907978	0.341632	0.921300	1.968263	-3.308182
M	-1.047222	-1.690430	-1.611574	-1.956710	-1.956710	-2.283520	-2.411276	-2.283520	-2.283520	-1.773846	-0.765284	-0.529538	-6.166163
N	-0.206161	-2.551453	-1.690430	-0.391376	-0.642601	-0.295798	0.105300	-0.177478	-0.149355	-0.899377	0.474082	-0.529538	-6.166163
P	-2.283520	-1.333273	-2.283520	1.048156	0.894533	0.057839	-0.042042	0.595388	-0.042042	-0.566250	-1.773846	-2.411276	-6.166163
Q	0.128458	-0.853280	-0.068131	-0.068131	0.008763	-0.016416	-0.042042	-0.149355	0.008763	0.238978	0.380731	0.238978	-6.166163
R	0.361314	-2.551453	-1.690430	-0.042042	-1.154936	-0.853280	-0.566250	-0.206161	-0.235426	-0.529538	-0.295798	0.767528	-4.358808
S	0.960541	2.449467	0.105300	0.839461	1.084135	1.401793	0.767528	0.907978	1.072242	0.973388	1.430027	0.752700	-4.358808
T	0.105300	2.614377	-0.808611	0.361314	0.301442	0.737719	0.008763	0.527324	-0.682347	0.825359	0.578671	0.057839	-4.358808
V	0.527324	0.280920	-0.603921	-0.723220	0.057839	-0.177478	-0.424696	0.008763	0.033509	0.195781	0.105300	-0.177478	-6.166163
W	-2.057639	-3.918236	-3.078700	-3.308182	-2.551453	-3.078700	-2.551453	-2.880761	-2.411276	-3.078700	-1.397979	-3.918236	-4.996238
Y	1.130753	-1.333273	-0.853280	-1.047222	-0.295798	-1.465723	-1.211967	-0.723220	-0.899377	-0.177478	-0.808611	-0.121769	4.230977
