A	1.090295	-0.506791	0.673244	0.308369	0.789341	0.456215	0.359353	-0.255983	0.308369	0.502311	0.200656	0.022318	0.308369	-4.810572
C	-4.810572	-3.640647	-4.810572	-4.810572	-4.810572	-3.640647	-3.640647	-4.810572	-3.003217	-3.640647	-2.562644	-3.640647	-4.810572	-4.810572
D	-0.810572	-3.640647	2.451523	0.896787	0.590308	0.546980	0.143625	1.178113	0.896787	0.502311	-0.601118	0.308369	-1.195862	-4.810572
E	-0.418254	-1.351140	2.439727	0.546980	0.673244	0.826053	-0.042387	0.456215	0.673244	1.090295	-0.334838	0.456215	0.143625	-4.810572
F	0.789341	-2.562644	-0.702047	-2.225609	-0.255983	-0.702047	-1.525169	-1.525169	-1.055684	-0.927929	-0.418254	-0.506791	-0.506791	-2.225609
G	-0.702047	-0.702047	-1.351140	0.632372	0.789341	0.590308	0.930895	0.964215	1.413430	1.090295	1.950980	0.930895	-1.195862	-4.810572
H	-1.525169	-4.810572	-3.640647	-0.702047	-1.351140	-1.351140	-1.195862	-1.195862	-0.810572	-0.810572	-1.195862	-0.506791	-1.055684	-3.640647
I	-1.055684	-0.601118	-0.810572	0.143625	-0.255983	-0.506791	-1.195862	-0.810572	-1.952591	-1.195862	-0.110132	-1.351140	-1.952591	-4.810572
K	-0.702047	-2.225609	-2.225609	0.022318	-1.351140	-0.506791	0.143625	0.084246	-0.042387	-0.334838	-0.702047	-0.927929	0.408597	-3.003217
L	1.059793	0.789341	-0.927929	0.546980	0.996783	0.143625	1.178113	0.789341	0.408597	0.022318	0.143625	1.233822	2.000000	-4.810572
M	-0.810572	-2.562644	-1.723109	-2.562644	-1.952591	-2.562644	-3.640647	-2.562644	-1.952591	-1.952591	-1.351140	-2.562644	-0.506791	-3.003217
N	-0.506791	-1.952591	-0.810572	-0.810572	-0.601118	-0.181215	-0.255983	-0.702047	0.359353	-1.195862	-0.506791	0.712990	-0.506791	-4.810572
P	-2.562644	-0.702047	-3.003217	1.755482	0.308369	0.590308	0.456215	0.502311	0.022318	0.359353	-0.042387	-1.195862	-3.003217	-4.810572
Q	0.308369	-0.810572	-0.110132	-0.334838	0.502311	0.255518	0.255518	0.456215	0.143625	0.308369	0.084246	-0.255983	-1.055684	-4.810572
R	-0.110132	-1.723109	-2.225609	0.022318	-0.601118	-0.702047	-2.225609	-0.506791	-0.181215	-0.702047	-1.055684	-0.702047	1.178113	-4.810572
S	1.120166	2.628220	0.712990	0.673244	1.028632	1.260891	1.437356	0.896787	0.996783	1.364354	1.484049	1.437356	1.120166	-2.562644
T	0.084246	2.531503	-0.927929	-0.181215	-0.255983	0.930895	1.028632	0.861854	0.022318	0.546980	0.751671	0.255518	0.143625	-3.640647
V	0.712990	0.143625	-1.351140	-0.927929	-0.042387	0.143625	-0.181215	-0.810572	-0.418254	-0.334838	-0.601118	0.359353	-0.334838	-4.810572
W	-3.003217	-3.640647	-2.562644	-4.810572	-2.562644	-3.640647	-4.810572	-2.562644	-3.640647	-3.640647	-4.810572	-2.562644	-2.562644	-4.810572
Y	1.028632	-1.952591	-2.225609	-1.055684	-0.506791	-1.195862	-0.506791	-0.506791	-0.927929	-0.418254	-0.418254	-0.601118	0.546980	4.228347
