A	-0.547371	0.265064	-0.399381	-0.399381	0.690208	0.001523	-0.193734	-5.717296
C	-6.887221	-4.639293	-5.079866	-6.887221	-3.272511	-4.639293	-3.601818	-6.887221
D	-1.048017	1.531686	2.998476	0.465926	-1.486341	-0.283594	-1.875993	-6.887221
E	-0.687548	1.925759	0.671200	0.833879	-0.569808	0.061147	0.825306	-3.601818
F	0.561928	-2.778696	-0.737473	-0.898536	-0.525277	-0.547371	-0.615758	0.351184
G	-2.887221	-2.677767	-0.503516	-0.029240	0.680735	-0.898536	-1.112434	-6.887221
H	-0.359744	-4.302258	-0.712295	-0.211264	-0.265169	0.754831	0.090059	-4.029240
I	0.132370	-1.403405	-1.112434	0.327099	0.892499	0.118404	-1.079866	-3.427789
K	-1.079866	-6.887221	0.252331	0.622554	-0.763099	-1.363659	1.247206	-2.119036
L	1.047944	0.265064	-0.592600	1.040557	0.173475	1.732999	1.598609	0.509384
M	-1.363659	-2.186781	-2.332632	-1.992403	-1.717296	-1.145754	-1.324978	-1.768280
N	-0.687548	-3.004578	-0.525277	-0.229009	-0.379426	-0.211264	-0.956483	-6.887221
P	-3.004578	-3.132333	-0.399381	0.351184	1.091490	-0.712295	-2.411487	-6.887221
Q	-1.016856	-0.340326	-0.737473	-0.092805	-0.440137	0.661601	0.302604	-5.717296
R	-1.145754	-6.887221	-0.663219	-0.029240	-0.986354	-0.687548	0.842400	-3.427789
S	1.648055	1.834733	0.075675	0.551571	0.900682	0.736661	0.339192	-5.717296
T	1.681686	2.102883	-0.870412	0.200242	0.690208	0.443696	0.363078	-4.639293
V	0.816683	-0.193734	-0.870412	0.465926	1.161266	0.582421	0.327099	-2.257864
W	-3.004578	-5.717296	-4.302258	-3.799758	-3.427789	-2.054331	-3.601818	-2.887221
Y	0.900682	-3.132333	-1.668052	-1.079866	-1.768280	-1.016856	-0.109143	3.996759
