A	0.778434	0.874119	0.604775	0.100271	0.221656	0.350094	0.275490	0.420054	-4.005820
C	-4.795460	-4.759660	-3.242261	-4.257159	-3.944245	-2.993293	-3.574104	-3.123746	-7.847123
D	-0.968561	-1.916385	2.471232	1.041367	-0.123177	-0.923300	-0.569448	-1.514713	-10.432085
E	0.062020	0.969861	0.697842	1.218406	0.320086	-0.324214	0.502527	0.748446	-8.184158
F	0.326346	-1.643367	-0.227820	-1.088344	-0.473895	-0.179715	-0.626744	-0.422256	0.732822
G	-0.370714	-1.798182	-1.085571	0.556777	0.576168	0.420054	-0.742087	-0.363979	-10.432085
H	-0.422256	-3.847123	-0.772981	-0.966009	-0.250933	-0.490304	0.371441	-0.301515	-3.101168
I	0.051983	0.074470	-0.309581	-0.793197	0.341878	0.553223	0.046937	-1.246590	-2.310552
K	0.696231	-5.313144	0.046937	0.353163	0.244974	-0.261847	-0.592881	0.800336	-1.237328
L	0.525380	1.542598	-0.266550	0.257039	0.903026	0.821910	1.668249	1.191225	0.400409
M	-1.306672	-0.829850	-1.352600	-2.411105	-1.718699	-1.496183	-1.309904	-1.467022	-1.863179
N	-0.737727	-2.942237	-0.017664	-0.369027	-0.095021	-0.241643	-0.519944	-0.665556	-8.624730
P	-3.123746	-0.066036	-1.271583	1.335272	0.312749	0.370431	-0.443400	-2.603949	-9.262160
Q	-0.258720	0.608205	-0.325849	-0.085294	-0.157707	0.202499	0.327387	0.363346	-6.817375
R	0.728889	-2.922310	-0.853241	-0.319320	-0.178238	-0.160622	-0.353934	0.476495	-3.046223
S	0.990374	1.430843	0.440397	0.744556	0.631141	0.647066	0.693813	1.045167	-6.677198
T	0.413209	1.551977	-0.843839	-0.095021	0.304317	0.814507	0.389490	0.724946	-6.323561
V	0.487709	1.002804	-0.490304	-0.443400	0.669398	0.849700	0.696231	0.365374	-0.490304
W	-3.279800	-5.119202	-2.922310	-3.426461	-2.952305	-3.605537	-2.541821	-4.561720	-1.567899
Y	0.473678	-1.872708	-0.470274	-1.651545	-1.110721	-0.930745	-0.716123	-0.226292	3.880107
