A	0.063332 1.031748 0.539142 0.494676 0.713947 1.944634 0.506397 0.765691 0.207208
C	-10.763754 -10.673851 -3.623585 -2.646258 -5.776145 -4.535720 -4.524772 -6.771404 -6.234588
D	-3.145074 -0.132246 -0.204516 1.897287 0.376448 0.421302 1.728669 0.090981 0.431169
E	-0.331688 0.950755 -1.446950 1.022872 1.421748 2.187831 2.298236 1.218174 1.188021
F	1.170194 -0.942473 -1.283513 -2.036632 -1.193707 -2.137343 -1.633461 -1.270347 0.495143
G	-3.172112 -0.673435 -1.005220 -1.265303 -0.358558 -1.178038 -0.558291 -0.585055 -1.466449
H	-2.553765 0.195559 -2.857389 -4.592066 -1.172818 -4.217548 -0.855426 -0.882012 -3.198092
I	1.943906 -0.096416 -1.405306 0.949212 -0.323155 -0.643820 -0.606606 -0.237282 1.494876
K	-3.961162 0.503514 -3.656652 -9.897543 0.832577 -4.898610 -1.293882 0.363990 -2.431422
L	0.662592 -0.052524 -1.473923 1.149702 0.059145 -0.405822 0.453051 0.644951 2.074060
M	-1.325670 -1.999158 -2.918368 -1.517850 -1.944271 -3.572756 -3.215014 -2.442586 -0.120332
N	-4.777914 -0.041197 -2.160943 -1.455803 -0.421164 -1.712305 0.100049 -0.445091 -2.449957
P	0.621251 -4.812717 -1.718047 -8.695602 -0.151394 0.830956 0.049988 0.946752 -2.741318
Q	-1.189443 -0.149265 -1.571485 -0.447375 0.162592 -1.670732 0.152183 -0.093282 -0.895561
R	-5.347334 0.740372 -2.667496 -10.584315 -0.225498 -10.231379 -1.889386 0.848684 -1.305032
S	-1.358165 0.867618 2.622064 0.400573 0.723695 0.998148 -0.275196 0.310398 -0.742487
T	-0.405310 0.692647 2.759816 1.018050 0.831477 0.408838 -0.919157 -0.214759 -1.315307
V	1.819456 0.508526 -0.609165 1.556356 0.395732 1.145912 0.020376 0.352896 1.028442
W	-0.445684 -2.478808 -3.390118 -4.173408 -5.375733 -9.459426 -3.568053 -3.084851 -2.258701
Y	1.121082 -0.673403 -0.907051 -5.034782 -1.220036 -4.700768 -1.910502 -1.013742 -0.582853
