A	1.851029	-1.896992	1.644154	0.992531	1.179549	0.656809	0.687970	0.915638	2.287247	3.602240
C	-5.182394	-5.182394	-4.012469	-5.182394	-4.012469	-5.182394	-5.182394	-4.012469	-5.182394	-3.375039
D	-3.375039	-4.012469	-1.427507	0.175158	-0.972941	-0.972941	-0.349504	-2.597432	-2.934467	-5.182394
E	-5.182394	-4.012469	-4.012469	0.748343	-0.790077	-0.553038	-0.878614	-1.567685	0.036774	-5.182394
F	-0.790077	-5.182394	0.301421	-1.182394	-0.481955	-0.414210	-0.171167	-1.896992	-2.934467	-0.481955
G	-1.427507	-3.375039	-1.896992	1.065533	1.041607	0.889068	1.157456	-1.722963	-0.878614	-3.375039
H	-0.553038	-4.012469	-0.116305	-1.073870	-1.722963	-0.972941	-0.972941	0.218485	-2.324413	-5.182394
I	0.260549	-4.012469	0.260549	-1.567685	0.218485	0.175158	0.341168	1.179549	-0.878614	-1.896992
K	0.301421	-5.182394	0.130489	0.379848	-0.790077	0.084392	-0.116305	-1.299751	-0.627806	-5.182394
L	1.402568	-1.073870	0.524965	0.036774	0.806290	1.112226	0.524965	0.036774	-0.972941	1.612022
M	-0.553038	-5.182394	-0.790077	-3.375039	-3.375039	-2.324413	-1.427507	-1.567685	-1.896992	-1.567685
N	-1.427507	-5.182394	-0.063453	-1.182394	-0.790077	-0.706661	-0.972941	-0.171167	-1.722963	-5.182394
P	-5.182394	4.196984	0.084392	1.628177	1.675587	0.992531	1.201310	1.222747	-0.706661	-1.896992
Q	-0.706661	-4.012469	-0.349504	0.036774	-0.706661	0.036774	-0.553038	-0.790077	-0.414210	-4.012469
R	1.065533	-4.012469	0.490031	-0.349504	-1.182394	0.454230	0.218485	-0.553038	-2.094932	-5.182394
S	1.402568	-3.375039	0.718472	0.748343	0.656809	0.656809	0.301421	0.341168	2.114522	-4.012469
T	0.301421	-3.375039	-0.553038	0.084392	0.175158	0.379848	0.718472	1.179549	1.383660	-3.375039
V	0.454230	-4.012469	0.379848	-0.790077	0.806290	0.417518	0.301421	1.706349	0.967353	1.179549
W	-5.182394	-5.182394	-1.722963	-2.324413	-1.896992	-2.934467	-2.597432	-2.597432	-5.182394	-4.012469
Y	-1.073870	-5.182394	0.592393	-0.878614	-1.427507	-2.324413	-1.073870	-1.567685	-1.896992	-1.722963
