A	1.976842	-2.487266	1.606246	1.018262	1.575744	1.018262	1.575744	0.924548	1.228941	2.271433	3.676923
C	-4.294621	-4.294621	-4.294621	-4.294621	-4.294621	-4.294621	-4.294621	-4.294621	-4.294621	-4.294621	-4.294621
D	-4.294621	-4.294621	-2.487266	0.538269	-1.009219	-0.539733	-1.207158	-1.009219	-1.009219	-2.487266	-4.294621
E	-4.294621	-1.709658	-2.046693	0.473564	-0.539733	0.181113	-0.539733	-0.085167	-1.709658	0.097697	-4.294621
F	-1.009219	-4.294621	0.181113	-1.709658	-1.207158	-0.835189	-0.411978	0.009160	-0.539733	-1.709658	-0.679911
G	-0.835189	-4.294621	-1.709658	0.875304	0.538269	0.824320	0.771468	1.305292	-1.709658	-1.709658	-4.294621
H	-1.009219	-3.124696	-0.411978	-1.709658	-2.046693	-0.411978	-0.835189	-1.207158	-0.679911	-1.709658	-4.294621
I	0.600197	-3.124696	0.259968	-2.487266	0.334736	0.259968	0.181113	-0.085167	0.716607	-1.207158	-1.436640
K	0.097697	-4.294621	0.405819	-0.294621	-0.539733	-0.294621	0.097697	0.405819	-1.436640	-0.679911	-4.294621
L	1.412738	-1.709658	1.106259	-0.085167	0.538269	1.062931	0.259968	0.924548	1.106259	-0.679911	1.512734
M	-0.411978	-3.124696	-0.679911	-3.124696	-2.487266	-1.709658	-3.124696	-2.046693	-1.709658	-2.487266	-2.487266
N	-1.207158	-4.294621	0.259968	-1.436640	-0.539733	-0.835189	-2.487266	-1.436640	-0.679911	-2.046693	-4.294621
P	-4.294621	4.155559	-2.046693	1.929381	1.377805	1.189195	0.473564	0.538269	0.097697	-0.835189	-1.709658
Q	-0.835189	-3.124696	-3.124696	0.538269	-1.207158	-1.009219	-0.085167	0.181113	-0.411978	0.334736	-4.294621
R	1.148323	-4.294621	0.924548	-1.009219	-0.835189	-0.186096	0.334736	-0.294621	-0.186096	-1.009219	-3.124696
S	1.267622	-3.124696	0.771468	1.446846	1.018262	0.659576	1.106259	0.771468	0.259968	2.213174	-4.294621
T	-0.085167	-3.124696	0.097697	-0.411978	0.259968	0.259968	0.600197	0.009160	1.189195	0.659576	-3.124696
V	0.334736	-2.046693	0.097697	-0.679911	1.062931	0.473564	0.473564	0.259968	1.722188	1.018262	0.924548
W	-3.124696	-4.294621	-1.009219	-3.124696	-2.487266	-3.124696	-4.294621	-3.124696	-2.487266	-4.294621	-4.294621
Y	-1.436640	-4.294621	0.259968	-2.046693	-1.709658	-3.124696	-1.207158	-1.009219	-1.207158	-2.046693	-2.046693
