A	2.128324	-2.426265	1.033167	0.859137	0.661198	1.188445	0.661198	1.033167	0.859137	0.661198	2.468553	3.797737
C	-2.426265	-2.426265	-2.426265	-2.426265	-2.426265	-2.426265	-2.426265	-2.426265	-2.426265	-2.426265	-1.256340	-2.426265
D	-2.426265	-2.426265	-2.426265	1.188445	-1.256340	0.431716	-1.256340	-2.426265	1.033167	-1.256340	-1.256340	-2.426265
E	-2.426265	-2.426265	-2.426265	-0.178337	-1.256340	-0.618910	0.158698	-0.178337	-0.618910	-2.426265	0.158698	-2.426265
F	-0.618910	-2.426265	-0.618910	-0.618910	-1.256340	-0.618910	-0.618910	-2.426265	-1.256340	-2.426265	-1.256340	-1.256340
G	-2.426265	-2.426265	-0.178337	1.456378	1.033167	1.033167	1.573735	1.783189	1.033167	-0.618910	-1.256340	-2.426265
H	-2.426265	-2.426265	-0.178337	-1.256340	-1.256340	-2.426265	-2.426265	-2.426265	-0.178337	-2.426265	-2.426265	-2.426265
I	0.431716	-2.426265	0.158698	-0.178337	1.033167	-0.618910	-1.256340	-0.618910	0.158698	1.456378	-0.178337	-2.426265
K	0.431716	-2.426265	0.431716	-0.618910	-0.178337	0.158698	-0.178337	0.431716	-0.618910	-2.426265	-2.426265	-2.426265
L	0.431716	-1.256340	0.661198	-0.618910	0.859137	1.456378	0.661198	0.859137	1.033167	1.033167	-1.256340	0.158698
M	-1.256340	-2.426265	-2.426265	-1.256340	-2.426265	-2.426265	-2.426265	-2.426265	-0.618910	-0.178337	-0.618910	-2.426265
N	-1.256340	-2.426265	-0.618910	0.431716	-0.618910	-1.256340	-0.178337	-2.426265	-1.256340	0.158698	-2.426265	-2.426265
P	-2.426265	4.020818	-1.256340	1.328623	1.573735	1.033167	1.188445	1.188445	0.431716	1.033167	-0.178337	-0.618910
Q	-0.178337	-2.426265	-1.256340	-0.618910	-1.256340	-1.256340	-0.178337	-2.426265	-1.256340	-0.618910	-1.256340	-2.426265
R	1.033167	-2.426265	1.682260	-0.618910	-0.178337	-0.618910	-0.618910	0.158698	0.661198	0.431716	-0.618910	-2.426265
S	1.456378	-2.426265	-0.618910	0.661198	0.431716	0.431716	1.328623	1.328623	0.661198	0.431716	1.783189	-2.426265
T	-0.178337	-2.426265	-2.426265	-0.618910	-0.618910	0.158698	0.158698	0.431716	-0.618910	1.033167	0.158698	-2.426265
V	0.431716	-2.426265	1.573735	-2.426265	0.859137	0.158698	0.158698	-0.618910	0.158698	0.661198	1.188445	-0.178337
W	-1.256340	-2.426265	-1.256340	-1.256340	-2.426265	-2.426265	-2.426265	-2.426265	-2.426265	-1.256340	-2.426265	-2.426265
Y	-0.618910	-2.426265	0.859137	-1.256340	-0.618910	-0.618910	-2.426265	-1.256340	-2.426265	-2.426265	-2.426265	-1.256340
