A	1.844722	-1.614710	1.472753	0.192645	0.970253	0.970253	0.192645	0.970253	0.970253	1.243271	0.970253	2.267933	3.604459
C	-1.614710	-1.614710	-0.444785	-1.614710	-0.444785	-1.614710	-1.614710	-1.614710	-1.614710	-1.614710	-1.614710	-1.614710	-1.614710
D	-1.614710	-1.614710	-1.614710	1.472753	-0.444785	-1.614710	-0.444785	-0.444785	-1.614710	-1.614710	-1.614710	-1.614710	-1.614710
E	-1.614710	-1.614710	-1.614710	0.970253	-1.614710	-0.444785	0.633218	-1.614710	0.192645	0.633218	-1.614710	-1.614710	-1.614710
F	0.192645	-1.614710	2.000000	-0.444785	-1.614710	-1.614710	-0.444785	0.633218	-1.614710	-0.444785	0.192645	-0.444785	-1.614710
G	-1.614710	-1.614710	-1.614710	0.970253	0.633218	1.472753	0.970253	1.670692	2.000000	1.472753	-0.444785	-1.614710	-1.614710
H	0.192645	-1.614710	-1.614710	-1.614710	-1.614710	-1.614710	-1.614710	0.192645	-1.614710	-1.614710	-1.614710	-1.614710	-1.614710
I	0.633218	-1.614710	-1.614710	-1.614710	0.192645	-0.444785	-1.614710	-0.444785	-1.614710	-1.614710	1.243271	-1.614710	-1.614710
K	0.633218	-1.614710	-0.444785	0.192645	-1.614710	-1.614710	0.633218	-1.614710	-0.444785	-0.444785	-0.444785	-0.444785	-1.614710
L	0.192645	-1.614710	0.633218	0.192645	-0.444785	0.970253	0.192645	0.192645	0.970253	-0.444785	1.472753	-1.614710	-1.614710
M	0.970253	-1.614710	-1.614710	-1.614710	-1.614710	-1.614710	-1.614710	-0.444785	-1.614710	-0.444785	-1.614710	-1.614710	-1.614710
N	-0.444785	-1.614710	-0.444785	-0.444785	-0.444785	-1.614710	0.192645	-1.614710	0.633218	-0.444785	0.192645	-1.614710	-1.614710
P	-1.614710	3.786170	-1.614710	0.633218	2.267933	0.192645	1.243271	1.243271	-1.614710	0.633218	-0.444785	-0.444785	-1.614710
Q	-0.444785	-1.614710	-1.614710	-0.444785	-0.444785	0.970253	-0.444785	-1.614710	0.970253	0.970253	0.192645	0.192645	-1.614710
R	0.633218	-1.614710	-0.444785	-0.444785	-1.614710	0.633218	0.192645	-1.614710	-1.614710	-0.444785	-1.614710	-0.444785	-1.614710
S	0.633218	-1.614710	-0.444785	-0.444785	0.970253	1.472753	0.192645	0.633218	0.192645	0.970253	0.192645	1.844722	-1.614710
T	-1.614710	-1.614710	-0.444785	0.192645	0.192645	-0.444785	0.970253	0.633218	0.633218	-1.614710	0.192645	0.633218	-0.444785
V	-0.444785	-1.614710	-0.444785	0.633218	-0.444785	-0.444785	-1.614710	-1.614710	-0.444785	0.192645	0.970253	1.243271	0.633218
W	-1.614710	-1.614710	0.192645	-1.614710	-0.444785	-1.614710	-1.614710	-1.614710	-1.614710	-1.614710	-0.444785	-1.614710	-1.614710
Y	-1.614710	-1.614710	1.472753	-1.614710	-1.614710	-1.614710	-0.444785	-0.444785	-1.614710	-1.614710	-1.614710	-1.614710	-1.614710
