A	1.406625	-1.618910	0.328623	0.456378	-1.178337	-0.568284	2.016679	2.868356
C	-3.426265	-3.426265	-3.426265	-3.426265	-2.256340	-3.426265	-3.426265	-2.256340
D	-2.256340	-3.426265	-1.618910	-3.426265	-3.426265	-3.426265	-1.618910	-3.426265
E	-2.256340	-3.426265	-1.618910	-0.140863	-2.256340	-0.338802	1.203092	-3.426265
F	-0.338802	-3.426265	1.274175	-0.841302	-0.140863	0.033167	-3.426265	-2.256340
G	-3.426265	-3.426265	-1.618910	-0.338802	0.033167	-2.256340	0.682260	-3.426265
H	0.188445	-3.426265	-0.140863	-1.618910	-0.568284	0.033167	-1.618910	-3.426265
I	0.328623	-3.426265	0.033167	-0.841302	2.210360	0.573735	-2.256340	0.783189
K	0.188445	-3.426265	-0.338802	0.682260	0.456378	-0.568284	0.573735	-3.426265
L	1.406625	-3.426265	0.783189	1.692676	1.743660	0.682260	-0.841302	2.210360
M	-0.338802	-3.426265	-2.256340	-3.426265	-2.256340	-2.256340	-2.256340	-2.256340
N	-2.256340	-3.426265	0.033167	-0.568284	-3.426265	-1.178337	-3.426265	-3.426265
P	-1.618910	4.169925	-1.618910	1.840522	-0.841302	2.315202	-0.841302	-1.178337
Q	-0.841302	-3.426265	-1.618910	-1.178337	-0.338802	-0.568284	-0.140863	-3.426265
R	0.328623	-3.426265	-1.178337	0.682260	0.456378	-0.338802	0.188445	-3.426265
S	1.049469	-3.426265	-0.841302	0.328623	-1.178337	0.188445	0.966053	-2.256340
T	-0.140863	-3.426265	1.584963	-0.140863	0.033167	0.966053	0.328623	-1.618910
V	1.049469	-3.426265	1.203092	0.033167	1.274175	0.573735	1.406625	1.886618
W	-3.426265	-3.426265	-0.568284	-3.426265	-3.426265	-2.256340	-3.426265	-3.426265
Y	0.573735	-3.426265	0.966053	-0.338802	-3.426265	-1.178337	-3.426265	-2.256340
