A	1.389670	0.951142	1.294955	0.561249	0.433682	0.591453	0.488212	1.940230	3.033389
C	-6.908393	-6.908393	-5.738468	-6.908393	-6.908393	-6.908393	-6.908393	-5.738468	-3.448961
D	-1.842303	-6.908393	-1.424577	0.365403	-2.140208	-1.384831	-1.897165	-2.279036	-6.908393
E	-4.323430	-3.622990	-1.842303	0.742659	-1.271768	-1.166926	-0.636930	0.812707	-6.908393
F	0.218312	-6.908393	0.742659	-0.977655	-0.286341	0.025298	-1.166926	-2.516075	-0.420553
G	-1.308480	-4.323430	-0.613772	0.678447	0.540756	0.697087	-2.140208	-0.461309	-4.323430
H	-0.733467	-6.908393	-0.342339	-0.810361	-0.613772	-0.660465	0.054503	-1.069189	-6.908393
I	0.433682	-1.550841	0.365403	-1.101038	0.281432	0.966589	0.854820	-1.595510	-0.380916
K	0.305927	-6.908393	0.054503	0.083129	0.068887	-0.163559	-0.342339	-0.323430	-5.101038
L	1.160386	-1.133606	0.640429	0.829700	0.601382	0.812707	1.105628	-0.684391	2.144175
M	-0.948391	-4.050412	-1.235967	-2.908393	-2.908393	-2.013575	-1.738468	-2.140208	-1.842303
N	-0.891584	-6.908393	0.010471	-1.069189	-0.342339	-1.235967	-0.590980	-1.641606	-6.908393
P	-5.101038	3.986993	-1.038028	1.924497	1.792047	1.098635	1.264035	-0.708720	-0.758646
Q	-0.590980	-3.622990	-0.708720	-0.546449	-0.232436	-0.660465	-0.660465	-0.146841	-6.908393
R	0.903785	-6.908393	0.678447	-0.708720	0.455742	-0.050412	-0.214906	-0.590980	-4.050412
S	1.412408	-3.153505	0.540756	0.863097	0.330012	0.444754	0.305927	1.928447	-3.448961
T	0.318020	-2.799868	-0.323430	-0.304766	0.111198	0.697087	0.669036	1.294955	-1.789452
V	0.466647	-0.304766	0.751603	-0.440787	0.958886	0.943356	1.531438	0.854820	1.997746
W	-4.323430	-6.908393	-1.465449	-2.604612	-4.050412	-3.820930	-2.279036	-5.738468	-5.738468
Y	0.125030	-6.908393	0.530399	-1.550841	-1.550841	-1.346150	-1.201033	-2.075503	-1.550841
