A	0.871525	0.031990	-0.100460	0.093918	0.642044	0.418269	0.265189	-0.246311	-0.171543	-3.630975
C	-4.800900	-4.800900	-4.800900	-2.993545	-4.800900	-3.630975	-3.630975	-3.630975	-3.630975	-4.800900
D	-4.800900	-2.993545	3.618007	0.556652	0.210327	-0.032716	-0.408582	0.511983	-0.591447	-4.800900
E	-3.630975	-4.800900	1.875057	0.835725	0.318041	0.153296	-0.171543	-0.032716	0.210327	-4.800900
F	-2.552972	-4.800900	-1.942919	-1.046012	-0.171543	-0.918257	0.369025	0.153296	0.722662	-2.215937
G	-0.325166	-2.552972	-2.215937	-0.100460	1.129837	1.129837	0.511983	0.210327	-0.325166	-3.630975
H	0.210327	-4.800900	-2.552972	-0.246311	-0.408582	-1.515498	0.031990	-0.325166	-0.032716	-4.800900
I	0.153296	-0.497119	-4.800900	-0.032716	-0.918257	-1.341468	-0.497119	-0.497119	-1.713437	-3.630975
K	2.401224	-4.800900	-3.630975	0.318041	-0.408582	0.599980	0.599980	-1.942919	0.153296	-1.942919
L	0.642044	1.516513	-2.215937	0.031990	0.465887	0.318041	0.940567	2.087843	2.041450	-1.942919
M	-1.186190	-0.800900	-1.713437	-1.515498	-1.942919	-0.497119	-1.186190	-0.325166	-1.186190	-2.552972
N	-3.630975	-4.800900	-1.942919	-0.171543	0.265189	-0.246311	-0.800900	-0.032716	-0.800900	-4.800900
P	-4.800900	-4.800900	-2.993545	1.447028	0.761343	0.599980	0.761343	-2.215937	-2.993545	-4.800900
Q	-1.186190	-4.800900	-3.630975	-0.246311	-0.497119	0.369025	0.318041	-0.100460	0.210327	-4.800900
R	2.072544	-4.800900	-3.630975	-0.497119	-0.246311	-0.497119	0.031990	-1.942919	0.318041	-4.800900
S	0.093918	2.338651	-0.246311	1.038304	1.038304	0.871525	-0.032716	0.265189	0.465887	-4.800900
T	-0.918257	2.804580	-2.993545	-0.032716	0.318041	-0.032716	-0.032716	0.369025	-0.325166	-4.800900
V	-0.100460	1.069465	-2.993545	0.265189	-0.497119	0.599980	0.031990	0.210327	-0.591447	-2.552972
W	-3.630975	-4.800900	-3.630975	-3.630975	-1.713437	-1.341468	-2.215937	-0.325166	-2.215937	-4.800900
Y	-2.993545	-4.800900	-3.630975	-2.215937	-1.046012	-1.046012	0.031990	-0.408582	0.722662	4.192746
