A	0.434600	-0.194757	-0.735325	-0.312114	0.975168	0.871332	0.505683	0.359832	0.434600	-0.086232	-3.024832
C	-3.024832	-4.194757	-4.194757	-4.194757	-4.194757	-4.194757	-4.194757	-4.194757	-4.194757	-1.609794	-4.194757
D	-4.194757	-3.024832	3.344402	0.975168	0.197561	1.367486	0.280977	0.359832	0.975168	-0.735325	-4.194757
E	-4.194757	-4.194757	2.498730	0.197561	1.118126	0.359832	0.434600	-1.946829	-0.194757	0.197561	-4.194757
F	-3.024832	-4.194757	-1.609794	-0.735325	-0.909355	-0.735325	-0.194757	0.573427	0.505683	0.573427	-1.946829
G	-0.439869	-3.024832	-1.336776	0.359832	0.700061	1.367486	0.816470	1.118126	-0.439869	-0.735325	-4.194757
H	-0.194757	-4.194757	-4.194757	-1.107294	-0.909355	-1.336776	-0.312114	-1.336776	-0.439869	-1.336776	-4.194757
I	0.359832	0.014697	-2.387402	0.197561	-0.439869	-0.580047	-0.194757	-0.439869	-0.909355	-1.336776	-4.194757
K	2.615815	-4.194757	-4.194757	0.505683	-0.439869	0.359832	0.505683	0.700061	-1.336776	0.434600	-1.336776
L	-0.194757	0.924184	-1.946829	0.434600	0.197561	0.280977	0.109024	1.512602	1.980169	2.029245	-1.946829
M	-1.609794	-0.580047	-1.609794	-1.336776	-4.194757	-1.609794	-2.387402	-1.946829	-0.580047	-1.336776	-2.387402
N	-3.024832	-4.194757	-3.024832	0.014697	-0.086232	0.280977	-0.735325	-0.439869	0.109024	-1.336776	-4.194757
P	-4.194757	-4.194757	-4.194757	0.924184	0.505683	-0.735325	0.197561	-0.439869	-0.909355	-4.194757	-4.194757
Q	-1.336776	-3.024832	-1.946829	-0.909355	0.109024	-0.735325	0.014697	-0.735325	0.197561	0.700061	-4.194757
R	2.352138	-4.194757	-4.194757	0.197561	-0.735325	-0.580047	-0.439869	-0.909355	-2.387402	0.700061	-4.194757
S	-0.580047	2.663224	-0.439869	0.871332	1.072030	0.573427	0.505683	0.505683	0.280977	-0.194757	-3.024832
T	-1.946829	2.782523	-2.387402	0.505683	0.573427	0.109024	0.359832	0.359832	0.197561	-0.580047	-4.194757
V	0.280977	0.505683	-3.024832	0.109024	-0.439869	0.109024	0.975168	0.197561	-0.086232	-0.580047	-4.194757
W	-4.194757	-4.194757	-3.024832	-3.024832	-4.194757	-4.194757	-2.387402	-1.946829	-1.336776	-2.387402	-4.194757
Y	-2.387402	-4.194757	-1.946829	-1.609794	-0.194757	-1.336776	-0.735325	-0.194757	-0.580047	1.118126	4.164993
