A	0.946451	-1.090386	0.443950	0.680989	0.819817	-0.333657	0.160157	0.051633	0.527366	0.355414	0.261086	-3.948367
C	-3.948367	-3.948367	-3.948367	-3.948367	-3.948367	-3.948367	-3.948367	-2.141012	-2.141012	-3.948367	-2.778442	-3.948367
D	-3.948367	-3.948367	3.014529	0.355414	0.051633	1.318419	-0.662965	0.606222	-1.363405	1.364516	-1.700440	-3.948367
E	-3.948367	-3.948367	2.435337	0.946451	1.117722	1.170574	0.355414	1.318419	-0.488936	1.270801	0.355414	-3.948367
F	-3.948367	-3.948367	-2.141012	0.160157	0.051633	-0.860904	-0.860904	-1.363405	0.261086	-2.141012	-0.488936	-1.700440
G	0.355414	-3.948367	-1.700440	-0.488936	-0.488936	1.062860	1.062860	0.606222	0.819817	0.819817	-2.141012	-3.948367
H	-0.065724	-2.778442	-2.778442	-1.090386	-0.860904	-0.488936	-1.363405	-0.333657	-2.141012	-1.090386	-1.090386	-3.948367
I	0.051633	-0.333657	-2.141012	0.051633	0.261086	-1.090386	-0.193480	0.051633	1.221558	-1.090386	-1.363405	-3.948367
K	2.413577	-3.948367	-2.141012	0.680989	-2.778442	0.443950	0.819817	0.527366	-0.065724	-3.948367	0.680989	-2.141012
L	-0.333657	1.005829	-1.090386	0.752072	1.117722	0.527366	0.680989	1.535449	0.884523	0.261086	2.251305	-3.948367
M	-1.363405	-0.488936	-1.090386	-2.141012	-2.141012	-2.141012	-1.090386	-0.662965	-2.141012	-0.488936	-1.090386	-3.948367
N	-3.948367	-3.948367	-1.090386	0.261086	-0.488936	0.051633	-1.090386	-1.700440	-0.662965	0.443950	-0.662965	-3.948367
P	-3.948367	-2.778442	-2.778442	0.443950	-0.193480	-1.363405	0.946451	-0.860904	-1.363405	-2.778442	-3.948367	-3.948367
Q	-1.090386	-1.363405	-0.488936	0.160157	-0.860904	-0.662965	-0.488936	-0.333657	-0.333657	-0.333657	-0.065724	-3.948367
R	2.369045	-3.948367	-3.948367	-1.363405	-1.363405	-1.700440	0.160157	-0.860904	-1.090386	-2.141012	0.752072	-3.948367
S	-0.662965	2.617687	-0.488936	0.261086	0.884523	0.606222	1.170574	0.160157	0.752072	1.793100	0.819817	-3.948367
T	-2.141012	2.813184	-3.948367	0.051633	0.355414	0.752072	-0.488936	0.261086	1.062860	0.261086	0.051633	-3.948367
V	0.261086	0.606222	-1.700440	0.261086	1.062860	0.051633	-0.193480	-0.662965	0.355414	-0.488936	-0.065724	-3.948367
W	-3.948367	-3.948367	-2.778442	-2.778442	-2.141012	-2.778442	-1.363405	-2.141012	-2.778442	-1.090386	-2.778442	-3.948367
Y	-2.778442	-3.948367	-1.363405	-0.662965	-0.065724	-0.333657	-0.488936	-0.662965	0.261086	-1.363405	0.261086	4.198838
