A	0.644238	0.376305	0.761595	-0.150942	0.221027	-0.150942	0.376305	0.516483	1.065376	1.390952	0.221027	-0.990477	-3.238405
C	-2.068480	-3.238405	-3.238405	-3.238405	-3.238405	-3.238405	-3.238405	-3.238405	-3.238405	-1.431050	-3.238405	-2.068480	-3.238405
D	-3.238405	-3.238405	2.961268	0.221027	0.046997	0.221027	0.870120	0.761595	0.046997	0.046997	0.870120	-3.238405	-3.238405
E	-3.238405	-3.238405	2.692333	0.870120	0.870120	0.870120	0.870120	0.761595	0.971049	-0.380424	0.644238	-0.380424	-3.238405
F	-3.238405	-3.238405	-3.238405	-2.068480	-0.653442	0.046997	-0.990477	-1.431050	-2.068480	-0.150942	-0.150942	0.761595	-1.431050
G	0.644238	-3.238405	-3.238405	-0.380424	-0.380424	0.516483	0.644238	-0.150942	0.761595	0.971049	0.761595	-2.068480	-3.238405
H	0.221027	-3.238405	-2.068480	-0.990477	-0.380424	-1.431050	-2.068480	-0.990477	-0.990477	-0.150942	-0.990477	-0.990477	-3.238405
I	0.516483	-0.990477	-2.068480	0.221027	0.516483	0.870120	-0.990477	-0.380424	1.153913	0.761595	-0.150942	-0.990477	-3.238405
K	2.361508	-3.238405	-3.238405	0.761595	-0.990477	0.046997	0.870120	0.870120	-0.653442	-0.653442	-0.653442	0.046997	-3.238405
L	-0.653442	0.644238	-3.238405	0.761595	0.644238	0.516483	0.221027	1.065376	0.376305	-0.653442	0.644238	2.503062	-2.068480
M	-0.990477	-1.431050	-0.990477	-2.068480	-2.068480	-1.431050	-0.990477	-0.990477	-3.238405	-2.068480	-2.068480	-1.431050	-3.238405
N	-3.238405	-3.238405	-3.238405	0.376305	-0.990477	0.221027	0.971049	-0.990477	-2.068480	-2.068480	0.644238	-2.068480	-3.238405
P	-3.238405	-3.238405	-3.238405	1.462035	0.376305	0.046997	-0.990477	0.644238	0.376305	-3.238405	-3.238405	-3.238405	-3.238405
Q	-0.653442	-3.238405	-0.653442	-0.380424	0.644238	-0.990477	-0.150942	0.516483	-0.150942	-2.068480	0.046997	0.376305	-3.238405
R	2.028382	-3.238405	-2.068480	-0.380424	0.046997	-0.380424	-0.380424	-0.990477	0.221027	0.221027	-0.653442	1.715792	-3.238405
S	0.046997	2.600799	-0.380424	0.761595	0.971049	0.971049	0.971049	0.971049	0.644238	1.065376	0.870120	-0.380424	-3.238405
T	-0.653442	2.936521	-3.238405	-0.380424	0.376305	0.644238	-0.380424	-0.150942	-1.431050	0.376305	0.046997	-0.150942	-3.238405
V	-0.990477	0.221027	-2.068480	-0.150942	0.376305	-0.150942	0.046997	-0.380424	0.376305	0.644238	0.644238	-0.150942	-3.238405
W	-3.238405	-3.238405	-3.238405	-1.431050	-3.238405	-3.238405	-2.068480	-2.068480	-1.431050	-0.653442	-0.653442	-3.238405	-3.238405
Y	-2.068480	-3.238405	-2.068480	-1.431050	-0.150942	-0.990477	-0.990477	-2.068480	-0.150942	-0.150942	-0.990477	-0.380424	4.136635
