A	1.247093	-2.507795	-0.259867	0.777608	0.350186	0.077168	0.579668	-0.700440	0.951637	0.077168	0.951637	0.077168	0.579668	-2.507795
C	-2.507795	-2.507795	-2.507795	-1.337870	-1.337870	-2.507795	-2.507795	-2.507795	-2.507795	-2.507795	-1.337870	-2.507795	-2.507795	-2.507795
D	-2.507795	-2.507795	2.611146	1.374848	-0.259867	-0.259867	-0.259867	1.106915	1.492205	0.951637	-1.337870	0.350186	-2.507795	-2.507795
E	-2.507795	-2.507795	2.611146	0.579668	1.374848	0.777608	0.077168	0.951637	0.350186	1.247093	-1.337870	0.350186	-0.700440	-2.507795
F	-2.507795	-2.507795	-2.507795	-2.507795	-1.337870	-1.337870	-0.700440	-0.700440	-2.507795	-1.337870	0.077168	0.077168	0.077168	-2.507795
G	0.077168	-2.507795	-1.337870	-0.259867	0.777608	1.106915	0.579668	0.951637	0.579668	0.777608	1.492205	0.077168	-1.337870	-2.507795
H	-2.507795	-2.507795	-2.507795	-1.337870	-0.700440	-1.337870	-0.700440	0.350186	-1.337870	0.077168	-1.337870	-0.700440	-0.700440	-2.507795
I	-0.259867	-0.700440	0.077168	0.951637	0.777608	-1.337870	0.077168	-1.337870	0.077168	-0.259867	0.077168	-0.259867	-1.337870	-2.507795
K	2.503433	-2.507795	-2.507795	0.077168	-1.337870	0.951637	-0.259867	-0.259867	-0.259867	-0.259867	-0.700440	-2.507795	0.350186	-2.507795
L	-1.337870	0.777608	-1.337870	0.579668	0.077168	0.077168	1.247093	0.579668	0.350186	0.579668	-0.259867	0.777608	2.260390	-2.507795
M	-0.700440	-1.337870	-0.700440	-2.507795	-1.337870	-1.337870	-2.507795	-1.337870	-2.507795	-1.337870	0.077168	-2.507795	0.077168	-2.507795
N	-2.507795	-2.507795	-1.337870	-0.700440	-0.259867	-0.259867	-0.700440	-0.259867	0.350186	-0.700440	-0.259867	0.777608	-0.259867	-2.507795
P	-2.507795	-2.507795	-2.507795	1.247093	-0.259867	0.077168	0.077168	0.579668	0.077168	0.579668	-1.337870	-2.507795	-2.507795	-2.507795
Q	-1.337870	-2.507795	0.350186	-1.337870	-0.259867	0.077168	-0.700440	-0.259867	-0.259867	0.077168	0.077168	0.579668	0.350186	-2.507795
R	2.192645	-1.337870	-2.507795	0.350186	-2.507795	0.077168	0.077168	-0.700440	-0.259867	-0.700440	-1.337870	-0.259867	0.951637	-2.507795
S	0.350186	2.611146	-0.259867	0.579668	0.777608	0.350186	0.777608	1.106915	1.106915	0.077168	0.579668	0.350186	-0.259867	-2.507795
T	-1.337870	2.711374	-2.507795	-0.700440	0.579668	0.951637	0.951637	-2.507795	0.350186	0.077168	0.951637	0.350186	0.077168	-2.507795
V	-0.259867	0.951637	-2.507795	-1.337870	0.951637	0.350186	0.579668	0.579668	-1.337870	-1.337870	-0.259867	0.951637	-0.700440	-2.507795
W	-2.507795	-2.507795	-2.507795	-1.337870	-2.507795	-2.507795	-2.507795	-2.507795	-1.337870	-2.507795	-0.259867	0.077168	-1.337870	-2.507795
Y	-2.507795	-2.507795	-1.337870	-2.507795	-0.700440	-0.259867	-0.700440	-1.337870	-2.507795	0.350186	0.350186	-0.259867	-0.259867	4.058259
