A	0.139403	0.749457	-0.938599	-0.938599	0.749457	-0.301170	0.476438	-2.108524
C	-2.108524	-2.108524	-2.108524	-2.108524	-2.108524	-2.108524	-2.108524	-2.108524
D	-2.108524	0.749457	3.761840	0.139403	-2.108524	0.476438	-0.938599	-2.108524
E	-2.108524	-2.108524	-0.938599	0.476438	-0.301170	-0.938599	-0.301170	-2.108524
F	-2.108524	-2.108524	-2.108524	0.139403	-0.938599	-0.938599	-2.108524	-2.108524
G	-0.938599	-2.108524	-0.301170	0.476438	-0.301170	-2.108524	-0.938599	-2.108524
H	-0.938599	-2.108524	-2.108524	-0.301170	-0.301170	-0.301170	0.476438	-2.108524
I	1.350907	0.476438	-2.108524	0.978938	0.476438	0.476438	-0.938599	-2.108524
K	1.506185	-2.108524	-2.108524	1.350907	-0.938599	-2.108524	2.195256	0.749457
L	0.476438	-0.301170	-2.108524	0.139403	-2.108524	2.659660	1.506185	-2.108524
M	-0.938599	-0.938599	-0.938599	-0.301170	-0.301170	0.749457	-0.301170	-2.108524
N	-0.938599	-2.108524	-0.938599	-0.938599	0.749457	-0.938599	-0.938599	-2.108524
P	-2.108524	-2.108524	-2.108524	-2.108524	2.283793	-2.108524	-0.938599	-2.108524
Q	-0.938599	-2.108524	-2.108524	-0.301170	0.139403	0.978938	-0.938599	-2.108524
R	1.774119	-2.108524	-2.108524	-2.108524	-2.108524	-2.108524	0.978938	-2.108524
S	-0.301170	1.646363	-0.938599	0.476438	0.978938	-0.301170	-0.301170	-2.108524
T	0.476438	2.659660	-2.108524	0.139403	-0.938599	-0.938599	-0.938599	-2.108524
V	0.749457	0.749457	-2.108524	1.176878	0.139403	-0.301170	-2.108524	-2.108524
W	-2.108524	-2.108524	-2.108524	-2.108524	-2.108524	-2.108524	-2.108524	-2.108524
Y	-0.301170	-2.108524	-2.108524	-2.108524	-2.108524	-0.938599	-0.301170	3.822213
