A	0.934412	0.315502	-0.597035	0.409014	0.031709	0.070389	-0.272685	-0.597035	-5.491853
C	-5.491853	-5.491853	-5.491853	-4.321928	-3.684498	-3.684498	-5.491853	-4.321928	-5.491853
D	-5.491853	-3.684498	3.640004	0.249614	0.031709	-0.862496	0.315502	-1.188072	-5.491853
E	-5.491853	-5.491853	1.904752	0.683073	0.315502	-0.658963	0.847997	0.891851	-5.491853
F	-2.032421	-5.491853	-2.404390	-0.272685	0.249614	0.524955	-0.862496	0.249614	-2.032421
G	-0.008037	-4.321928	-2.633872	0.347351	0.070389	-0.537657	-0.723669	-0.090974	-5.491853
H	-0.225067	-5.491853	-2.404390	-0.597035	0.378512	0.070389	-0.658963	-0.178970	-3.243926
I	0.347351	0.347351	-3.684498	-0.225067	0.315502	0.249614	-0.425764	-1.609210	-3.684498
K	2.493989	-5.491853	-5.491853	0.632268	0.315502	-0.372912	-2.633872	0.825560	-1.016120
L	0.031709	1.236067	-3.684498	0.215506	1.166358	0.975752	2.576925	1.904752	-2.906891
M	-0.723669	-0.048910	-2.633872	-2.404390	-1.609210	-0.480626	-0.658963	-0.862496	-3.684498
N	-3.243926	-4.321928	-2.404390	-0.723669	0.249614	0.524955	-0.537657	-1.282400	-5.491853
P	-4.321928	-5.491853	-4.321928	1.093109	-0.791413	0.144772	-0.425764	-2.633872	-5.491853
Q	-0.791413	-3.243926	-0.862496	-0.048910	0.347351	-0.008037	0.031709	0.144772	-5.491853
R	1.781943	-5.491853	-4.321928	0.468149	-0.480626	0.031709	-1.609210	0.707819	-3.684498
S	0.378512	2.443312	-0.134301	0.756074	0.180572	0.215506	0.347351	0.249614	-5.491853
T	-0.791413	2.661699	-1.736966	-0.225067	0.108060	1.015942	-0.272685	0.031709	-5.491853
V	0.108060	0.891851	-3.243926	-0.008037	-0.090974	0.683073	-0.048910	0.070389	-1.282400
W	-5.491853	-5.491853	-4.321928	-3.243926	-2.633872	-3.243926	-1.736966	-3.684498	-4.321928
Y	-2.032421	-3.684498	-5.491853	-0.791413	-0.048910	-1.282400	-0.597035	-0.090974	4.178361
