A	0.843658	1.860936	1.033403	-0.221526	0.955118	0.691011	0.102825	0.407218	0.483569	-3.946419
C	-5.116344	-3.946419	-3.946419	-3.946419	-3.946419	-5.116344	-5.116344	-5.116344	-5.116344	-5.116344
D	-5.116344	-3.946419	2.343088	1.903247	0.900464	-0.415904	-0.724027	-1.233701	-2.258363	-5.116344
E	-0.415904	-1.233701	0.241208	0.981688	0.754021	-0.283454	-1.116344	-0.050255	0.445898	-5.116344
F	1.288798	-1.233701	0.955118	-1.361456	-1.007820	-1.116344	-1.007820	-1.116344	-1.361456	2.122061
G	-0.724027	-2.868416	-3.308989	0.900464	1.577143	1.411133	1.678072	-0.050255	-0.724027	-5.116344
H	0.002597	-5.116344	-1.116344	-1.501634	0.150443	-0.162148	-0.283454	0.326600	-0.561755	-2.028881
I	-0.640611	-0.561755	0.520281	-1.656912	-1.656912	-0.348160	0.002597	-0.640611	-2.258363	-3.308989
K	0.326600	-5.116344	0.284535	0.367472	-0.724027	-0.050255	0.150443	-1.116344	0.367472	-5.116344
L	-0.105117	0.196539	-2.868416	-1.501634	-1.116344	-0.561755	0.784523	0.722860	0.196539	0.150443
M	-1.361456	-1.656912	-0.640611	-2.258363	-3.946419	-2.028881	-1.830942	-0.906891	-3.308989	-2.028881
N	-1.233701	-5.116344	-0.906891	-0.348160	-0.348160	-0.050255	0.002597	0.407218	-0.561755	-5.116344
P	-5.116344	-2.868416	-1.361456	1.860936	1.559613	0.722860	0.691011	-1.830942	-1.361456	-5.116344
Q	-1.830942	1.594462	-2.028881	-0.906891	-0.348160	0.150443	0.196539	0.722860	0.483569	-5.116344
R	0.784523	-3.946419	-1.007820	-1.501634	-1.116344	-0.283454	-0.221526	-0.906891	-0.162148	-3.946419
S	0.556081	1.523901	-0.221526	0.722860	0.556081	1.223506	0.367472	1.033403	1.903247	-5.116344
T	0.053581	1.678072	-1.501634	-0.486987	-0.724027	0.784523	0.556081	1.594462	1.645207	-5.116344
V	0.843658	1.594462	-0.162148	-1.233701	-0.221526	0.196539	0.241208	0.928050	0.326600	-2.258363
W	-5.116344	-3.946419	-2.258363	-5.116344	-2.531381	-3.946419	-3.946419	-2.028881	-3.946419	-3.946419
Y	1.741637	-0.640611	0.784523	-1.116344	-1.656912	-1.830942	-0.812563	-1.830942	0.053581	3.728362
