A	0.197939	2.843274	-0.000000	0.371969	0.667425	1.216318	1.021062	-0.229482	-0.502500	0.667425	-3.087463
C	-3.087463	-3.087463	-3.087463	-3.087463	-3.087463	-3.087463	-3.087463	-3.087463	-3.087463	-3.087463	-3.087463
D	-3.087463	-3.087463	1.680721	2.619896	0.197939	1.304855	0.527247	-1.280108	-0.839535	-3.087463	-3.087463
E	-3.087463	-3.087463	-0.229482	0.197939	-0.839535	1.021062	-0.229482	-1.917538	-0.502500	-0.229482	-3.087463
F	1.021062	-3.087463	0.667425	-3.087463	-0.839535	-3.087463	-0.502500	-0.502500	-3.087463	-1.280108	2.179324
G	-1.280108	-3.087463	-3.087463	1.304855	1.467126	1.304855	1.745427	1.388271	0.371969	-3.087463	-3.087463
H	-0.229482	-3.087463	-0.839535	-1.917538	-0.229482	-0.839535	0.527247	-1.280108	-0.229482	-1.280108	-1.917538
I	-0.502500	-0.502500	1.467126	-3.087463	-0.839535	-1.280108	-1.280108	0.197939	0.527247	-1.917538	-3.087463
K	-0.000000	-3.087463	1.388271	-3.087463	-1.280108	0.197939	-0.502500	-1.280108	-0.502500	-0.229482	-3.087463
L	-0.839535	-0.839535	-1.917538	-1.917538	-0.839535	-1.280108	0.197939	1.745427	1.388271	-0.000000	0.912537
M	-3.087463	-0.839535	-0.502500	-1.917538	-3.087463	-1.280108	-1.917538	-0.502500	-1.917538	-1.280108	-1.280108
N	-1.917538	-3.087463	-0.839535	-0.000000	-0.229482	-0.502500	0.197939	-0.229482	-0.839535	-1.280108	-3.087463
P	-3.087463	-3.087463	-1.917538	1.467126	2.179324	-0.502500	-0.000000	-0.229482	-1.917538	-1.280108	-3.087463
Q	-1.917538	1.388271	-1.917538	-0.229482	-0.000000	-0.502500	-0.502500	-1.280108	1.467126	0.527247	-3.087463
R	0.795180	-3.087463	-0.839535	-1.280108	-0.839535	0.197939	-0.229482	-0.839535	-1.917538	0.197939	-3.087463
S	1.388271	1.612977	-0.502500	0.371969	1.121991	0.197939	0.527247	1.745427	1.807355	1.388271	-3.087463
T	-0.000000	1.216318	-3.087463	-1.917538	-0.229482	0.795180	-0.000000	0.197939	0.795180	1.612977	-3.087463
V	0.667425	0.197939	-0.000000	-1.280108	-0.839535	-0.502500	-0.229482	-0.229482	0.197939	1.541894	-1.917538
W	-3.087463	-3.087463	-1.917538	-3.087463	-3.087463	-3.087463	-1.917538	-3.087463	-1.917538	-3.087463	-3.087463
Y	2.355481	-0.839535	1.304855	-0.839535	-3.087463	-0.839535	-1.917538	-0.229482	-3.087463	0.795180	3.459432
