A	0.606464	2.383004	0.472371	-0.318682	0.980371	-0.490635	1.277046	-4.794416
C	-4.794416	-4.794416	-4.794416	-4.794416	-4.794416	-4.794416	-4.794416	-4.794416
D	-2.987061	-4.794416	1.194269	-1.039528	-4.794416	-3.624491	-2.209453	-4.794416
E	-3.624491	-4.794416	-1.509014	0.912943	-3.624491	-1.706953	1.453512	-4.794416
F	1.429586	-1.936435	0.375509	-1.706953	-1.509014	-3.624491	-2.987061	0.729146
G	-2.209453	-2.209453	-0.318682	-1.179706	1.733061	-2.209453	-4.794416	-4.794416
H	1.075949	-3.624491	0.159780	-0.685891	0.424753	0.518467	-0.685891	-2.987061
I	0.472371	-1.706953	-0.026232	0.216811	1.136321	-0.402098	-1.039528	-0.093976
K	-2.209453	-2.546488	1.589288	0.842209	-2.987061	0.729146	0.563136	-4.794416
L	0.159780	-1.706953	-1.179706	0.767827	-0.165059	1.044788	0.038474	2.909488
M	-0.318682	-2.546488	-1.334984	-3.624491	-1.509014	-2.987061	-2.546488	-0.318682
N	-1.039528	-4.794416	0.159780	-0.318682	-1.509014	-0.685891	-1.936435	-4.794416
P	-4.794416	-3.624491	-0.318682	1.012939	0.271673	0.563136	-2.987061	-4.794416
Q	-1.706953	2.754406	-1.334984	-0.239827	-0.911773	0.878009	0.563136	-4.794416
R	-1.334984	-2.987061	-0.093976	0.038474	-2.209453	1.752479	-0.165059	-4.794416
S	1.012939	1.567528	-0.685891	0.100402	0.375509	1.249978	1.380510	-4.794416
T	-0.026232	0.472371	-1.039528	0.271673	0.729146	0.729146	1.277046	-4.794416
V	0.842209	-0.239827	-0.685891	1.790547	1.983661	0.038474	1.277046	0.729146
W	-3.624491	-4.794416	-3.624491	-3.624491	-4.794416	-4.794416	-4.794416	-4.794416
Y	1.845829	-0.093976	1.500205	-2.546488	-4.794416	-2.987061	-1.334984	2.773540
