A	0.900829	2.113355	1.156414	0.144572	0.280033	0.553155	0.444669	0.935604	-2.824063
C	-6.700257	-5.488753	-5.193297	-8.948185	-5.662782	-5.065542	-4.555867	-5.065542	-7.778260
D	-1.297133	-8.948185	1.305663	1.431464	-0.920279	-1.874043	-1.847522	-2.543043	-8.948185
E	-0.327965	-1.057920	-0.498004	1.735468	-0.341779	-0.826651	0.261878	0.931781	-7.140830
F	0.679349	-0.714565	0.141266	-2.307940	-0.599457	-0.702632	-1.733866	-1.370756	1.734371
G	-0.892902	-2.382131	-2.326133	0.726449	0.618821	0.625936	-1.628513	-1.035295	-8.948185
H	-0.004937	-7.778260	-0.393596	-1.235658	0.373180	-0.566642	0.540660	-0.213475	-1.160282
I	0.347584	0.164255	0.724241	-1.488753	0.344712	0.986243	-0.060964	-1.697886	0.227988
K	0.681627	-6.700257	1.119922	0.234210	0.904735	-0.337160	-0.230508	0.688440	-2.903791
L	-0.107407	1.478080	-0.561244	-0.684915	0.031241	0.642402	0.962083	-0.119255	2.086958
M	-1.519825	-0.976641	-0.826651	-2.988183	-2.480579	-2.044303	-1.468404	-2.480579	-0.239101
N	-0.610563	-5.333475	0.066533	-0.256441	-0.004937	-0.655863	-0.309749	-0.948185	-8.948185
P	-6.363222	-1.050339	-0.644404	1.491127	0.692964	0.423047	0.111160	-2.326133	-8.948185
Q	-0.738731	1.555889	-0.539855	-0.163550	-0.243416	-0.200831	0.658683	0.545671	-8.948185
R	0.083861	-4.948185	-0.221967	-1.235658	0.160993	-0.337160	0.131300	-0.023372	-3.311560
S	1.126626	0.658683	0.252714	0.748348	0.530585	0.735249	1.126626	1.560848	-7.778260
T	0.375996	0.728654	-0.955246	-0.155394	0.243491	1.022640	0.914453	1.471512	-6.700257
V	1.033383	0.941319	-0.053367	-0.872706	0.873191	1.360723	0.891019	0.810039	1.584171
W	-4.115295	-7.140830	-4.247745	-4.472451	-3.882096	-5.860722	-3.778260	-7.778260	-3.047318
Y	0.780586	0.373180	0.563074	-2.564480	-0.969474	-1.562322	-1.458337	-0.788313	2.684243
