A	1.000000	-3.209453	-0.121991	-0.121991	-0.351472	0.405256	0.405256	-0.961526	-3.209453
C	-3.209453	-3.209453	-3.209453	-3.209453	-3.209453	-3.209453	-3.209453	-3.209453	-3.209453
D	-3.209453	-3.209453	0.673190	1.744743	-0.351472	-1.402098	-3.209453	-3.209453	-3.209453
E	-3.209453	-3.209453	-3.209453	1.000000	-0.624491	0.405256	0.075949	0.673190	-3.209453
F	-3.209453	-1.402098	1.266280	-2.039528	-0.121991	0.673190	-0.351472	-1.402098	2.314109
G	2.057333	-3.209453	-0.624491	1.419903	0.075949	-1.402098	-3.209453	-0.121991	-3.209453
H	-2.039528	-3.209453	-0.961526	-2.039528	-0.351472	-1.402098	1.000000	-0.121991	-3.209453
I	-1.402098	-3.209453	0.899071	-2.039528	1.266280	1.000000	1.000000	-3.209453	0.249978
K	1.909488	-1.402098	-0.624491	0.075949	0.899071	0.075949	-1.402098	1.182864	1.182864
L	-2.039528	-3.209453	1.490986	-0.121991	1.000000	0.405256	1.000000	0.249978	2.660911
M	-3.209453	-3.209453	-0.624491	-3.209453	-2.039528	-0.961526	-0.624491	-0.961526	-0.121991
N	-3.209453	-3.209453	0.545434	-0.624491	-0.624491	-0.961526	-1.402098	0.899071	-3.209453
P	-3.209453	-3.209453	-3.209453	1.856636	0.075949	1.345135	0.405256	-2.039528	-3.209453
Q	-1.402098	0.790547	-0.351472	-0.961526	-0.351472	-0.351472	0.405256	1.266280	-3.209453
R	1.558731	2.888579	-3.209453	-3.209453	-2.039528	-0.961526	-2.039528	0.075949	0.673190
S	1.490986	-3.209453	-0.121991	0.899071	0.545434	-0.624491	-0.624491	0.673190	-2.039528
T	-0.961526	-2.039528	0.249978	-0.351472	-0.624491	0.405256	0.673190	1.345135	-3.209453
V	-0.351472	-1.402098	0.899071	-3.209453	1.558731	1.558731	1.182864	-0.121991	-0.121991
W	-3.209453	-2.039528	-3.209453	-3.209453	-3.209453	-3.209453	-2.039528	-3.209453	-3.209453
Y	-0.121991	2.990219	0.249978	-1.402098	-0.961526	-2.039528	0.545434	-0.624491	-1.402098
