A	-1.444616 0.963431 2.309968 1.893253 1.047608 2.738180 1.216300 1.303144 1.430082
C	-7.510540 -7.510503 -7.510535 -5.124677 -7.411004 -6.617662 -4.605202 -7.510456 -7.510540
D	-7.010903 -1.663493 -2.858808 1.173959 -0.729440 -0.662337 -3.027567 -0.731652 -0.109371
E	-6.106485 0.793834 -0.840764 -1.117086 0.187722 -1.344465 0.511940 0.273542 -0.390332
F	2.078596 -2.400993 -0.763994 0.471237 -2.101041 -1.104387 0.547479 -1.695928 -0.536486
G	-2.217068 -2.204140 0.063252 -1.965018 -0.947573 -0.634657 0.455435 0.095617 -0.536306
H	-6.402773 -0.523985 -2.590310 -7.367429 -0.428247 -4.022627 0.502027 -1.886662 -7.476539
I	2.601877 0.120116 1.027890 0.686801 -1.033274 -1.702027 -0.149751 -0.665208 -0.129232
K	-7.127191 1.291439 -1.326632 -4.327125 1.550960 -0.761761 -0.165221 0.923554 1.370410
L	0.716541 -0.241748 -0.272848 1.384525 -0.750115 -2.913308 0.647688 1.214896 0.351235
M	-1.016086 -2.420829 -1.149639 -1.228753 -3.015853 -2.479952 -3.875168 -2.995418 -0.402237
N	-7.312633 -1.288255 -1.424773 0.635249 -0.858049 -0.495805 0.788753 -0.538073 -0.815412
P	-3.647757 -6.671431 0.113159 -6.976780 1.170886 0.421078 0.075809 1.583124 -6.559599
Q	-7.087228 0.553571 -0.416496 -1.478523 0.326024 -1.106964 0.241211 -0.426944 -1.109714
R	-2.082493 1.337277 -1.531373 -5.102391 0.718224 -1.589286 0.113746 0.669758 1.835576
S	-3.910610 0.203858 0.955244 0.647797 0.426733 1.986615 -0.523002 0.548778 -0.413473
T	-7.097595 0.757431 0.583715 -0.705312 0.739896 0.639656 -1.198898 -0.883673 -0.690675
V	0.865038 1.210514 0.982560 0.311573 0.686439 0.558622 0.329082 -0.242499 1.110844
W	-1.003114 -4.097364 -7.222558 -2.282495 -7.510503 -7.506326 -3.824025 -7.510298 -7.502784
Y	2.075444 -0.519019 -0.227415 0.694165 -2.169264 -3.878941 -0.142436 -2.190075 -0.872282
