A	0.705906	2.781973	2.425306	0.312152	0.399970	0.312152	0.152752	-0.145771	0.996248	-5.588715
C	-5.588715	-2.730734	-2.129283	-4.418790	-5.588715	-3.340787	-3.340787	-4.418790	-5.588715	-5.588715
D	-3.340787	-5.588715	0.899125	1.742202	0.773229	-0.321928	-1.284934	-2.129283	-3.003752	-5.588715
E	-2.303312	0.610958	-0.577487	0.837550	0.455679	-0.104899	-1.379261	-0.418790	0.728698	-5.588715
F	1.511948	-1.034126	0.794990	-1.034126	-1.112981	-1.588715	-0.469774	-1.379261	-0.418790	1.880927
G	-2.129283	-2.501252	-1.588715	0.342023	1.315167	1.300029	1.471981	-0.888275	-2.303312	-5.588715
H	-0.755825	-3.340787	-1.974005	-0.888275	-0.187835	-0.369546	-0.104899	0.561032	-1.112981	-4.418790
I	-0.231163	-2.303312	-0.187835	-1.379261	-0.634518	-0.187835	-0.145771	-0.418790	-1.379261	-4.418790
K	0.751135	-4.418790	-0.577487	-0.693897	-0.755825	0.011198	0.281650	0.083711	-0.321928	-5.588715
L	-0.231163	-1.196397	-0.418790	-1.588715	-0.275832	-0.418790	0.610958	1.104772	0.561032	1.998125
M	-1.196397	-2.501252	-0.959358	-1.974005	-2.730734	-2.501252	-2.129283	-1.379261	-2.129283	-0.522625
N	-1.196397	-4.418790	-1.112981	0.218640	-0.634518	-0.145771	0.118644	-0.321928	-1.284934	-5.588715
P	-5.588715	0.659213	-1.112981	1.921060	1.950444	1.471981	0.958180	-0.418790	-1.379261	-5.588715
Q	-1.480190	-2.129283	-1.379261	-0.065153	-0.369546	-0.693897	-0.104899	0.794990	0.186072	-5.588715
R	0.728698	-3.781360	-0.959358	-1.196397	-0.693897	0.561032	0.561032	1.471981	-0.469774	-5.588715
S	1.051530	1.625604	1.033337	0.682748	0.482748	0.794990	0.342023	0.083711	1.730957	-5.588715
T	0.118644	1.471981	-0.469774	-0.522625	-0.693897	0.399970	0.152752	0.816427	1.511948	-5.588715
V	0.751135	0.728698	0.047910	-1.284934	0.186072	0.342023	0.083711	0.858369	1.051530	-2.501252
W	-3.340787	-4.418790	-3.340787	-3.781360	-2.501252	-3.340787	-3.781360	-2.730734	-5.588715	-3.003752
Y	1.649690	-1.706072	0.011198	-0.820530	-1.706072	-1.480190	-0.418790	-1.034126	-0.026472	3.457045
