A	0.782246	3.225376	1.317740	0.935870	1.201331	0.415037	0.698830	-0.408085	0.061401	1.573300	-3.693487
C	-3.693487	-3.693487	-2.523562	-3.693487	-3.693487	-3.693487	-3.693487	-3.693487	-2.523562	-3.693487	-3.693487
D	-3.693487	-3.693487	0.782246	1.906426	-0.408085	0.861102	0.189156	-0.234055	-2.523562	-2.523562	-3.693487
E	-3.693487	-0.606024	-0.606024	0.935870	0.610294	0.061401	-1.108524	-1.108524	-1.108524	0.515966	-3.693487
F	1.476438	-1.445559	1.074697	-1.886132	-1.108524	-1.108524	-0.078777	-0.606024	-1.108524	-0.606024	1.707392
G	-1.445559	-1.886132	-1.445559	0.782246	1.260709	1.139403	1.372602	1.790329	-0.606024	-1.445559	-3.693487
H	-0.408085	-3.693487	-1.445559	-1.886132	0.189156	-0.606024	0.306513	-0.408085	0.515966	-1.445559	-3.693487
I	-0.234055	-3.693487	0.189156	-1.445559	-0.234055	-0.408085	-0.606024	0.189156	0.061401	-0.835506	-3.693487
K	0.189156	-3.693487	-0.408085	-1.445559	-1.445559	0.415037	-0.408085	-0.408085	-0.078777	-0.078777	-3.693487
L	-1.108524	-0.835506	0.515966	-2.523562	-0.835506	-0.606024	1.006953	0.610294	1.425454	0.189156	1.943138
M	-0.408085	-2.523562	-0.835506	-3.693487	-1.886132	-1.886132	-1.108524	-1.445559	-0.606024	-2.523562	0.189156
N	-1.445559	-3.693487	-1.886132	-0.234055	-0.606024	-1.108524	-1.886132	-0.234055	-1.445559	-2.523562	-3.693487
P	-3.693487	-0.606024	-1.445559	1.978938	1.139403	1.830075	0.515966	-0.234055	-0.234055	-1.886132	-3.693487
Q	-1.445559	-3.693487	-1.108524	-2.523562	-0.606024	0.189156	-0.408085	-0.606024	1.139403	-0.835506	-3.693487
R	0.861102	-3.693487	-1.445559	-1.886132	0.189156	-0.408085	-0.234055	0.189156	1.476438	-0.408085	-3.693487
S	1.425454	1.830075	0.861102	1.139403	1.317740	0.515966	1.260709	0.935870	0.782246	1.201331	-3.693487
T	-0.606024	1.619396	-0.835506	-1.108524	-1.108524	-0.078777	0.306513	0.515966	-0.408085	1.790329	-3.693487
V	1.006953	-0.835506	0.861102	-0.606024	-0.078777	-0.835506	-0.606024	0.515966	0.306513	1.425454	-1.886132
W	-3.693487	-3.693487	-1.886132	-2.523562	-2.523562	-2.523562	-3.693487	-2.523562	-3.693487	-3.693487	-3.693487
Y	1.525682	-3.693487	1.201331	-1.445559	-0.835506	-1.445559	-1.445559	-0.408085	-1.886132	-0.234055	3.367209
