A	0.000000	3.039528	0.000000	-1.169925	1.078003	0.637430	0.000000	0.000000	-1.169925	1.078003	0.000000	-1.169925
C	-1.169925	-1.169925	-1.169925	-1.169925	-1.169925	-1.169925	-1.169925	-1.169925	0.000000	-1.169925	-1.169925	-1.169925
D	-1.169925	-1.169925	1.078003	1.415037	-1.169925	0.000000	0.000000	0.000000	-1.169925	-1.169925	-1.169925	-1.169925
E	-1.169925	-1.169925	-1.169925	-1.169925	-1.169925	0.000000	0.000000	0.637430	-1.169925	-1.169925	1.415037	-1.169925
F	1.917538	-1.169925	1.078003	-1.169925	0.000000	1.078003	-1.169925	-1.169925	-1.169925	-1.169925	-1.169925	1.415037
G	-1.169925	0.000000	-1.169925	1.415037	0.000000	0.000000	1.688056	1.688056	1.688056	-1.169925	-1.169925	-1.169925
H	-1.169925	-1.169925	-1.169925	-1.169925	-1.169925	-1.169925	-1.169925	-1.169925	0.637430	0.000000	-1.169925	-1.169925
I	-1.169925	-1.169925	0.637430	-1.169925	-1.169925	0.000000	0.000000	-1.169925	-1.169925	-1.169925	-1.169925	-1.169925
K	-1.169925	-1.169925	0.000000	0.000000	-1.169925	-1.169925	-1.169925	0.000000	0.000000	0.637430	-1.169925	-1.169925
L	0.000000	-1.169925	0.000000	0.000000	-1.169925	-1.169925	1.078003	0.000000	-1.169925	0.000000	0.000000	1.688056
M	0.000000	-1.169925	-1.169925	-1.169925	-1.169925	-1.169925	-1.169925	-1.169925	-1.169925	-1.169925	0.000000	-1.169925
N	-1.169925	-1.169925	0.000000	-1.169925	0.000000	-1.169925	-1.169925	-1.169925	0.000000	0.000000	-1.169925	-1.169925
P	-1.169925	-1.169925	-1.169925	1.415037	1.688056	-1.169925	1.415037	0.637430	1.688056	-1.169925	-1.169925	-1.169925
Q	-1.169925	-1.169925	0.000000	-1.169925	0.637430	0.000000	-1.169925	-1.169925	0.000000	0.000000	-1.169925	-1.169925
R	0.000000	-1.169925	0.637430	-1.169925	0.637430	0.000000	-1.169925	0.637430	0.000000	1.415037	-1.169925	-1.169925
S	1.917538	1.415037	0.000000	0.000000	0.637430	1.078003	0.637430	0.637430	0.637430	0.637430	1.078003	-1.169925
T	-1.169925	0.000000	-1.169925	0.637430	0.000000	1.415037	0.000000	0.000000	-1.169925	0.000000	1.688056	-1.169925
V	-1.169925	-1.169925	-1.169925	0.637430	0.000000	-1.169925	0.000000	0.000000	0.000000	0.000000	1.688056	-1.169925
W	-1.169925	-1.169925	-1.169925	-1.169925	-1.169925	0.000000	-1.169925	-1.169925	-1.169925	-1.169925	-1.169925	-1.169925
Y	1.415037	-1.169925	1.415037	0.000000	0.000000	0.000000	-1.169925	0.000000	-1.169925	1.078003	-1.169925	2.712718
