A	1.080192	3.194481	1.805371	-0.947883	-0.299246	-0.447236	1.103178	-6.787086
C	-3.699623	-3.929105	-3.929105	-4.202124	-5.617161	-5.617161	-3.929105	-6.787086
D	-3.172376	-6.787086	-0.111129	-0.979731	-3.501684	-1.263524	-1.617161	-6.787086
E	-1.892269	-6.787086	-2.018902	0.959428	-2.086647	-0.042252	1.985228	-6.787086
F	1.781820	-2.157730	-0.128875	-0.856349	-1.775859	-0.742692	-1.303271	1.663094
G	-3.032199	-0.076280	0.402738	-0.979731	1.379077	-1.892269	-2.232497	-6.787086
H	-0.299246	-5.617161	-0.042252	-0.856349	0.854965	0.287055	-1.303271	-4.979731
I	0.486709	-1.150462	-1.386207	0.630766	-0.612161	-0.111129	-0.381945	-1.045619
K	-0.515623	-5.617161	0.976126	0.377821	1.372785	0.070895	-0.299246	-6.787086
L	0.509830	-2.018902	-0.042252	1.288393	-1.187173	1.025091	0.692694	3.217485
M	-1.263524	-2.787086	-1.187173	-2.394769	-2.577633	-1.832890	-2.483306	0.890633
N	-0.662965	-4.539159	0.377821	0.204436	-1.954196	-0.563085	-2.018902	-6.787086
P	-6.787086	-1.668145	-1.474203	0.509830	1.000816	1.000816	-2.483306	-6.787086
Q	-2.018902	-2.483306	-0.662965	-0.221032	-0.662965	0.486709	0.070895	-6.787086
R	-0.798402	-4.979731	-0.403382	-0.662965	2.450124	1.810035	-1.344143	-6.787086
S	0.863965	2.302364	1.301702	0.161281	-0.539159	0.101657	0.672345	-6.787086
T	0.161281	1.087895	0.566061	0.780870	-1.079727	-0.146841	0.863965	-6.787086
V	1.170016	-0.009009	-0.689054	1.321438	-0.715624	0.415037	1.757878	-0.093599
W	-4.539159	-6.787086	-2.904443	-3.929105	-4.539159	-3.172376	-4.979731	-3.327655
Y	1.274960	-3.699623	-0.856349	-1.263524	-3.032199	-1.079727	-1.303271	2.005704
