A	0.908174	2.512603	1.336947	0.145397	0.022253	0.568125	-0.039166	1.208898	-2.445288
C	-4.341325	-3.402354	-3.811467	-5.987317	-4.623263	-4.179962	-4.341325	-3.903000	-6.127494
D	-2.212774	-9.742204	0.558148	1.331101	-0.974020	-1.526671	-1.814426	-2.378070	-9.742204
E	-1.020251	-5.438423	-1.236393	1.446848	-0.455069	-0.672754	-0.258388	1.279990	-9.742204
F	1.117719	-1.112848	0.272862	-1.266471	-0.283798	-0.078646	-0.535190	-1.103768	1.540305
G	-1.551145	-0.909314	-1.627161	0.583663	0.297058	0.199577	-2.356342	-1.532751	-9.742204
H	-0.418024	-6.127494	-0.699861	-1.271545	-0.000737	-0.330693	0.483305	-0.866455	-2.779308
I	0.250026	-0.238378	0.291907	-1.094746	0.251796	0.777923	-0.030537	-0.893581	-1.121984
K	0.749398	-7.157242	0.443600	-0.213750	0.886697	-0.294088	0.053024	0.173675	-4.299261
L	0.221414	0.715177	0.276344	-0.089807	0.405955	0.700998	1.572521	0.432722	2.724000
M	-0.858797	-1.444142	-0.730977	-2.708781	-2.193382	-2.004112	-1.721224	-2.038301	0.139675
N	-0.693036	-2.577297	0.081163	-0.435003	-0.233419	-0.639572	-0.666057	-1.068012	-9.742204
P	-6.654741	1.215261	-1.003267	1.714664	0.532174	0.761870	0.295343	-2.046976	-9.742204
Q	-1.076868	-0.669402	-0.556709	-0.194346	-0.409608	-0.238378	0.402773	0.324221	-8.572279
R	0.347577	-4.909314	-0.019824	-1.415775	1.291219	0.478779	1.185944	-0.362826	-6.456802
S	1.110910	1.207075	1.046106	0.699703	0.190380	0.533629	0.166188	1.525753	-8.572279
T	0.410714	1.025566	0.383532	-0.223551	-0.094296	0.563858	0.253563	1.123529	-5.041764
V	0.807099	1.135080	0.149200	-0.475418	0.785273	1.076378	0.711324	0.877557	0.484810
W	-3.811467	-5.438423	-2.764924	-3.176150	-2.540080	-3.542532	-2.615500	-5.742204	-1.182827
Y	0.874115	-0.769942	0.152992	-1.721224	-0.730977	-1.020251	-0.493091	-0.475418	2.730360
