A	0.858644	-2.228819	0.019109	0.356144	0.019109	0.629162	0.356144	-1.058894	-2.228819
C	-2.228819	-2.228819	-2.228819	-2.228819	-2.228819	-2.228819	-2.228819	-2.228819	-2.228819
D	-2.228819	-2.228819	0.858644	0.858644	-1.058894	-1.058894	-2.228819	-2.228819	-2.228819
E	-1.058894	-2.228819	-2.228819	0.019109	-1.058894	0.356144	-1.058894	0.629162	-2.228819
F	-2.228819	-2.228819	1.230613	-0.421464	-2.228819	1.056584	0.019109	-2.228819	2.074962
G	2.074962	-2.228819	-1.058894	2.400538	0.356144	-0.421464	-2.228819	0.356144	-2.228819
H	-1.058894	-2.228819	-1.058894	-2.228819	-1.058894	-1.058894	-2.228819	0.019109	-1.058894
I	-2.228819	-1.058894	0.629162	-2.228819	1.230613	1.653824	1.771181	-1.058894	-0.421464
K	1.980635	-2.228819	-0.421464	0.356144	0.629162	-2.228819	0.019109	1.056584	1.653824
L	-2.228819	-2.228819	1.230613	-1.058894	1.526069	1.230613	0.356144	-0.421464	1.056584
M	-2.228819	0.019109	-2.228819	-1.058894	-1.058894	-2.228819	-1.058894	-1.058894	1.056584
N	-2.228819	-2.228819	0.629162	0.019109	-1.058894	0.356144	0.356144	1.056584	-2.228819
P	-1.058894	-2.228819	-1.058894	1.056584	-2.228819	-0.421464	-1.058894	-2.228819	-2.228819
Q	-2.228819	0.858644	-1.058894	0.019109	0.019109	0.356144	-1.058894	1.056584	-2.228819
R	0.858644	3.512648	-2.228819	-2.228819	-1.058894	-2.228819	-1.058894	0.019109	0.858644
S	1.653824	-0.421464	-0.421464	0.629162	0.356144	0.019109	0.019109	1.056584	-2.228819
T	-0.421464	-1.058894	1.056584	-1.058894	-1.058894	-2.228819	0.629162	1.385891	-2.228819
V	-2.228819	0.019109	0.356144	-2.228819	2.074962	0.858644	1.771181	-0.421464	-0.421464
W	-2.228819	-1.058894	-2.228819	-2.228819	-2.228819	-2.228819	-2.228819	-2.228819	-2.228819
Y	-0.421464	-2.228819	0.629162	-2.228819	-2.228819	-1.058894	0.356144	-2.228819	1.230613
