A	1.209879	0.180510	0.907801	-0.083266	0.180510	0.637580	-0.980172	1.036316	0.729169	1.798471
C	-6.423116	-6.423116	-5.253191	-5.253191	-5.253191	-4.615761	-6.423116	-3.838153	-3.137714	-4.175188
D	-6.423116	-2.668228	-1.722676	2.242220	1.191594	0.729169	-0.492379	-0.017974	-2.314591	-6.423116
E	-2.963684	-1.528298	-2.963684	1.963824	1.459527	0.703589	-0.715757	1.106315	1.154313	-6.423116
F	1.420805	-3.838153	2.527440	-2.314591	0.321718	-0.750691	0.180510	-1.468920	-0.552751	1.005244
G	0.180510	-2.808406	-2.808406	0.480766	1.659033	1.236880	-0.151653	-1.947382	0.064724	-6.423116
H	-1.528298	-4.615761	-2.030798	-1.654932	-0.434431	-0.325084	-1.411889	0.525251	-0.351654	-6.423116
I	-0.750691	1.076730	1.263385	-2.030798	-0.406308	0.371300	1.611683	0.084679	-2.030798	0.198936
K	1.767943	-4.175188	-1.590226	-1.110233	-0.325084	0.419234	-1.110233	-1.065564	0.754304	-6.423116
L	-0.017974	2.281652	0.252841	-1.722676	-0.492379	0.161847	2.298838	0.419234	0.044490	3.040408
M	-2.213663	-1.156329	-0.715757	-3.838153	-2.540473	-2.668228	-0.522249	-2.119335	-2.314591	-1.528298
N	-1.590226	-6.423116	-1.722676	-0.648329	-0.434431	-0.061172	-0.351654	0.003149	-0.351654	-6.423116
P	-6.423116	-3.137714	0.287691	1.780232	0.741791	0.766709	-0.039412	-0.223444	-1.590226	-6.423116
Q	-1.590226	2.032211	-1.468920	-0.325084	-0.522249	-0.273369	-0.715757	0.568406	0.873800	-6.423116
R	1.182364	-4.615761	-1.868527	-2.423116	-0.939300	-1.253191	-2.119335	-1.411889	0.525251	-6.423116
S	0.803296	-1.793759	-1.156329	0.304805	-0.039412	0.044490	-0.199114	0.142938	1.076730	-5.253191
T	0.003149	0.450328	-2.030798	-0.648329	-0.860873	-0.105703	0.003149	0.815289	1.106315	-3.335653
V	-0.248190	2.206241	0.123779	-1.590226	-0.463114	0.287691	0.873800	1.254604	-0.583912	2.126669
W	-4.615761	-5.253191	-2.423116	-6.423116	-2.963684	-4.175188	-3.565135	-2.963684	-4.175188	-6.423116
Y	0.677546	-3.838153	1.512049	-2.963684	-2.213663	-1.654932	-2.119335	-1.065564	-0.406308	-2.963684
