A	1.213481	-0.382248	1.920096	-1.243271	1.130704	0.260960	1.240051	-0.554200	0.665581	1.042886	1.316945
C	-4.857981	-4.857981	-4.857981	-4.857981	-3.688056	-4.857981	-3.688056	-3.688056	-3.688056	-4.857981	-4.857981
D	-4.857981	-3.688056	-0.857981	2.472936	0.499571	1.459432	0.499571	-1.103093	0.036837	-1.770518	-4.857981
E	-3.688056	-2.273018	-3.688056	1.764071	1.341691	1.609625	0.361188	0.096215	1.102021	0.916806	-4.857981
F	1.389947	-3.688056	1.266140	-2.610053	-0.857981	-2.610053	-1.398549	0.036837	-0.749457	-0.157541	-0.554200
G	0.311944	-3.688056	-1.770518	1.072756	1.213481	0.741932	1.547160	0.153246	-2.000000	-0.303392	-4.857981
H	-0.975338	-4.857981	-1.398549	-2.610053	-1.103093	-1.398549	-0.857981	-1.770518	0.260960	0.260960	-4.857981
I	-0.303392	0.949374	1.800230	-2.273018	-0.089797	-0.157541	0.408806	1.266140	0.260960	-2.000000	-0.228624
K	1.012384	-3.050626	-1.398549	-1.398549	-0.025091	0.361188	-0.157541	-0.749457	-1.103093	0.949374	-4.857981
L	-0.648528	2.161610	0.096215	-0.554200	-0.648528	-0.025091	0.916806	1.503963	0.584963	0.361188	3.440082
M	-3.050626	-1.243271	-1.398549	-3.050626	-3.688056	-2.273018	-1.572579	-0.857981	-2.000000	-2.610053	-1.770518
N	-2.610053	-3.688056	-2.000000	-0.303392	-1.103093	-0.303392	-0.157541	-0.089797	-0.648528	-0.303392	-4.857981
P	-4.857981	-4.857981	0.981223	1.649814	1.547160	1.012384	-0.648528	0.153246	0.036837	-1.572579	-4.857981
Q	-2.273018	2.119299	-2.273018	-0.857981	-0.857981	-1.243271	-0.089797	-0.382248	0.814444	0.499571	-4.857981
R	0.814444	-2.610053	-3.050626	-3.688056	-1.770518	-2.000000	-1.572579	-2.273018	-1.103093	0.408806	-4.857981
S	1.589102	-1.770518	-0.382248	0.036837	0.704261	0.625835	0.361188	0.208108	-0.465664	0.814444	-4.857981
T	-0.025091	-0.157541	-2.000000	-0.749457	-0.554200	0.036837	0.096215	0.849378	0.849378	0.883486	-4.857981
V	-0.465664	2.549287	0.741932	-1.572579	0.153246	0.036837	0.311944	1.291766	1.459432	-0.465664	2.104915
W	-3.050626	-4.857981	-2.610053	-3.688056	-3.688056	-4.857981	-3.688056	-3.688056	-3.050626	-4.857981	-4.857981
Y	1.366021	-3.688056	0.814444	-2.610053	-3.688056	-2.000000	-3.688056	-1.398549	-1.243271	-0.089797	-3.688056
