A	2.356144	-1.643856	1.214125	-0.473931	-1.643856	0.941106	0.941106	-0.473931	-0.473931	1.443607	0.941106	1.970854
C	-1.643856	-1.643856	-1.643856	-1.643856	-1.643856	-1.643856	-1.643856	-1.643856	-1.643856	-1.643856	-1.643856	-1.643856
D	-1.643856	-1.643856	-1.643856	2.464668	0.941106	0.163499	1.443607	0.163499	-0.473931	-1.643856	-1.643856	-1.643856
E	-1.643856	-1.643856	-1.643856	0.163499	-0.473931	0.604071	-0.473931	-0.473931	-0.473931	0.604071	0.163499	-1.643856
F	0.941106	-1.643856	1.641546	-1.643856	-0.473931	-0.473931	0.163499	-0.473931	0.163499	-0.473931	-0.473931	-0.473931
G	-0.473931	-1.643856	-0.473931	1.641546	0.604071	-0.473931	1.641546	2.831877	0.604071	-1.643856	-1.643856	-1.643856
H	-1.643856	-1.643856	-1.643856	-1.643856	-0.473931	0.163499	-0.473931	0.163499	-1.643856	0.941106	-0.473931	-1.643856
I	-1.643856	0.163499	1.214125	-0.473931	-1.643856	-0.473931	-1.643856	-1.643856	1.970854	0.163499	-1.643856	0.163499
K	0.163499	-1.643856	-1.643856	-0.473931	-1.643856	-0.473931	0.163499	-1.643856	-1.643856	-1.643856	-0.473931	-1.643856
L	-1.643856	1.970854	-0.473931	-1.643856	0.163499	0.163499	-0.473931	-0.473931	-0.473931	0.604071	0.604071	2.565597
M	-1.643856	-0.473931	0.163499	-1.643856	-1.643856	-1.643856	-0.473931	-1.643856	-1.643856	-1.643856	-0.473931	-1.643856
N	-1.643856	-1.643856	-1.643856	-0.473931	-0.473931	-0.473931	-1.643856	-0.473931	0.163499	0.163499	0.163499	-1.643856
P	-1.643856	-1.643856	0.163499	1.214125	1.443607	0.941106	0.604071	0.163499	-0.473931	-1.643856	-1.643856	-1.643856
Q	-1.643856	2.464668	-1.643856	-1.643856	0.604071	-0.473931	0.163499	-1.643856	0.941106	0.163499	0.604071	-1.643856
R	-0.473931	-1.643856	-1.643856	-0.473931	-0.473931	-1.643856	-1.643856	-0.473931	-0.473931	-1.643856	-0.473931	-1.643856
S	1.214125	-1.643856	-0.473931	-0.473931	0.941106	1.443607	0.163499	-0.473931	-0.473931	-0.473931	0.604071	-1.643856
T	0.163499	-1.643856	-0.473931	-1.643856	0.163499	0.163499	-0.473931	0.604071	0.941106	0.604071	1.641546	-1.643856
V	-1.643856	1.970854	0.941106	-1.643856	1.214125	0.163499	-0.473931	-0.473931	0.604071	1.641546	-1.643856	1.815575
W	-1.643856	-1.643856	-1.643856	-0.473931	-1.643856	-0.473931	-1.643856	-1.643856	-1.643856	-1.643856	-1.643856	-1.643856
Y	1.641546	-1.643856	1.214125	-1.643856	-1.643856	-1.643856	-1.643856	-1.643856	-1.643856	-1.643856	1.214125	-1.643856
