A	0.693339	-0.384664	1.303392	-1.554589	-1.554589	0.693339	1.030374	-1.554589
C	-1.554589	-1.554589	-1.554589	-1.554589	-1.554589	-1.554589	-1.554589	-1.554589
D	-1.554589	-1.554589	1.532874	-0.384664	-1.554589	-1.554589	-1.554589	-1.554589
E	-1.554589	-1.554589	0.252766	1.532874	-1.554589	0.252766	0.693339	-1.554589
F	1.730813	-1.554589	0.252766	-1.554589	-0.384664	-1.554589	-1.554589	-1.554589
G	-0.384664	-1.554589	0.693339	-1.554589	0.252766	-1.554589	-1.554589	-1.554589
H	-1.554589	-1.554589	0.252766	0.693339	0.252766	1.532874	0.252766	-1.554589
I	-0.384664	0.252766	0.252766	-0.384664	2.200299	0.252766	-1.554589	-1.554589
K	-1.554589	-1.554589	1.532874	1.532874	-0.384664	-1.554589	0.693339	-1.554589
L	0.252766	1.303392	-1.554589	0.693339	0.252766	0.252766	-1.554589	3.664580
M	-0.384664	-0.384664	-1.554589	-1.554589	-1.554589	-1.554589	-1.554589	-0.384664
N	-1.554589	-1.554589	-1.554589	-0.384664	-1.554589	0.252766	-0.384664	-1.554589
P	-1.554589	-1.554589	-1.554589	1.303392	0.252766	-0.384664	-1.554589	-1.554589
Q	-1.554589	3.145851	-0.384664	-0.384664	-0.384664	0.693339	1.303392	-1.554589
R	-0.384664	-1.554589	-1.554589	-0.384664	-1.554589	0.252766	0.252766	-1.554589
S	-1.554589	-1.554589	-0.384664	-1.554589	-1.554589	0.693339	0.693339	-1.554589
T	-1.554589	0.252766	-1.554589	-1.554589	0.252766	0.252766	1.904843	-1.554589
V	-1.554589	-1.554589	-0.384664	0.693339	1.730813	-0.384664	-1.554589	-0.384664
W	-1.554589	-1.554589	-1.554589	-1.554589	-1.554589	-0.384664	-1.554589	-1.554589
Y	2.749192	-1.554589	-1.554589	-1.554589	-0.384664	-0.384664	-1.554589	-1.554589
