A	1.233953	0.537927	1.723919	0.145334	0.156857	0.130799	0.535722	1.009247	0.646132
C	-4.929458	-7.331557	-3.538999	-7.331557	-5.138912	-3.208174	-4.746594	-4.370727	-3.655096
D	-6.280931	-5.256269	-1.515030	1.671660	-0.366597	-1.050123	0.024738	-2.651072	-9.138912
E	-2.799062	-0.166650	-2.410991	2.061680	0.531302	-0.790184	1.279468	1.177087	-7.968987
F	0.932551	-4.584323	0.435209	-2.553949	-0.259328	-0.429828	-1.030387	-0.960247	1.225770
G	0.113162	-3.466486	-1.774777	0.748690	0.391982	-0.505008	-2.939239	-0.229019	-9.138912
H	-1.036936	-7.968987	-1.083629	-1.426385	-0.042855	-1.496860	0.888303	-0.325932	-7.968987
I	0.034141	0.708146	1.612214	-2.394078	0.874411	1.723919	-0.046155	-2.733770	0.256622
K	1.335048	-6.890984	0.639987	-0.026472	0.474878	-1.189085	-0.790184	1.054614	-5.524202
L	0.130799	2.036950	-0.473576	-1.124891	1.039131	1.679670	0.086296	0.046583	3.305133
M	-1.830573	-1.117932	-0.773683	-3.872125	-2.025170	-1.174571	-2.078216	-2.147390	-0.991707
N	-1.030387	-6.890984	-0.358372	-0.678456	-0.329948	-0.379024	0.110202	-0.362479	-9.138912
P	-6.553949	-5.524202	0.319495	1.641218	0.018435	-0.482487	0.101283	-2.051449	-7.331557
Q	-0.779162	2.373952	-1.326734	-0.177462	-0.229019	-0.395760	0.903774	0.830115	-9.138912
R	0.840871	-3.178910	-0.532507	-1.384024	-0.451536	-1.131884	-0.395760	0.591983	-5.679480
S	1.274187	-1.470027	0.553268	0.517960	0.298840	0.261968	0.364914	1.117887	-5.030387
T	0.077228	0.404120	-0.618293	-0.725284	0.061987	0.486341	0.508996	0.879636	-4.370727
V	0.151107	2.022063	0.846219	-1.334781	0.775100	1.527090	0.712056	-0.232773	1.857915
W	-4.127684	-7.331557	-3.014790	-4.306022	-3.397445	-5.030387	-2.821499	-5.524202	-4.438472
Y	0.625545	-2.280931	-0.188356	-3.178910	-0.941695	-1.590090	-1.063433	-0.555829	-0.683584
