A	0.066152	1.554030	1.760191	0.558517	0.624943	0.506610	0.713638	0.922528	0.414013	-5.238063
C	-6.542918	-3.923022	-3.102904	-5.001024	-4.187437	-4.619154	-4.146565	-3.585987	-4.146565	-9.630381
D	1.118650	-3.246677	-2.015671	1.213933	0.079134	-0.259149	-0.739357	-1.926477	-2.034191	-9.630381
E	2.486694	-3.008329	-1.090253	1.041160	0.063977	0.079134	-0.011995	-0.320336	0.333238	-7.045418
F	-0.636735	-3.506260	1.062017	-1.134526	-0.615663	-0.845746	-0.166857	-0.432550	-0.564292	-3.760016
G	-1.095106	-1.900760	-1.023976	1.038947	1.218829	0.723317	0.926125	-0.517941	0.620510	-6.772400
H	-0.077712	-5.075792	-1.439322	-1.338059	-0.895671	-1.047298	-1.033259	-0.323180	-0.797491	-4.068138
I	-1.483176	0.170923	0.761400	-1.259693	0.083435	0.094133	0.063977	0.500190	-1.644539	-5.630381
K	-1.457953	-5.875493	-0.640277	-0.046828	-0.485723	0.178985	0.070492	-0.331745	0.629362	2.776953
L	-0.770070	0.140283	0.434362	-0.354838	0.980183	0.819284	1.028946	1.079349	1.268787	-1.952661
M	-1.265152	-3.406379	-1.200974	-2.954424	-2.428257	-2.181232	-1.778632	-1.702603	-1.834341	-5.154647
N	-0.087349	-2.212528	-0.661714	-0.007414	-0.640277	-0.360670	-0.267341	-0.402163	-0.159214	-7.045418
P	-6.344979	-1.810202	-0.251003	0.960440	1.148723	1.086867	0.776090	-0.598335	0.238056	-7.382453
Q	-0.679825	-3.312968	-0.978432	-0.049180	-0.476196	-0.187437	0.035399	-0.002847	0.632301	-6.170949
R	-1.033259	-3.406379	-2.181232	-0.676185	-1.232706	-0.743160	-0.658119	-0.337484	0.708077	3.619103
S	1.225656	1.156910	1.017752	1.155889	0.677105	0.852427	0.513002	0.766759	0.516188	-6.542918
T	0.945158	2.340264	0.015278	0.224487	0.108978	0.616063	0.309566	0.873693	0.479123	-5.420928
V	-0.793542	2.567220	0.987087	-0.743160	0.801117	0.721938	0.651259	1.471102	-0.119122	-5.154647
W	-4.619154	-7.382453	-1.926477	-3.585987	-3.183298	-3.382453	-2.819809	-3.026755	-4.272829	-7.382453
Y	-1.200974	-3.045418	0.294803	-1.710028	-1.651670	-1.695216	-1.232706	-1.139530	-0.501742	-1.850662
