A	-0.263405	1.595973	1.818988	0.544373	1.014957	0.642628	0.663583	0.902669	0.737089	0.411326	-6.189207
C	-7.604244	-4.564716	-3.507383	-5.159459	-4.073730	-4.298436	-3.879352	-4.144813	-3.373290	-4.005985	-8.774169
D	1.328791	-3.373290	-2.208115	1.277040	-0.113282	0.463041	-0.073730	-0.809828	-1.825802	-2.189207	-8.774169
E	2.697379	-3.461286	-1.356317	1.130465	0.360899	0.816418	0.541546	-0.001855	-0.430984	0.373672	-8.774169
F	-0.718887	-3.655228	1.230402	-1.584345	-0.922420	-0.961992	-1.356317	-0.665645	-0.392626	-0.601742	-4.665645
G	-1.996092	-2.189207	-1.335377	1.094267	0.694455	0.889389	0.981970	0.943935	-0.219580	0.501373	-8.774169
H	-0.344763	-4.774169	-1.660427	-1.274323	-1.196741	-1.621884	-0.922420	-1.500374	-0.253551	-0.809828	-5.916188
I	-1.855306	0.288551	1.014957	-2.012618	-0.371157	-0.398044	-0.387229	0.386332	0.610614	-1.700028	-6.966814
K	-2.456757	-5.159459	-0.442133	-0.510900	-0.453369	-0.086794	0.398883	-0.149374	-0.705391	0.804675	2.436350
L	-0.781231	0.105414	0.756725	-0.595504	0.766443	0.766443	0.660980	1.152868	1.101964	1.278738	-2.369028
M	-0.978130	-3.941279	-1.070266	-2.814167	-2.098212	-2.327086	-2.390465	-1.947621	-1.244739	-2.246692	-5.916188
N	0.070536	-2.814167	-1.070266	-0.298436	-0.403482	-0.464693	-0.073730	-0.398044	-0.303510	-0.224385	-6.526242
P	-6.966814	-1.885426	-0.313713	1.193057	1.196656	0.613310	0.530182	0.344772	-1.010957	-0.288340	-6.966814
Q	-0.589294	-3.604244	-0.809828	-0.095569	-0.318842	-0.191087	-0.214792	-0.035233	0.070536	0.707126	-6.189207
R	-1.840479	-5.019282	-2.412226	-0.746263	-1.421023	-0.788327	-0.558636	-0.930248	-0.039460	0.634691	3.815657
S	1.051187	1.029155	0.380016	1.156568	1.035197	1.165777	1.023087	0.811732	0.832699	0.702071	-6.966814
T	1.008829	2.387592	-0.899188	0.432845	0.489687	0.492617	0.538714	0.331739	0.696998	0.624040	-5.916188
V	-1.177980	2.624441	1.251316	-0.522687	0.668774	0.278399	0.474944	0.871489	1.420895	-0.052216	-5.488767
W	-4.564716	-8.774169	-2.170543	-3.762942	-3.066810	-3.762942	-3.507383	-3.819973	-2.702707	-4.774169	-8.774169
Y	-1.325021	-4.219580	0.395756	-1.811273	-1.713473	-1.686706	-1.754579	-1.114173	-1.053070	-0.459020	-2.966814
