A	-0.938964	1.559584	1.792118	0.183593	0.932834	0.856358	0.949921	0.886254	0.944248	0.915542	0.406261	-5.557874
C	-7.365229	-6.195304	-5.117301	-6.195304	-3.482586	-4.277766	-4.780266	-4.780266	-4.507248	-4.079827	-4.079827	-7.365229
D	1.343855	-4.507248	-2.299140	1.617765	-0.345638	0.532617	0.446948	-0.001094	-0.960087	-2.146060	-2.007677	-7.365229
E	2.845138	-3.365229	-1.964349	0.972393	0.202727	0.676430	0.267766	0.267766	0.193192	-0.654422	0.285823	-6.195304
F	-0.538680	-3.905797	1.599834	-1.293766	-1.093766	-1.190303	-1.494864	-1.093766	-0.603678	-0.780266	-0.799175	-5.117301
G	-2.411033	-2.411033	-1.190303	1.514354	1.198921	0.961201	1.326515	1.443735	1.369481	-0.023154	0.781976	-7.365229
H	-0.138817	-5.557874	-1.494864	-2.146060	-1.267197	-1.293766	-1.657870	-1.557874	-1.526025	-0.446366	-1.025379	-7.365229
I	-2.664789	0.073563	1.150471	-2.195304	-0.304533	-0.461347	-0.416862	-0.554657	-0.023154	0.690054	-1.494864	-6.195304
K	-3.365229	-4.507248	-0.877389	-0.897623	-1.405227	-0.461347	-0.163105	0.389659	-0.175404	-0.799175	0.676430	2.326951
L	-1.348421	-0.476486	0.703549	-0.761603	0.788323	0.683258	0.723559	0.267766	0.775601	1.165177	1.365241	-3.750519
M	-0.818334	-3.750519	-1.003285	-2.972911	-2.470411	-2.532339	-2.195304	-2.735872	-1.526025	-1.267197	-1.657870	-6.195304
N	-0.023154	-3.061448	-1.964349	-0.150910	-0.570813	-0.175404	-0.387949	-0.587152	-0.304533	0.073563	-0.554657	-7.365229
P	-7.365229	-1.922285	0.031376	1.194148	1.095227	0.347298	0.540158	0.655751	0.446948	-0.761603	-0.264567	-7.365229
Q	-0.707017	-3.905797	-0.877389	0.124619	-0.359604	-0.345638	0.020634	-0.150910	-0.373707	-0.091433	0.903898	-7.365229
R	-3.482586	-4.277766	-2.354002	-1.093766	-1.657870	-1.047816	-0.799175	-0.938964	-0.743177	-0.331806	0.494306	3.871682
S	1.069399	1.135613	-0.126824	1.189360	1.208418	1.435671	1.110505	1.217854	0.898040	0.813436	0.723559	-7.365229
T	1.095227	2.401300	-1.003285	0.276823	0.584598	0.381285	0.355870	0.355870	0.613482	0.938552	0.641798	-6.195304
V	-1.692804	2.744275	1.165177	-1.348421	0.743296	0.303656	0.312491	0.502050	0.584598	1.313371	-0.277766	-7.365229
W	-3.750519	-7.365229	-1.526025	-4.780266	-3.610341	-3.482586	-3.750519	-3.610341	-3.610341	-3.256704	-4.507248	-7.365229
Y	-1.190303	-4.507248	0.389659	-2.411033	-1.657870	-1.692804	-2.246288	-1.881413	-1.557874	-1.293766	-0.637308	-3.256704
