A	-1.030432	1.609393	1.802262	0.425946	0.719892	0.935621	0.686261	0.384606	0.686261	1.255257	1.123248	0.768912	-6.041659
C	-6.041659	-6.041659	-4.871734	-4.871734	-3.456697	-3.456697	-3.793732	-6.041659	-6.041659	-4.234304	-4.871734	-3.456697	-6.041659
D	1.526297	-3.456697	-2.954196	1.497500	-0.202455	0.275753	0.651828	0.847084	-0.479417	-1.341219	-1.487070	-1.737878	-6.041659
E	2.890556	-4.234304	-2.756257	0.736418	0.002735	0.561967	0.543303	0.229804	0.736418	0.485818	-1.087463	0.206268	-6.041659
F	-1.487070	-4.234304	1.810090	-1.649342	-1.146841	-1.832206	-0.975570	-0.822491	-1.341219	-1.412303	0.002735	-0.405035	-6.041659
G	-2.426949	-2.426949	-1.832206	1.573051	1.266680	1.354946	1.123248	1.497500	1.573051	1.196746	0.158013	0.831785	-6.041659
H	0.082462	-4.871734	-1.565926	-1.737878	-1.030432	-1.208769	-1.832206	-1.087463	-1.208769	-1.737878	-0.640780	-1.087463	-6.041659
I	-2.954196	0.108088	1.438121	-2.041659	-0.052974	-0.518097	-0.822491	-0.518097	-0.598716	0.029803	0.505235	-1.737878	-6.041659
K	-4.871734	-6.041659	-1.565926	-1.208769	-2.286772	-1.087463	-0.334300	-0.479417	-0.024851	-0.598716	-1.737878	0.686261	2.047129
L	-2.159016	-1.208769	0.784889	-0.441746	0.719892	0.363482	0.485818	0.634298	0.206268	0.862223	1.160465	1.072083	-6.041659
M	-0.728776	-4.871734	-1.146841	-2.426949	-2.286772	-2.582228	-0.922718	-2.756257	-3.183678	-1.832206	-1.565926	-1.737878	-6.041659
N	0.108088	-3.456697	-1.832206	-0.334300	-0.871734	-0.640780	-0.171294	-0.441746	-0.110922	-0.728776	-0.334300	-0.334300	-6.041659
P	-6.041659	-1.737878	-0.518097	1.300416	1.097892	0.342045	-0.234304	0.384606	1.019037	0.703175	-1.087463	-0.557843	-6.041659
Q	-1.087463	-2.954196	-1.565926	-0.441746	-0.110922	-0.334300	0.229804	0.229804	-0.171294	-0.266872	0.182343	1.032482	-6.041659
R	-3.183678	-3.793732	-3.183678	-1.273475	-2.426949	-1.146841	-0.871734	-1.341219	-0.405035	-0.822491	-0.684107	0.384606	3.961156
S	0.752757	1.045804	-0.234304	1.278013	0.991764	1.255257	1.172660	1.220436	0.921237	0.935621	0.862223	0.768912	-6.041659
T	1.232136	2.536714	-1.208769	0.298191	0.935621	1.184753	0.580393	0.703175	0.229804	0.800691	1.072083	0.363482	-6.041659
V	-1.737878	2.676017	1.232136	-1.087463	0.977932	0.384606	0.561967	-0.171294	0.229804	0.425946	1.311488	-0.334300	-4.871734
W	-3.793732	-4.871734	-1.273475	-2.954196	-3.183678	-4.234304	-4.234304	-3.793732	-4.234304	-3.793732	-3.793732	-3.183678	-6.041659
Y	-0.922718	-3.793732	0.466135	-1.832206	-2.041659	-2.041659	-1.737878	-2.286772	-1.341219	-1.649342	-1.273475	-0.479417	-6.041659
