A	-1.700440	1.703282	1.615465	0.190331	0.547488	0.269187	1.157541	1.027481	0.547488	0.833539	0.933766	0.884523	0.609416	-4.285402
C	-4.285402	-4.285402	-4.285402	-3.115477	-4.285402	-4.285402	-3.115477	-4.285402	-4.285402	-4.285402	-3.115477	-3.115477	-4.285402	-4.285402
D	1.238160	-3.115477	-3.115477	1.489385	0.018379	0.343954	0.609416	0.884523	0.884523	0.018379	-0.402759	-1.427421	-1.700440	-4.285402
E	2.706120	-2.037475	-2.478047	1.351222	0.106915	0.668794	0.018379	0.343954	-0.176878	0.833539	-0.670692	-1.427421	0.415037	-4.285402
F	-0.402759	-4.285402	2.390555	-1.000000	-0.075949	-0.402759	-3.115477	-0.075949	-1.700440	-1.000000	0.106915	0.018379	-0.670692	-4.285402
G	-3.115477	-2.478047	-1.000000	1.489385	0.884523	1.072150	1.387023	1.456065	1.553802	1.674600	1.553802	0.547488	0.884523	-4.285402
H	0.190331	-4.285402	-1.427421	-4.285402	-1.000000	-0.670692	-1.700440	-3.115477	-1.700440	-1.700440	-2.478047	-0.285402	-0.670692	-4.285402
I	-2.478047	-0.075949	1.115477	-2.478047	0.547488	-0.285402	-0.670692	-1.197939	-1.197939	-0.402759	-0.176878	0.415037	-2.478047	-4.285402
K	-4.285402	-3.115477	-2.037475	-2.478047	-2.478047	-1.427421	-0.825971	-0.285402	-0.402759	-0.670692	-0.530515	-2.037475	0.609416	1.553802
L	-2.037475	-1.700440	-0.670692	-0.670692	0.482782	0.547488	0.609416	0.269187	-0.285402	-0.285402	0.668794	0.725825	1.115477	-4.285402
M	-0.176878	-4.285402	-1.197939	-3.115477	-4.285402	-1.197939	-2.478047	-3.115477	-2.478047	-3.115477	-2.037475	-2.478047	-2.037475	-4.285402
N	-0.176878	-2.478047	-1.700440	0.106915	-1.197939	0.269187	0.190331	0.668794	0.190331	-1.000000	-0.075949	-0.075949	0.106915	-4.285402
P	-4.285402	-2.478047	-1.197939	1.812630	1.645335	0.833539	-0.670692	-0.176878	1.072150	1.198414	0.725825	-0.402759	-1.427421	-4.285402
Q	-1.700440	-3.115477	-1.197939	-0.530515	-0.670692	-0.176878	0.106915	-0.670692	0.269187	0.018379	-0.670692	-0.176878	0.668794	-4.285402
R	-4.285402	-4.285402	-1.700440	-1.427421	-2.478047	-2.037475	-1.700440	-1.000000	-0.530515	-1.000000	-2.037475	-0.285402	0.482782	4.006919
S	1.456065	0.725825	0.106915	0.981384	0.981384	1.072150	0.482782	1.157541	1.276840	0.547488	0.981384	0.933766	0.933766	-4.285402
T	1.238160	2.588042	-1.427421	-0.402759	0.547488	0.725825	1.387023	0.415037	0.269187	-0.176878	0.343954	0.106915	0.668794	-4.285402
V	-2.037475	2.603341	1.027481	-2.037475	0.780687	0.190331	0.668794	-0.176878	-0.285402	0.933766	0.933766	1.731406	-0.670692	-4.285402
W	-4.285402	-3.115477	-1.197939	-4.285402	-4.285402	-4.285402	-2.478047	-4.285402	-1.700440	-3.115477	-4.285402	-1.700440	-4.285402	-4.285402
Y	-0.530515	-2.037475	0.668794	-2.037475	-1.197939	-2.037475	-2.037475	-1.700440	-3.115477	-1.427421	-1.700440	-0.825971	-0.075949	-3.115477
