A	-0.764961	1.610548	1.342998	-0.764961	0.244754	0.383137	0.662210	-4.974415
C	-4.974415	-4.974415	-4.974415	-4.974415	-4.974415	-4.974415	-3.167060	-4.974415
D	0.698011	-4.974415	0.549147	-0.020218	-1.514983	-2.726487	-4.974415	-4.974415
E	2.658581	-4.974415	-0.345058	0.587828	-0.498681	-0.764961	0.426465	-4.974415
F	-0.764961	-1.091772	1.409290	-0.764961	-0.345058	0.625498	-0.020218	-4.974415
G	-2.726487	-4.974415	0.426465	0.036813	0.662210	-1.689012	0.036813	-4.974415
H	0.195510	-4.974415	-0.974415	-1.219527	-1.359705	0.509401	0.091675	-4.974415
I	-2.389452	0.587828	0.144526	0.956323	1.365435	1.014270	-1.359705	-4.974415
K	-3.804490	-3.804490	-1.514983	0.091675	-1.689012	-1.689012	0.895950	1.123617
L	-1.689012	-1.359705	-0.020218	0.195510	0.292372	0.549147	1.069980	-4.974415
M	-1.886952	-3.804490	-1.219527	-4.974415	-2.389452	-1.514983	-4.974415	-4.974415
N	-1.689012	-4.974415	-0.345058	-0.974415	-0.670634	-0.582097	-0.020218	-4.974415
P	-4.974415	-4.974415	0.662210	1.533380	1.647637	-0.865890	-0.764961	-4.974415
Q	-1.091772	-4.974415	-1.219527	0.244754	-0.079597	0.036813	1.123617	-4.974415
R	-4.974415	-4.974415	-3.167060	-0.206230	-2.389452	-2.116434	-0.974415	4.108400
S	0.985587	1.320206	0.832940	0.587828	0.698011	-0.273975	0.926452	-4.974415
T	2.059008	2.729489	-0.419826	-0.670634	0.383137	0.767052	0.091675	-4.974415
V	0.036813	2.275884	0.383137	1.430727	1.249587	2.113048	-0.670634	-4.974415
W	-3.804490	-4.974415	-2.389452	-4.974415	-2.389452	-1.359705	-3.167060	-4.974415
Y	-0.670634	-2.726487	-0.206230	-1.514983	-1.886952	-0.345058	0.587828	-4.974415
