A	0.452476	1.608351	1.765466	0.551853	0.454176	0.884881	0.873496	0.543097	-7.138621
C	-6.598053	-4.013090	-3.267136	-5.240500	-3.976001	-3.740072	-3.724608	-3.620773	-10.598053
D	1.044563	-3.510590	-1.615059	0.790503	-0.844000	-1.394093	-1.923860	-2.311495	-10.598053
E	2.096686	-6.205735	-1.334196	0.903660	-0.132996	-0.495093	-0.488548	0.648540	-9.428127
F	-0.774685	-2.723071	0.827032	-0.888538	-0.501667	0.135175	-0.269378	-0.819154	-4.350125
G	-0.882091	-1.669534	-0.378581	0.940500	0.491894	0.332870	-0.817103	0.329170	-10.598053
H	-0.106450	-8.350125	-0.956904	-1.137085	-0.884236	-1.047787	-0.276406	-0.869282	-3.537357
I	-1.205198	0.539899	0.438808	-1.488875	0.524614	0.574688	0.512431	-1.829868	-8.790698
K	-0.483659	-9.428127	-0.663624	0.337481	0.108444	-0.511585	-0.101448	0.862659	2.755715
L	-0.491817	0.862019	0.449071	0.181051	0.998137	1.156835	1.327409	1.018956	-4.823265
M	-1.676955	-2.894149	-1.400222	-3.233918	-2.413177	-1.625791	-1.521905	-1.793115	-5.586825
N	-0.105198	-1.733866	-0.186277	-0.260988	-0.399914	-0.780669	-0.526590	-0.002562	-10.598053
P	-4.581244	-0.873539	-0.687785	1.208598	1.188830	0.460954	-0.387686	0.191277	-10.598053
Q	-0.567385	-2.851538	-0.875672	-0.086547	-0.416900	-0.031998	-0.158741	0.817821	-7.740072
R	-0.396847	-7.510590	-2.132486	-0.401450	-0.747084	-1.028672	0.045578	0.331021	3.613836
S	1.313901	1.338493	1.342628	1.071386	0.597935	0.679380	0.710287	0.849160	-9.428127
T	0.901171	2.111031	0.110600	0.031987	0.139406	0.696712	0.622326	0.549470	-10.598053
V	-0.383126	2.313948	0.706014	-0.572567	1.140040	1.140568	1.314369	-0.167861	-5.643856
W	-4.110212	-8.350125	-2.450848	-3.267136	-2.929168	-3.030096	-2.859960	-4.526590	-9.428127
Y	-1.094227	-3.371640	0.357597	-1.363834	-1.290852	-1.229546	-1.028672	-0.867158	-0.377070
