A	-3.561729 1.163164 1.300663 0.710970 0.795971 2.475189 1.436876 0.694215 0.624554
C	-9.065789 -9.132713 -3.032962 -9.010742 -5.608795 -5.265200 -9.089915 -5.623258 -6.017797
D	-7.148779 -1.137673 -1.177849 1.448700 0.078637 0.773649 0.881376 -0.640011 0.502064
E	-1.400492 0.842837 -0.436440 1.001413 0.556264 -0.167439 1.402286 1.008874 0.096756
F	1.598375 -1.135402 0.025599 -0.987114 -1.933353 -1.656326 -1.433701 -1.093768 -0.613789
G	-8.274473 -1.537969 0.457607 -3.800298 -0.868442 -0.239488 -0.763239 -0.947239 -0.644506
H	-2.732698 0.392634 -0.749392 -2.666607 -1.103209 -4.015904 -0.570237 -0.753448 -2.117863
I	1.717895 0.492290 0.058956 0.683858 0.258345 -0.715912 -0.056866 -0.578736 1.606528
K	1.671185 0.923566 -0.646943 -8.230028 1.296205 -1.060819 -1.134553 0.975227 -4.285561
L	0.822856 0.290122 0.034965 -0.708689 0.364086 -0.756443 1.154778 0.736994 1.759872
M	-2.342585 -3.305167 -0.820978 -2.787625 -2.290236 -4.790044 -2.038883 -2.368977 -1.104946
N	-2.962020 -0.219710 -1.109135 -1.957098 -0.483404 -0.743927 0.277854 -0.282628 -0.011239
P	-4.499581 -4.771461 -0.012097 -2.959960 0.700754 0.821469 0.094952 0.968150 -3.565851
Q	-4.289398 0.134568 -0.620397 -0.876170 -0.073463 -2.396284 0.079072 0.381454 -1.043616
R	1.360398 0.969936 -0.976378 -8.001696 0.229489 -2.464797 -0.880089 1.026078 -1.014319
S	-4.293093 0.298098 1.139208 1.119184 0.056636 1.327710 -0.744932 0.360719 0.382911
T	-4.201820 0.107608 0.887001 2.018762 0.682575 0.343788 -0.544123 0.031898 -1.664627
V	0.531235 0.920542 0.724091 1.712833 0.874389 1.225127 0.784142 -0.167568 1.697080
W	-1.316499 -2.986399 -2.171576 -3.938763 -4.573639 -5.885968 -3.571188 -4.968582 -9.055848
Y	1.660965 -1.020124 0.522809 -5.226293 -1.668290 -8.970015 -1.656735 -1.809610 -0.823580
