A	-1.832890	-1.832890	1.626542	-0.662965	0.415037	-0.025535	1.626542	-1.832890
C	-1.832890	-1.832890	-1.832890	-1.832890	-1.832890	-1.832890	-1.832890	-1.832890
D	2.049753	-1.832890	-1.832890	-1.832890	-1.832890	-1.832890	0.752072	-1.832890
E	0.752072	-1.832890	-1.832890	-0.662965	-1.832890	-0.025535	1.781820	-1.832890
F	-0.662965	-1.832890	0.415037	-1.832890	-1.832890	-0.662965	-1.832890	-0.025535
G	-0.662965	0.415037	-0.662965	-0.025535	-1.832890	1.025091	-0.025535	-1.832890
H	0.415037	-1.832890	-1.832890	-1.832890	3.386279	1.025091	-0.662965	-1.832890
I	-0.662965	-1.832890	0.415037	1.025091	-1.832890	-1.832890	-1.832890	-0.025535
K	-1.832890	-0.662965	-1.832890	0.415037	-1.832890	-0.662965	-0.662965	-1.832890
L	-0.662965	-1.832890	0.415037	1.025091	-1.832890	-0.662965	-0.662965	3.729352
M	-1.832890	-0.662965	-1.832890	-0.025535	-1.832890	-0.662965	-1.832890	-1.832890
N	1.452512	-1.832890	-0.662965	-1.832890	-0.662965	-1.832890	-1.832890	-1.832890
P	-1.832890	0.415037	-1.832890	-1.832890	-1.832890	-1.832890	-1.832890	-1.832890
Q	-0.662965	2.376563	-1.832890	-0.662965	-1.832890	0.752072	-1.832890	-1.832890
R	-0.662965	2.796467	-0.662965	-0.025535	1.626542	1.452512	-1.832890	-1.832890
S	-0.025535	-1.832890	-0.662965	0.415037	-1.832890	1.254573	1.254573	-1.832890
T	-0.025535	-1.832890	0.752072	1.025091	-1.832890	0.415037	1.254573	-1.832890
V	0.415037	-1.832890	2.275634	1.921997	-1.832890	-0.662965	0.415037	-1.832890
W	-1.832890	-1.832890	-1.832890	-1.832890	-1.832890	-1.832890	-1.832890	-1.832890
Y	0.415037	-1.832890	0.415037	-0.662965	-1.832890	-0.025535	-1.832890	-1.832890
