A	-1.444785	-0.366782	0.472753	-0.029747	-2.614710	0.472753	-0.029747	2.698173	-0.807355
C	-2.614710	-2.614710	-2.614710	-2.614710	-1.444785	-2.614710	-2.614710	-2.614710	-2.614710
D	2.869106	-2.614710	-0.029747	-0.029747	-1.444785	-1.444785	-1.444785	-0.029747	-2.614710
E	-0.029747	0.844722	-0.807355	1.493815	-1.444785	-0.807355	1.385290	0.670692	-2.614710
F	-0.807355	-2.614710	1.385290	-0.366782	-1.444785	-0.807355	-1.444785	-2.614710	-0.029747
G	-1.444785	-0.366782	-2.614710	0.472753	-0.366782	0.670692	-2.614710	-0.807355	-2.614710
H	-0.029747	-0.366782	0.670692	-0.807355	-1.444785	0.243271	-0.366782	-2.614710	-2.614710
I	-0.029747	-2.614710	-0.366782	0.670692	-0.366782	0.243271	0.670692	-2.614710	0.243271
K	-1.444785	-1.444785	-0.807355	0.243271	0.670692	0.472753	-1.444785	-1.444785	-2.614710
L	-0.807355	-2.614710	1.267933	1.493815	-0.366782	0.844722	1.267933	-0.807355	3.702703
M	-2.614710	-2.614710	-0.029747	-1.444785	-0.029747	-2.614710	-0.807355	-2.614710	0.670692
N	1.385290	-0.029747	-1.444785	-2.614710	-2.614710	0.670692	0.670692	-0.807355	-2.614710
P	-2.614710	-0.029747	-1.444785	-0.029747	-0.366782	-0.807355	-2.614710	-2.614710	-2.614710
Q	-2.614710	1.594744	-0.029747	0.243271	-2.614710	-0.807355	0.243271	-1.444785	-2.614710
R	-0.807355	2.869106	-1.444785	-2.614710	3.286157	1.267933	-2.614710	-1.444785	-2.614710
S	-0.029747	-0.807355	-1.444785	-0.366782	-0.366782	0.243271	0.670692	2.085730	-2.614710
T	-0.807355	-1.444785	-0.366782	-0.029747	-0.366782	0.670692	1.140178	0.670692	-2.614710
V	0.243271	-0.366782	0.844722	0.844722	-1.444785	0.243271	0.670692	-0.029747	-1.444785
W	-2.614710	-2.614710	-1.444785	-2.614710	-2.614710	-2.614710	-2.614710	-2.614710	-2.614710
Y	-0.366782	-1.444785	1.267933	-2.614710	-2.614710	-1.444785	-0.029747	-2.614710	-2.614710
