A	1.439752	-1.395437	0.668694	-0.086684	-0.551088	0.039949	-3.047513	0.817557	0.628947	0.952487
C	-4.854868	-3.047513	-3.684943	-4.854868	-3.047513	-3.684943	-3.684943	-3.684943	-2.269906	-3.684943
D	-4.854868	-4.854868	1.015496	2.258874	0.852491	0.668694	-0.972225	-1.996887	-3.047513	-4.854868
E	-3.684943	-0.225512	-1.996887	2.232594	1.216594	0.364300	-1.395437	0.411918	0.984335	-4.854868
F	1.161940	-4.854868	1.462544	-3.684943	-0.645415	-1.569466	-0.746344	-0.379135	-0.746344	-0.854868
G	0.628947	-4.854868	-1.767406	0.852491	2.192256	1.652926	0.628947	-2.606941	0.707374	-4.854868
H	-1.569466	-4.854868	-0.854868	-1.569466	0.039949	-0.462551	-0.645415	0.852491	-0.551088	-4.854868
I	-0.746344	0.211221	0.668694	-3.047513	-0.379135	-1.395437	1.189526	0.546011	-2.269906	0.546011
K	1.528836	-3.684943	-3.684943	-0.086684	0.458015	1.320057	-0.086684	-0.086684	1.045998	-3.684943
L	-0.379135	3.723504	2.063995	-2.269906	0.039949	-0.645415	1.873052	0.315057	-0.645415	1.955703
M	-1.996887	1.015496	0.211221	-3.684943	-1.996887	-2.606941	-0.645415	-1.240159	-2.269906	-2.269906
N	-2.269906	-4.854868	-1.767406	-1.099981	0.156359	-0.645415	-0.462551	-0.854868	-0.645415	-4.854868
P	-3.684943	-2.269906	-1.395437	1.075869	-0.645415	1.189526	1.507075	0.211221	-3.047513	-4.854868
Q	-1.996887	-0.972225	-0.379135	-0.462551	-0.462551	0.315057	-0.300280	0.411918	1.015496	-4.854868
R	1.133816	-4.854868	-3.684943	-2.606941	-1.767406	-0.462551	-1.240159	-0.225512	0.411918	-4.854868
S	1.189526	-4.854868	-0.086684	0.502684	-0.379135	0.039949	-1.099981	-0.300280	1.344804	-4.854868
T	-0.225512	-1.767406	-1.395437	-0.379135	-0.854868	0.315057	-0.854868	0.458015	1.015496	-3.684943
V	0.264073	-0.225512	-1.767406	-2.606941	-0.021978	-0.551088	1.269253	1.462544	-0.746344	3.499381
W	-4.854868	-4.854868	-0.972225	-4.854868	-4.854868	-3.047513	-2.606941	-3.047513	-3.684943	-4.854868
Y	0.502684	-4.854868	0.852491	-3.047513	-1.767406	-2.606941	-2.269906	-0.300280	-0.379135	-3.684943
