A	1.285157	-4.238405	1.631960	-0.355762	-0.483517	0.316184	1.204539	-1.150942	0.715792	0.880536	0.827684
C	-4.238405	-4.238405	-4.238405	-4.238405	-4.238405	-4.238405	-4.238405	-4.238405	-2.431050	-4.238405	-4.238405
D	-4.238405	-4.238405	0.594485	2.401840	0.827684	0.462035	0.237329	0.153913	-4.238405	-4.238405	-4.238405
E	-4.238405	-1.990477	-2.431050	2.523146	1.692333	1.204539	0.772823	-0.238405	-0.028951	0.065376	-4.238405
F	0.390952	-4.238405	0.715792	-4.238405	-0.953003	-3.068480	-1.653442	-1.990477	-0.129880	-0.953003	-1.150942
G	0.656413	-3.068480	-0.778973	0.237329	0.715792	1.434021	1.600799	0.237329	-2.431050	-0.028951	-4.238405
H	-1.653442	-4.238405	-1.380424	-1.380424	0.065376	-1.990477	-0.028951	-1.150942	0.656413	0.153913	-3.068480
I	0.594485	-0.355762	0.980764	-4.238405	-0.129880	-0.028951	-0.483517	1.568950	0.715792	-2.431050	0.529780
K	1.911342	-4.238405	-3.068480	-0.623695	0.462035	0.316184	0.594485	0.462035	-1.150942	1.568950	-4.238405
L	-0.483517	3.843744	1.778404	-1.653442	0.153913	-1.653442	-0.355762	1.859627	0.980764	0.153913	2.603946
M	-3.068480	0.827684	0.827684	-4.238405	-1.150942	-4.238405	-4.238405	-2.431050	-0.238405	-2.431050	-1.653442
N	-2.431050	-4.238405	-1.990477	-0.129880	-0.483517	-0.238405	0.065376	-0.129880	-0.355762	-0.623695	-4.238405
P	-4.238405	-4.238405	-1.990477	0.772823	1.119147	1.468954	-0.129880	-1.653442	-0.355762	-3.068480	-4.238405
Q	-1.653442	-0.238405	-0.355762	-1.380424	-0.028951	-0.953003	-0.028951	-0.028951	1.162475	1.074478	-4.238405
R	1.503062	-4.238405	-3.068480	-1.990477	-1.380424	-0.778973	-0.953003	-0.623695	-0.483517	0.880536	-4.238405
S	0.931520	-4.238405	-0.238405	0.237329	0.316184	1.285157	0.880536	0.065376	-0.355762	0.827684	-4.238405
T	-0.129880	-3.068480	-2.431050	-0.778973	-0.129880	-0.028951	0.153913	0.594485	0.065376	0.931520	-2.431050
V	-0.129880	0.153913	-0.778973	-1.990477	-1.150942	0.153913	-0.483517	0.715792	1.361508	-0.129880	3.136635
W	-3.068480	-4.238405	0.065376	-4.238405	-3.068480	-4.238405	-4.238405	-3.068480	-3.068480	-4.238405	-3.068480
Y	-0.238405	-4.238405	0.237329	-3.068480	-2.431050	-4.238405	-2.431050	-1.653442	-0.953003	-0.778973	-2.431050
