A	2.101880	-1.357552	0.449803	-1.357552	-1.357552	-0.187627	1.227410	0.449803	0.890376	-0.187627	-0.187627	0.890376
C	-1.357552	-1.357552	-1.357552	-1.357552	-1.357552	-1.357552	-1.357552	-1.357552	-1.357552	-1.357552	-1.357552	-1.357552
D	-1.357552	-1.357552	-1.357552	2.946229	1.227410	0.449803	0.890376	-0.187627	-1.357552	-1.357552	-1.357552	-1.357552
E	-1.357552	-1.357552	-1.357552	1.729911	0.449803	1.729911	0.449803	0.449803	-1.357552	-0.187627	0.449803	-1.357552
F	0.449803	-1.357552	0.449803	-1.357552	-1.357552	-1.357552	-1.357552	-1.357552	-1.357552	-1.357552	0.890376	-1.357552
G	-0.187627	-1.357552	-1.357552	-0.187627	1.227410	0.890376	0.449803	1.927850	1.227410	-0.187627	-1.357552	-1.357552
H	-0.187627	-1.357552	-1.357552	-1.357552	0.449803	-0.187627	-1.357552	-1.357552	-1.357552	1.227410	-0.187627	-1.357552
I	-1.357552	0.449803	-1.357552	-1.357552	1.227410	-0.187627	-1.357552	-1.357552	0.890376	-0.187627	-1.357552	0.449803
K	1.227410	-1.357552	-1.357552	-1.357552	-1.357552	-1.357552	-0.187627	0.890376	0.449803	-1.357552	-1.357552	-1.357552
L	0.449803	3.410632	2.397335	-1.357552	-1.357552	-1.357552	-0.187627	-1.357552	0.449803	0.449803	-0.187627	2.257158
M	-1.357552	-0.187627	1.500429	-1.357552	-1.357552	-1.357552	-1.357552	-0.187627	-1.357552	-0.187627	-1.357552	-1.357552
N	-1.357552	-1.357552	-1.357552	-1.357552	-1.357552	0.449803	0.449803	0.890376	0.890376	-1.357552	-1.357552	-1.357552
P	-1.357552	-1.357552	-1.357552	-0.187627	0.890376	0.890376	-0.187627	-1.357552	-1.357552	-0.187627	-1.357552	-1.357552
Q	-1.357552	-1.357552	-1.357552	-0.187627	0.449803	0.449803	-1.357552	-1.357552	0.449803	0.890376	0.890376	-1.357552
R	-1.357552	-1.357552	-1.357552	-1.357552	-1.357552	-0.187627	-0.187627	-0.187627	-0.187627	-0.187627	0.890376	-1.357552
S	0.449803	-1.357552	-1.357552	-0.187627	-1.357552	0.449803	-0.187627	0.890376	-0.187627	0.449803	1.500429	-1.357552
T	0.449803	-1.357552	-1.357552	-1.357552	-0.187627	-0.187627	1.500429	-1.357552	0.449803	-0.187627	1.227410	-0.187627
V	-1.357552	-0.187627	-1.357552	-1.357552	0.890376	-1.357552	0.449803	0.449803	0.449803	1.227410	-1.357552	2.397335
W	-1.357552	-1.357552	0.449803	-1.357552	-1.357552	-1.357552	-1.357552	-1.357552	-1.357552	-0.187627	-1.357552	-1.357552
Y	0.890376	-1.357552	1.227410	-1.357552	-1.357552	-1.357552	-1.357552	-1.357552	-1.357552	-0.187627	0.449803	-1.357552
