A	0.724366	-0.353637	-1.523562	-0.353637	-1.523562	-0.353637	0.283793	-0.353637
C	-1.523562	-1.523562	-1.523562	-1.523562	-1.523562	-1.523562	-1.523562	-1.523562
D	-1.523562	-1.523562	1.563901	0.724366	-1.523562	-1.523562	-1.523562	-1.523562
E	-1.523562	-1.523562	-0.353637	-0.353637	-1.523562	0.283793	1.061401	-1.523562
F	1.563901	0.283793	0.283793	-0.353637	-1.523562	1.061401	-1.523562	-1.523562
G	0.283793	-1.523562	3.105795	0.283793	-1.523562	-1.523562	0.724366	-1.523562
H	-1.523562	-1.523562	-1.523562	1.061401	-0.353637	1.761840	-0.353637	-1.523562
I	-0.353637	-1.523562	-1.523562	-0.353637	2.231326	-1.523562	-1.523562	0.283793
K	1.061401	-1.523562	-1.523562	2.231326	-1.523562	-1.523562	1.761840	-1.523562
L	1.334419	3.371256	-1.523562	0.724366	-0.353637	-0.353637	-1.523562	1.061401
M	-1.523562	1.061401	-1.523562	-1.523562	-1.523562	-0.353637	-1.523562	-1.523562
N	-1.523562	-1.523562	-1.523562	-1.523562	-1.523562	-1.523562	-1.523562	-1.523562
P	-1.523562	-1.523562	-0.353637	-1.523562	1.061401	-1.523562	-1.523562	-1.523562
Q	-1.523562	-1.523562	-1.523562	-0.353637	-1.523562	0.283793	1.061401	-1.523562
R	0.283793	-1.523562	-1.523562	-0.353637	-1.523562	0.283793	0.724366	-1.523562
S	0.283793	-1.523562	-1.523562	-1.523562	-0.353637	-0.353637	0.283793	-1.523562
T	-1.523562	-1.523562	-1.523562	-1.523562	-1.523562	-0.353637	0.283793	-1.523562
V	0.283793	-1.523562	-1.523562	0.283793	2.584963	1.334419	-0.353637	3.371256
W	-1.523562	-1.523562	-1.523562	-1.523562	-1.523562	-0.353637	-1.523562	-1.523562
Y	0.724366	-1.523562	-0.353637	-1.523562	-1.523562	0.283793	-0.353637	-1.523562
