A	1.125439	-0.451469	1.031589	-0.281210	-0.013276	-0.644545	0.250128	0.644649	0.835708
C	-5.107424	-5.547996	-6.185426	-7.355351	-5.547996	-6.185426	-3.895919	-5.107424	-5.547996
D	-6.185426	-7.355351	1.602476	1.786117	-0.153227	-1.793109	-1.338543	-2.963034	-7.355351
E	-4.497370	-1.755438	-1.954472	2.283537	0.572427	-0.593800	0.424368	1.318841	-7.355351
F	0.339877	-1.793109	0.616192	-3.600464	-0.929086	-1.015501	-0.363829	-1.424614	-0.241609
G	0.008784	-5.547996	-1.015501	0.779075	0.534913	-1.547996	-4.770389	0.083441	-7.355351
H	-0.513001	-7.355351	-0.451469	-1.131349	0.511928	-1.424614	1.485427	-0.153227	-7.355351
I	-0.267888	0.440689	0.391163	-2.587167	0.062501	1.613316	0.062501	-2.725994	0.686308
K	2.037503	-7.355351	-1.310957	0.391163	1.576864	-0.867511	0.286701	1.336392	-7.355351
L	0.051917	3.600299	1.296598	-2.879618	-0.497370	1.520398	-0.128939	-0.971647	2.429693
M	-1.205604	0.913776	0.174079	-4.770389	-3.145898	-1.755438	-1.547996	-2.236410	-2.236410
N	-1.366666	-7.355351	0.019688	-0.153227	-0.081555	-0.116946	-0.481907	-0.228647	-7.355351
P	-6.185426	-3.145898	-1.755438	0.998898	-0.993407	0.759693	0.720128	-4.770389	-7.355351
Q	-1.205604	-0.081555	0.124429	-0.190444	-0.002204	-0.165527	0.472785	0.679448	-7.355351
R	0.982271	-6.185426	-2.879618	-1.424614	0.062501	-1.015501	-0.177932	0.686308	-7.355351
S	1.084480	-3.600464	0.448780	0.810812	0.464828	0.030511	-0.392455	1.251054	-5.107424
T	0.114291	-0.733299	-0.867511	-0.733299	0.174079	0.534913	0.374270	1.094829	-4.069949
V	-0.165527	0.464828	-0.644545	-1.912408	0.601751	1.881859	0.931207	-0.363829	3.305091
W	-3.895919	-6.185426	-0.993407	-5.107424	-2.587167	-6.185426	-2.587167	-7.355351	-4.497370
Y	0.464828	-3.355351	-0.002204	-2.725994	-0.577274	-2.042468	0.144495	-0.610517	-3.895919
