A	1.207490	-3.180178	0.891139	0.006973	0.356883	0.422546	-0.127536	0.348461	0.430548	-0.731420
C	-7.389631	-7.389631	-4.804669	-5.141704	-5.141704	-4.302168	-4.531650	-3.634744	-3.389631	-7.389631
D	-5.141704	-5.141704	-1.214706	1.792763	0.589079	0.130005	-0.804669	-0.942548	-2.076748	-7.389631
E	-4.804669	1.673089	-3.180178	1.942965	1.034535	0.462118	-0.069959	0.725412	0.692518	-6.219706
F	-1.318169	-6.219706	1.535181	-1.400947	-0.963367	-1.265510	-0.500888	-0.678825	-1.095011	0.849967
G	0.801428	-6.219706	-2.076748	0.705766	1.589794	0.947991	0.414500	-1.866069	-0.262927	-6.219706
H	-1.027688	-6.219706	-0.384007	-1.682272	-0.842737	-0.713674	-0.804669	0.381858	-0.370041	-6.219706
I	-2.122845	-0.823577	0.885329	-2.032079	0.090149	0.270365	1.150497	0.120144	-1.345237	2.207956
K	2.141263	-4.302168	-0.547281	0.296869	0.017636	0.567471	0.038729	-1.165630	1.253323	-4.302168
L	-1.648164	2.561289	1.635508	-0.579060	0.462118	0.699157	1.474555	1.361913	0.500633	2.584783
M	-3.180178	-0.470768	-0.288969	-3.389631	-2.122845	-2.621447	-1.614844	-1.550428	-2.913898	-2.270690
N	-4.531650	-5.582276	-0.804669	-0.262927	-0.485749	-0.563083	-0.426735	0.006973	-0.963367	-6.219706
P	-5.582276	-2.835042	-0.531650	0.925518	0.782796	0.867757	0.908431	-0.025497	-4.302168	-6.219706
Q	-1.318169	2.999462	0.149527	0.270365	-0.356208	0.305597	0.178325	1.002686	0.801428	-7.389631
R	2.616695	-5.582276	-1.165630	-1.239884	-0.922026	-0.731420	-1.095011	-0.942548	0.581912	-6.219706
S	0.757574	-2.835042	-0.384007	0.770240	0.322896	0.356883	-0.237346	0.006973	1.216774	-6.219706
T	-1.005927	-2.494814	-1.866069	-1.239884	-0.426735	0.243364	-0.288969	0.398271	1.216774	-5.141704
V	-0.678825	-0.224724	0.017636	-1.988752	0.381858	0.731902	1.135889	1.221393	0.139799	2.600827
W	-7.389631	-6.219706	-1.400947	-4.531650	-3.085851	-4.302168	-4.104229	-2.689192	-5.141704	-3.085851
Y	-1.005927	-5.582276	0.970118	-1.682272	-2.219706	-2.378404	-1.291599	-0.984490	-0.470768	-1.345237
