A	1.080951	-3.922266	0.928591	0.171246	0.565000	0.817274	0.610229	0.610229	0.140744	0.518307	-1.621096
C	-5.729621	-5.729621	-4.559696	-5.729621	-5.729621	-4.559696	-5.729621	-3.922266	-3.922266	-3.922266	-5.729621
D	-5.729621	-4.559696	-0.416738	1.790016	0.632323	0.778174	0.420126	-1.100264	-1.100264	-2.642158	-5.729621
E	-4.559696	0.737985	-2.270189	1.740021	0.717462	0.758219	0.696644	0.109583	0.109583	0.470052	-5.729621
F	-1.729621	-5.729621	2.082557	-1.425840	-0.610680	-1.974733	-1.520167	-0.961436	-0.129708	-1.253887	-0.092996
G	1.189242	-4.559696	-1.253887	0.910624	0.946336	1.080951	1.218746	0.230381	-1.729621	-0.372069	-5.729621
H	-1.729621	-4.559696	-1.100264	-1.520167	-0.718393	-1.520167	-0.328741	-0.961436	0.109583	-0.245805	-5.729621
I	-1.621096	-1.253887	0.836433	-2.642158	-0.245805	-0.245805	-0.328741	1.015213	0.394501	-2.114911	2.442807
K	2.074510	-5.729621	-0.896731	0.045166	-0.245805	0.077734	0.445305	0.518307	-1.621096	1.261901	-5.729621
L	-1.621096	2.735946	1.496791	-0.663532	0.494381	-0.372069	0.470052	1.204070	1.790016	0.758219	2.562701
M	-4.559696	-0.559696	-0.286677	-3.481693	-1.253887	-2.270189	-2.114911	-3.481693	-0.961436	-2.871640	-3.144658
N	-4.559696	-5.729621	-0.961436	-0.610680	-0.416738	-0.328741	-0.718393	-0.328741	-0.775424	-1.621096	-5.729621
P	-5.729621	-3.481693	-0.775424	1.344521	1.080951	1.447799	0.230381	0.610229	0.011846	-3.922266	-5.729621
Q	-3.144658	3.184017	-0.718393	0.518307	-0.610680	-0.663532	0.140744	0.259064	1.331075	0.892431	-5.729621
R	2.795900	-4.559696	-2.444219	-1.337303	-1.729621	-1.175032	-0.328741	-0.718393	-1.029181	0.654084	-5.729621
S	0.140744	-3.144658	-0.286677	0.654084	0.928591	1.080951	0.963866	0.420126	-0.462834	0.963866	-4.559696
T	-1.029181	-3.144658	-1.729621	-1.175032	0.314773	0.368411	0.259064	0.368411	0.109583	1.460204	-3.922266
V	-0.775424	-0.416738	-0.510452	-1.337303	0.287188	0.045166	0.077734	0.817274	1.112730	0.420126	2.735946
W	-5.729621	-5.729621	-0.510452	-5.729621	-4.559696	-4.559696	-3.922266	-4.559696	-2.444219	-5.729621	-4.559696
Y	-0.510452	-3.481693	0.675521	-3.481693	-1.425840	-3.144658	-1.729621	-1.974733	-0.663532	-0.775424	-1.846978
