A	1.215729	-0.731804	0.045804	-0.731804	-1.369234	0.045804	0.548304	0.920273	-0.291231	0.548304	0.318822	-1.369234
C	-2.539159	-2.539159	-2.539159	-1.369234	-2.539159	-2.539159	-2.539159	-2.539159	-2.539159	-2.539159	-2.539159	-2.539159
D	-2.539159	-2.539159	-2.539159	2.090198	0.746243	0.920273	0.045804	0.045804	-0.731804	-0.291231	-2.539159	-2.539159
E	-2.539159	-0.291231	-2.539159	0.746243	-0.731804	1.075551	0.548304	0.548304	0.045804	-0.291231	0.318822	-2.539159
F	-2.539159	-2.539159	1.853159	-1.369234	-1.369234	-1.369234	-0.291231	-0.731804	-0.731804	-0.731804	-1.369234	0.548304
G	0.548304	-2.539159	-1.369234	0.318822	0.045804	1.075551	1.460841	1.343484	0.746243	-1.369234	-1.369234	-2.539159
H	-0.731804	-2.539159	-1.369234	-1.369234	-0.731804	-2.539159	-0.731804	-1.369234	-1.369234	0.548304	-0.731804	-2.539159
I	-1.369234	-1.369234	0.746243	-1.369234	1.075551	-1.369234	0.318822	0.045804	1.215729	0.318822	-0.291231	2.773724
K	1.215729	-2.539159	-0.731804	0.548304	-2.539159	0.045804	0.548304	0.318822	0.318822	-2.539159	0.548304	-2.539159
L	-2.539159	1.460841	1.569366	-0.731804	-0.291231	-0.291231	0.318822	-1.369234	0.746243	2.015430	0.548304	0.920273
M	-1.369234	-2.539159	0.318822	-2.539159	-0.731804	-1.369234	-0.731804	-1.369234	-1.369234	-0.731804	-2.539159	-1.369234
N	-2.539159	-2.539159	-1.369234	0.746243	-1.369234	0.746243	-0.291231	0.318822	-1.369234	-1.369234	-0.731804	-2.539159
P	-2.539159	-2.539159	-1.369234	1.215729	2.161281	0.045804	1.215729	-0.291231	0.548304	0.045804	-2.539159	-2.539159
Q	-0.731804	3.584963	-0.731804	0.045804	0.318822	0.045804	-1.369234	0.045804	0.318822	0.920273	1.215729	-2.539159
R	3.060754	-2.539159	-1.369234	-1.369234	-1.369234	-1.369234	-0.731804	-1.369234	-0.731804	-0.291231	0.318822	-2.539159
S	0.045804	-2.539159	-1.369234	-0.291231	0.746243	0.920273	0.318822	0.746243	0.045804	-0.731804	1.569366	-2.539159
T	-1.369234	-2.539159	-2.539159	-0.731804	0.045804	0.746243	0.045804	0.920273	1.075551	-0.291231	1.075551	-2.539159
V	-2.539159	0.045804	0.548304	-0.731804	0.548304	0.045804	-1.369234	0.045804	0.746243	0.746243	0.746243	2.727628
W	-1.369234	-2.539159	-0.731804	-1.369234	-2.539159	-1.369234	-2.539159	-2.539159	-1.369234	-1.369234	-2.539159	-2.539159
Y	-1.369234	-2.539159	1.670295	-0.731804	-0.731804	-1.369234	-2.539159	-0.731804	-2.539159	-0.731804	-0.731804	-2.539159
