A	0.949374	-0.857981	-0.857981	-0.857981	0.311944	-0.857981	0.311944	-0.857981	0.311944	1.389947	-0.857981	-0.857981	-0.857981
C	-0.857981	-0.857981	-0.857981	-0.857981	-0.857981	-0.857981	-0.857981	-0.857981	-0.857981	-0.857981	-0.857981	-0.857981	-0.857981
D	-0.857981	-0.857981	-0.857981	1.389947	0.311944	1.726982	0.311944	-0.857981	-0.857981	-0.857981	-0.857981	-0.857981	-0.857981
E	-0.857981	-0.857981	-0.857981	0.949374	0.311944	0.311944	-0.857981	0.949374	1.389947	-0.857981	-0.857981	-0.857981	-0.857981
F	-0.857981	-0.857981	2.000000	-0.857981	-0.857981	-0.857981	-0.857981	-0.857981	-0.857981	-0.857981	-0.857981	-0.857981	-0.857981
G	0.311944	-0.857981	-0.857981	0.311944	-0.857981	0.949374	0.311944	0.311944	1.389947	0.311944	-0.857981	-0.857981	-0.857981
H	-0.857981	-0.857981	-0.857981	0.311944	-0.857981	0.311944	-0.857981	-0.857981	-0.857981	-0.857981	0.949374	-0.857981	-0.857981
I	-0.857981	0.311944	1.389947	-0.857981	-0.857981	-0.857981	-0.857981	-0.857981	0.311944	0.949374	1.726982	-0.857981	2.000000
K	1.389947	-0.857981	-0.857981	-0.857981	-0.857981	-0.857981	0.311944	0.311944	-0.857981	0.311944	-0.857981	1.389947	-0.857981
L	-0.857981	1.726982	0.949374	-0.857981	0.949374	-0.857981	0.311944	-0.857981	-0.857981	0.311944	-0.857981	1.726982	0.949374
M	-0.857981	-0.857981	0.311944	-0.857981	-0.857981	-0.857981	-0.857981	-0.857981	-0.857981	-0.857981	-0.857981	-0.857981	-0.857981
N	-0.857981	-0.857981	-0.857981	-0.857981	0.311944	-0.857981	0.311944	0.311944	0.311944	-0.857981	-0.857981	-0.857981	-0.857981
P	-0.857981	-0.857981	-0.857981	1.389947	2.000000	1.389947	0.311944	0.311944	-0.857981	0.311944	-0.857981	-0.857981	-0.857981
Q	0.311944	2.601451	-0.857981	0.949374	0.311944	0.311944	0.311944	1.389947	0.949374	0.311944	1.389947	0.949374	-0.857981
R	2.229482	-0.857981	-0.857981	-0.857981	-0.857981	-0.857981	-0.857981	-0.857981	-0.857981	-0.857981	-0.857981	0.949374	-0.857981
S	-0.857981	-0.857981	-0.857981	0.311944	-0.857981	-0.857981	1.726982	1.389947	-0.857981	-0.857981	-0.857981	0.311944	-0.857981
T	-0.857981	-0.857981	-0.857981	-0.857981	-0.857981	-0.857981	-0.857981	0.311944	0.949374	-0.857981	-0.857981	-0.857981	-0.857981
V	-0.857981	-0.857981	-0.857981	-0.857981	0.311944	0.311944	0.311944	-0.857981	-0.857981	0.949374	1.389947	0.311944	2.229482
W	-0.857981	-0.857981	0.311944	-0.857981	-0.857981	-0.857981	-0.857981	-0.857981	-0.857981	-0.857981	0.311944	-0.857981	-0.857981
Y	-0.857981	-0.857981	0.311944	-0.857981	-0.857981	-0.857981	-0.857981	-0.857981	-0.857981	0.311944	-0.857981	-0.857981	-0.857981
