A	1.095518	-3.409391	0.079545	0.136802	1.474363	-0.442558	0.745887	-1.061468
C	-5.061468	-6.868823	-3.781360	-4.010842	-4.620895	-5.698898	-3.781360	-6.868823
D	-4.620895	-3.113935	-1.555940	-2.314234	-1.914626	-0.938085	-2.868823	-6.868823
E	-5.061468	-0.551410	-2.868823	0.869270	-0.744701	0.689598	0.800062	-6.868823
F	-0.528973	-5.061468	1.233153	-1.268910	-1.425879	0.218640	-1.802733	-3.113935
G	0.869270	-5.698898	-0.744701	-1.094035	0.244920	-3.254113	-0.644821	-6.868823
H	0.345497	-3.409391	-0.246771	-1.698898	-0.852014	0.967228	-0.442558	-6.868823
I	-0.361028	-1.914626	1.058955	0.817678	1.131177	-0.140902	-1.974005	2.993815
K	1.446327	-6.868823	0.886065	1.451978	-1.698898	-0.283860	1.440654	-6.868823
L	-0.361028	0.708606	1.352765	1.591633	1.714260	0.580326	0.877692	1.742202
M	-1.802733	-2.476505	-0.574202	-2.659369	-0.880138	-2.760298	-1.974005	-4.283860
N	-2.986180	-5.061468	-0.908821	-1.914626	-1.974005	-0.644821	-1.306580	-6.868823
P	-6.868823	-6.868823	-2.393089	0.727367	-0.597360	0.894390	-3.409391	-6.868823
Q	-0.090745	3.984292	-0.421739	0.404973	0.679999	0.670336	0.800062	-6.868823
R	2.114171	-6.868823	0.549030	-0.123989	-3.409391	-0.158016	0.852277	-6.868823
S	0.610958	-3.409391	-0.620895	-0.880138	0.718017	-0.042274	0.860798	-6.868823
T	-0.669150	-3.254113	0.404973	-0.175336	-0.341346	0.283462	0.689598	-6.868823
V	-0.485118	-0.421739	0.580326	0.943355	1.411948	1.051530	0.773229	2.982146
W	-3.409391	-6.868823	-1.555940	-4.010842	-6.868823	-1.345261	-6.868823	-6.868823
Y	0.050041	-4.620895	-0.506879	-1.425879	-2.565042	-0.192866	-1.127356	-5.061468
