A	1.240702	-0.346189	1.081617	0.273088	0.171091	0.346541	0.055369	0.732021	-0.239725
C	-7.307770	-6.767202	-4.039281	-5.701112	-4.362060	-4.495739	-4.091245	-4.383497	-4.959847
D	-5.130577	-4.669170	-0.020268	1.210168	-0.724516	-1.032069	-1.301125	-2.188829	-10.767202
E	-2.160796	1.148958	-2.007313	1.677166	0.365941	0.078092	0.544689	0.879919	-10.767202
F	-0.368725	-5.454319	0.603758	-1.755974	-0.263128	-0.559882	-0.409375	-1.329450	0.028229
G	0.594194	-2.987482	-0.834618	0.555994	0.335102	-0.569064	-3.297560	-0.340937	-10.767202
H	-0.213092	-2.698423	-0.208303	-1.197821	-0.253227	-1.004820	0.343282	-0.338318	-8.182239
I	-0.379454	0.220773	0.476419	-1.195449	0.621354	1.181257	0.388249	-1.635345	2.035971
K	1.618054	-4.022368	0.556698	0.608517	0.705616	-0.126957	-0.627011	1.191714	-7.679739
L	-0.474017	2.640664	1.015592	-0.288179	0.991334	1.191714	1.639800	0.548938	2.771290
M	-2.353574	-0.463992	-0.796377	-3.161722	-2.062433	-1.842389	-1.509225	-2.271347	-1.687717
N	-1.864827	-5.094776	-0.044608	-0.325295	-0.667525	-0.638241	-0.704144	-0.463992	-10.767202
P	-6.767202	-2.658677	-0.517792	1.322828	0.049382	0.677425	0.588012	-3.653459	-5.500415
Q	-0.367390	2.338298	-0.264370	0.165567	0.035315	0.312783	0.856680	0.735754	-10.767202
R	1.774440	-1.083768	-0.266858	-0.558358	-0.130350	-0.695739	-0.311104	0.735754	-10.767202
S	1.143816	-0.898765	0.651969	0.647351	0.222548	0.252389	-0.221513	1.176229	-7.012314
T	-0.149734	-0.945826	-0.201148	-0.449789	0.232270	0.361115	0.224320	0.850381	-3.328410
V	-0.090143	0.712579	0.026198	-0.843874	1.007380	1.350279	0.927483	0.265361	2.642985
W	-4.005650	-8.519274	-1.724858	-4.091245	-2.971162	-4.519274	-2.440772	-5.813005	-3.414055
Y	-0.176381	-4.543200	0.122492	-2.718715	-0.945826	-1.426239	-0.633417	-0.838313	-1.390534
