A	0.508439	-4.155986	0.901798	0.048460	0.923841	0.425891	0.321824	0.354652	0.097771	-4.856426
C	-7.441388	-5.193461	-2.128505	-3.441388	-3.686501	-3.137607	-3.441388	-3.441388	-3.332864	-7.441388
D	-0.894494	-5.193461	1.804759	1.795822	0.749671	0.486390	-0.380692	0.236332	-2.487192	-5.634033
E	0.929299	2.520423	0.600271	1.523675	0.901798	0.934737	0.321824	1.206070	0.173322	-6.271463
F	-0.227069	-3.231935	-0.276481	-1.452703	-1.699921	-1.193461	-0.630816	-1.424580	-0.407965	2.461364
G	-0.567944	-4.353925	-1.734029	0.378791	1.059454	0.934737	0.850934	-2.430161	-0.953548	-5.634033
H	1.117989	3.480267	0.896234	-1.146767	-0.994305	-0.394264	-0.407965	0.048460	-0.407965	-7.441388
I	-0.765431	-3.441388	0.833572	-1.699921	-0.394264	0.007761	-0.002596	0.173322	-1.369926	1.044441
K	-1.193461	-4.155986	-1.666601	-0.251563	-1.036247	-0.367247	0.456457	-1.424580	0.749671	-7.441388
L	-1.699921	-2.271463	-0.013028	-0.394264	-0.077253	0.478965	0.607099	0.515714	1.201566	3.321202
M	-1.291641	-6.271463	-0.567944	-2.965655	-2.886799	-1.957572	-2.040509	-1.841475	-1.804763	-1.291641
N	0.136041	-5.634033	-0.894494	-0.239264	-0.013028	-0.394264	0.296704	0.551550	-0.478492	-6.271463
P	-5.193461	-1.699921	-2.430161	1.434361	1.280566	-0.055526	0.164091	-0.663311	-4.353925	-7.441388
Q	0.879413	-0.289103	0.456457	0.117033	-0.276481	0.182493	0.338331	1.141695	0.433593	-6.271463
R	-0.099313	-0.696554	-1.540521	-0.730582	-1.602184	-0.856426	-0.263968	-1.123975	0.370789	-6.271463
S	1.367576	-3.137607	0.718483	0.627390	0.972240	0.885041	0.660588	0.370789	1.174242	-7.441388
T	1.415037	-3.332864	-1.957572	-0.435763	0.018044	0.755829	0.394662	0.425891	1.690469	-7.441388
V	-1.123975	-2.322447	0.126568	-1.369926	0.418147	0.471501	0.402533	1.232804	0.145452	-2.083836
W	-2.740948	-6.271463	-3.686501	-3.441388	-4.155986	-3.981956	-3.558745	-4.155986	-4.353925	0.370789
Y	-0.099313	-1.841475	-0.663311	-1.424580	-1.699921	-1.768963	-0.856426	-0.894494	-0.327646	-1.571023
