A	0.619745	-4.564422	0.754928	0.406300	0.890318	0.516967	0.547087	0.902019	0.321710	0.033365	-4.564422
C	-6.371777	-6.371777	-2.263252	-5.201852	-3.786814	-6.371777	-3.513796	-2.616889	-3.513796	-3.513796	-5.201852
D	-0.848215	-6.371777	1.949024	1.541113	1.108004	0.576591	0.075307	-0.300314	0.321710	-1.896043	-6.371777
E	1.035491	1.736748	1.599767	1.077372	0.715686	0.561914	0.532105	0.486204	1.332127	-0.196851	-5.201852
F	-0.354968	-5.201852	0.054488	-1.896043	-1.742420	-1.742420	-1.603592	-1.671337	-1.417580	-0.596990	2.425074
G	-0.735152	-5.201852	-1.896043	0.454772	0.231850	0.913626	0.805643	0.854636	-1.979459	-0.928833	-6.371777
H	0.715686	3.812479	0.095829	0.501667	-1.476959	-0.699351	-0.383092	-0.354968	0.033365	-0.383092	-6.371777
I	-0.411775	-3.786814	0.576591	-0.564422	-0.441039	-0.123849	0.033365	0.011928	-0.054364	-1.104990	0.981370
K	-1.671337	-3.786814	-2.263252	-0.564422	-1.104990	-0.441039	0.304180	0.268468	-1.417580	0.619745	-5.201852
L	-1.476959	-3.086374	0.321710	-0.273745	0.250275	0.339030	0.702365	0.486204	0.902019	1.261219	3.354867
M	-0.887961	-5.201852	-1.014225	-3.086374	-3.284314	-2.489134	-2.263252	-1.979459	-1.476959	-2.263252	-1.252836
N	0.054488	-5.201852	-1.476959	-0.354968	0.155700	-0.300314	0.033365	0.286435	1.087655	-0.564422	-6.371777
P	-4.123849	-1.817188	-4.123849	1.242933	1.108004	0.422639	0.033365	-0.300314	-2.371777	-3.513796	-5.201852
Q	0.818048	-0.222030	0.406300	0.033365	0.054488	0.155700	0.356144	0.231850	1.167382	0.501667	-6.371777
R	-0.501412	-0.630310	-5.201852	-0.327383	-1.603592	-1.305687	-0.501412	-0.411775	-0.771864	0.454772	-6.371777
S	1.314724	-3.513796	0.619745	0.647814	1.167382	1.503205	0.992358	1.067015	0.075307	0.902019	-6.371777
T	1.518488	-3.086374	-3.086374	-0.664418	0.454772	0.767775	0.339030	0.532105	0.136018	1.806888	-6.371777
V	-0.354968	-3.513796	0.213186	-0.735152	0.373057	0.175118	0.250275	0.011928	0.702365	0.547087	-1.603592
W	-2.616889	-6.371777	-3.086374	-3.513796	-4.564422	-4.123849	-3.284314	-3.513796	-2.371777	-5.201852	0.268468
Y	-0.009833	-3.513796	-0.532573	-1.252836	-1.476959	-1.742420	-1.201852	-1.360549	-0.848215	-0.354968	-2.162323
