A	-0.113211	-1.479993	0.826668	0.380604	0.972519	0.481533	0.747813	0.272080	0.481533	0.826668	0.026967	-3.727920
C	-3.727920	-3.727920	-3.727920	-3.727920	-1.920566	-3.727920	-2.557995	-1.920566	-1.920566	-1.920566	-3.727920	-3.727920
D	-0.869939	-3.727920	1.584963	1.944505	-0.113211	1.338169	0.901436	0.575860	0.380604	0.826668	-3.727920	-3.727920
E	0.747813	-0.268489	0.747813	0.901436	0.481533	0.481533	0.747813	1.040264	0.664397	1.040264	-1.920566	-3.727920
F	0.026967	-3.727920	0.664397	-1.479993	-3.727920	-1.479993	-0.640458	-0.869939	-3.727920	-2.557995	-0.640458	2.447005
G	-1.142958	-3.727920	-2.557995	0.826668	0.272080	1.584963	1.755895	1.871992	0.747813	-0.442518	-1.142958	-3.727920
H	1.338169	4.043569	0.481533	-0.442518	0.747813	-1.479993	-0.442518	0.664397	-1.142958	-0.268489	0.026967	-3.727920
I	-0.869939	-3.727920	1.104970	-1.479993	0.154723	-0.268489	-2.557995	-1.142958	0.154723	-0.442518	-1.920566	0.747813
K	-2.557995	-3.727920	-2.557995	-1.479993	-1.920566	-1.479993	-0.268489	-0.268489	-0.640458	-2.557995	0.272080	-3.727920
L	-2.557995	-2.557995	-0.113211	-0.113211	-0.869939	-0.442518	-0.113211	0.026967	0.481533	0.026967	1.391021	3.346221
M	-1.142958	-3.727920	0.380604	-1.479993	-2.557995	-0.869939	-1.920566	-3.727920	-1.479993	-0.640458	-0.869939	-1.920566
N	0.272080	-3.727920	-3.727920	-0.869939	-0.268489	-0.442518	0.272080	0.154723	0.380604	0.380604	-1.479993	-3.727920
P	-3.727920	-1.920566	-2.557995	1.442005	1.755895	0.380604	0.575860	-2.557995	-0.869939	-1.142958	-1.920566	-3.727920
Q	0.901436	-1.479993	0.972519	0.026967	-0.869939	0.154723	-0.268489	-0.268489	0.826668	1.226276	0.575860	-3.727920
R	-1.920566	-1.142958	-3.727920	-1.920566	-3.727920	-0.640458	-1.479993	-0.442518	0.272080	-0.113211	0.380604	-3.727920
S	1.283307	-3.727920	-0.268489	0.747813	0.972519	0.972519	0.380604	0.901436	1.283307	0.747813	1.040264	-3.727920
T	1.715023	-2.557995	-3.727920	-0.442518	0.664397	0.575860	-0.869939	0.026967	0.026967	0.575860	2.111283	-3.727920
V	-0.869939	-3.727920	0.826668	-1.479993	0.481533	-1.479993	0.026967	-0.869939	-0.113211	0.026967	0.154723	-2.557995
W	-1.479993	-3.727920	-2.557995	-2.557995	-2.557995	-3.727920	-1.479993	-3.727920	-3.727920	-2.557995	-2.557995	0.026967
Y	0.481533	-3.727920	-0.640458	-0.869939	-1.142958	-0.442518	-0.869939	-1.142958	-1.142958	-1.142958	-0.442518	-1.920566
