A	1.601451	-1.857981	-1.857981	1.229482	1.000000	-0.050626	-0.050626	-0.688056	-0.050626	0.726982	-1.857981	0.389947	-1.857981
C	-1.857981	-1.857981	-1.857981	-1.857981	-1.857981	-1.857981	-1.857981	-1.857981	-0.688056	-1.857981	-1.857981	-1.857981	-1.857981
D	-1.857981	-1.857981	1.896907	1.229482	-0.050626	1.000000	0.726982	-0.050626	0.389947	-0.050626	-0.688056	-1.857981	-1.857981
E	-0.050626	1.229482	0.389947	1.229482	0.389947	-0.050626	-0.688056	1.229482	0.389947	0.726982	1.000000	-0.050626	-1.857981
F	-0.688056	-1.857981	0.389947	-1.857981	-1.857981	-1.857981	-1.857981	-0.688056	-1.857981	-0.688056	-0.688056	-0.688056	2.534336
G	-1.857981	-0.688056	-0.688056	0.726982	1.427421	1.229482	0.726982	0.726982	0.726982	1.000000	-0.688056	-0.050626	-1.857981
H	1.000000	3.542898	-1.857981	-1.857981	-1.857981	1.756729	0.389947	-1.857981	-0.688056	-0.688056	0.389947	-1.857981	-1.857981
I	-0.688056	-1.857981	0.389947	-0.050626	0.389947	-0.688056	-0.688056	-0.688056	-0.688056	-0.050626	-1.857981	-1.857981	1.000000
K	-1.857981	-1.857981	-1.857981	-0.688056	-1.857981	0.389947	1.000000	-1.857981	-0.050626	-1.857981	-1.857981	-0.050626	-1.857981
L	-1.857981	-1.857981	-0.050626	-1.857981	-0.050626	-0.688056	-0.688056	-0.050626	0.389947	-0.688056	-0.688056	1.601451	2.696608
M	-1.857981	-1.857981	-0.688056	-0.050626	-1.857981	-1.857981	-0.050626	-0.688056	-1.857981	-1.857981	-1.857981	-0.688056	-1.857981
N	0.389947	-1.857981	-0.688056	-0.688056	-0.050626	-0.050626	-0.688056	0.389947	-0.050626	-0.050626	1.000000	0.389947	-1.857981
P	-1.857981	-1.857981	-1.857981	1.229482	0.389947	-0.688056	-0.050626	1.000000	0.726982	-0.688056	-0.688056	-1.857981	-1.857981
Q	0.726982	-1.857981	1.427421	-0.688056	-0.688056	-1.857981	1.229482	0.389947	0.389947	0.389947	1.756729	1.000000	-1.857981
R	-1.857981	-0.688056	-1.857981	-1.857981	-1.857981	-1.857981	-0.688056	-1.857981	0.389947	0.389947	-1.857981	-1.857981	-1.857981
S	2.142019	-0.688056	0.389947	-1.857981	1.601451	0.726982	0.726982	0.726982	0.726982	0.726982	1.229482	0.726982	-1.857981
T	1.000000	-1.857981	-1.857981	0.389947	-0.688056	-0.050626	0.726982	1.427421	-0.688056	0.389947	-0.050626	1.427421	-1.857981
V	-1.857981	-1.857981	0.389947	0.726982	0.726982	0.389947	-0.688056	-0.688056	1.000000	1.229482	0.726982	-0.050626	-0.688056
W	-0.688056	-1.857981	-0.688056	-1.857981	-1.857981	-1.857981	-1.857981	-1.857981	-1.857981	-1.857981	-0.050626	-1.857981	-0.050626
Y	-1.857981	-1.857981	0.726982	-1.857981	-0.688056	-0.688056	-1.857981	-0.688056	-1.857981	-1.857981	-0.688056	-0.050626	-1.857981
