A	-0.906891	-0.906891	0.900464	0.263034	0.263034	-0.906891	0.900464	-0.906891	0.263034	1.341037	0.263034	-0.906891	-0.906891	-0.906891
C	-0.906891	-0.906891	-0.906891	-0.906891	-0.906891	-0.906891	-0.906891	-0.906891	-0.906891	-0.906891	-0.906891	-0.906891	-0.906891	-0.906891
D	-0.906891	-0.906891	0.900464	1.341037	-0.906891	0.263034	0.900464	1.341037	-0.906891	0.263034	-0.906891	1.678072	-0.906891	-0.906891
E	-0.906891	-0.906891	0.900464	0.263034	0.263034	0.263034	0.263034	-0.906891	0.900464	-0.906891	1.341037	-0.906891	0.263034	-0.906891
F	0.263034	-0.906891	1.341037	-0.906891	-0.906891	-0.906891	-0.906891	-0.906891	-0.906891	-0.906891	-0.906891	-0.906891	-0.906891	0.900464
G	-0.906891	-0.906891	-0.906891	0.263034	-0.906891	1.341037	0.900464	0.263034	0.900464	0.263034	1.341037	0.900464	0.263034	-0.906891
H	1.951090	3.302563	-0.906891	-0.906891	0.263034	-0.906891	0.263034	-0.906891	0.263034	-0.906891	0.263034	0.263034	-0.906891	-0.906891
I	-0.906891	-0.906891	1.341037	-0.906891	1.678072	0.900464	-0.906891	-0.906891	-0.906891	-0.906891	-0.906891	0.900464	-0.906891	0.900464
K	-0.906891	-0.906891	-0.906891	0.263034	-0.906891	-0.906891	0.263034	0.263034	-0.906891	-0.906891	-0.906891	-0.906891	-0.906891	-0.906891
L	-0.906891	-0.906891	-0.906891	0.900464	0.263034	1.341037	-0.906891	0.263034	-0.906891	0.900464	-0.906891	-0.906891	0.263034	2.847997
M	-0.906891	-0.906891	-0.906891	-0.906891	-0.906891	0.263034	0.263034	0.263034	-0.906891	-0.906891	-0.906891	-0.906891	-0.906891	-0.906891
N	0.900464	-0.906891	-0.906891	-0.906891	-0.906891	-0.906891	0.263034	-0.906891	-0.906891	0.263034	-0.906891	0.263034	-0.906891	-0.906891
P	-0.906891	-0.906891	-0.906891	0.263034	0.900464	0.263034	0.263034	0.263034	0.263034	-0.906891	-0.906891	-0.906891	-0.906891	-0.906891
Q	0.263034	-0.906891	0.263034	1.341037	-0.906891	-0.906891	0.900464	0.263034	0.263034	0.900464	0.900464	-0.906891	1.341037	-0.906891
R	0.263034	-0.906891	-0.906891	-0.906891	-0.906891	-0.906891	-0.906891	-0.906891	-0.906891	0.263034	-0.906891	-0.906891	-0.906891	-0.906891
S	0.900464	-0.906891	-0.906891	-0.906891	0.900464	-0.906891	-0.906891	1.341037	1.678072	1.341037	0.900464	0.900464	1.341037	-0.906891
T	0.263034	-0.906891	-0.906891	-0.906891	-0.906891	0.263034	-0.906891	0.900464	0.263034	-0.906891	0.900464	0.263034	1.951090	-0.906891
V	-0.906891	-0.906891	-0.906891	-0.906891	0.900464	0.263034	-0.906891	-0.906891	0.263034	-0.906891	-0.906891	0.263034	-0.906891	-0.906891
W	-0.906891	-0.906891	-0.906891	-0.906891	-0.906891	-0.906891	-0.906891	-0.906891	-0.906891	-0.906891	-0.906891	-0.906891	-0.906891	-0.906891
Y	0.263034	-0.906891	0.263034	0.263034	-0.906891	-0.906891	-0.906891	-0.906891	-0.906891	-0.906891	-0.906891	-0.906891	-0.906891	-0.906891
