A	-1.350977	-0.114679	0.941306	-0.679031	0.990382	-0.063695	0.403005	-5.233620
C	-5.233620	-5.233620	-4.063695	-5.233620	-4.063695	-5.233620	-2.985692	-5.233620
D	0.289942	0.783189	1.685244	0.079263	1.254220	-1.948217	-2.985692	-5.233620
E	-0.014451	2.040176	-0.465435	1.192645	1.083793	0.507847	0.810774	-5.233620
F	-0.533180	-1.478732	0.403005	-0.533180	-1.233620	-0.222392	-0.679031	1.592929
G	-3.426265	-2.985692	0.726382	-0.338802	-0.014451	-2.648657	-1.948217	-5.233620
H	3.252210	2.814867	0.033167	-1.024166	-0.679031	1.406625	0.079263	-5.233620
I	-0.841302	-1.125095	-0.279423	0.366293	0.250196	0.438806	-1.024166	1.853843
K	-2.146157	-4.063695	-1.350977	0.697118	-0.465435	-1.948217	0.890502	-5.233620
L	-1.478732	-1.478732	0.366293	0.990382	-0.167530	-0.014451	1.128324	3.492598
M	-1.233620	-4.063695	-1.350977	-2.648657	-3.426265	-2.375639	-2.146157	-0.679031
N	-0.465435	-3.426265	0.079263	-0.604263	-1.618910	0.167260	-1.024166	-5.233620
P	-4.063695	-1.350977	-0.757886	1.061001	0.033167	0.605584	-2.985692	-5.233620
Q	-0.465435	0.941306	-0.533180	0.403005	-0.114679	0.507847	0.473739	-5.233620
R	-2.648657	-0.929839	-3.426265	-0.465435	-1.125095	-0.604263	-0.063695	-5.233620
S	-0.279423	-0.533180	1.313275	-0.279423	0.916127	-0.063695	1.037843	-5.233620
T	-0.533180	-1.478732	-0.533180	0.328623	0.033167	-0.014451	1.313275	-5.233620
V	-1.233620	-1.233620	-0.222392	0.541167	1.388432	1.388432	0.755065	-1.350977
W	-2.375639	-5.233620	-2.985692	-5.233620	-5.233620	-0.841302	-4.063695	-0.841302
Y	0.755065	-1.618910	-0.757886	-0.679031	-2.146157	0.033167	-0.465435	-2.375639
