A	0.778808	-0.571842	0.963942	0.189449	0.323712	0.405098	0.161907	0.386431	-6.490462
C	-6.490462	-7.857244	-2.615324	-5.550583	-4.116487	-4.204305	-3.857244	-3.833709	-10.105172
D	-0.739396	-6.350284	1.626041	1.275289	0.236069	-0.353210	-0.579162	-2.697904	-10.105172
E	0.933404	2.708058	0.079084	1.688838	0.640712	0.247147	0.869422	0.742081	-8.297817
F	-0.157900	-2.472177	0.075980	-1.584553	-0.601346	-0.542929	-0.873951	-1.042451	1.953074
G	-0.613820	-4.468547	-1.100951	0.508848	0.527142	0.033420	-2.890853	-1.015721	-7.857244
H	0.325019	2.510745	-0.303868	-1.132910	-0.271886	-0.406467	0.684158	-0.176283	-7.857244
I	-0.507585	-3.833709	0.564156	-1.009116	0.196610	0.703390	0.094500	-1.240986	1.538008
K	0.202314	-2.625392	-1.745422	0.105195	0.366249	0.105195	-0.415174	1.121993	-10.105172
L	-0.486786	0.429617	0.576286	0.033420	0.670850	0.489153	0.747943	0.864035	3.391963
M	-0.935247	-2.029693	-0.675242	-2.490462	-1.957967	-2.177394	-1.914113	-2.023023	-0.744873
N	-0.008786	-4.935247	0.120337	-0.437173	-0.307916	-0.198657	-0.095343	-0.550104	-10.105172
P	-5.996647	0.083726	-1.466736	1.337512	0.226305	0.372586	0.447737	-3.955425	-10.105172
Q	0.493811	0.176468	0.215065	0.092966	0.004332	0.412497	0.855916	0.560830	-8.935247
R	0.247147	0.259510	-3.617332	-0.611316	-0.349033	-0.397813	-0.172588	0.582860	-8.935247
S	1.308720	-2.808256	1.039964	0.628055	0.617422	0.574088	0.203736	1.197467	-8.935247
T	0.896060	-3.617332	-0.393505	-0.446068	0.273123	0.489153	0.345782	1.199607	-7.520209
V	-0.238666	-2.575741	0.088353	-0.540546	0.743060	1.206718	0.930830	0.350926	-0.260074
W	-3.617332	-6.819770	-2.915347	-4.234807	-3.617332	-4.432747	-2.445176	-5.150976	-0.161558
Y	-0.000573	0.271767	-0.295806	-2.317269	-1.066253	-1.489542	-0.402134	-0.618840	-1.466736
