A	-9.805424 0.291170 1.494569 0.816238 0.616049 -1.383401 1.107768 0.642770 0.894486
C	-10.338917 -6.874944 -4.418026 -4.037599 -5.183093 -10.340323 -5.411281 -5.575818 -4.186850
D	-9.969647 -0.998062 -1.415230 -2.785135 -0.546174 -5.576162 -1.838904 -1.504321 -1.416716
E	-6.044788 0.953671 0.257110 0.215771 0.173071 -1.503347 0.135918 0.466219 -0.112874
F	2.577953 -1.207561 -0.663232 -1.322462 -1.668180 -5.601296 -0.999804 -1.303401 -0.474236
G	-8.679412 -1.597959 -0.507439 -4.317929 0.290092 -3.286023 0.764908 0.117902 0.598920
H	-10.028081 -0.534801 -0.776909 -4.261228 -0.656099 -0.761365 -0.393918 -0.320785 -1.509036
I	1.525868 0.339096 0.971535 1.680747 -0.334407 -5.678095 0.299076 0.087265 -0.502918
K	-9.513242 1.310468 0.206476 -1.184503 1.576174 2.846674 0.432254 0.836776 0.323679
L	1.366443 0.832730 0.831036 2.406411 -0.225835 -3.728320 2.073046 1.425169 0.440455
M	-1.994402 -2.622304 -0.907722 0.369711 -2.173658 -6.533370 -1.735831 -1.918693 -0.536557
N	-7.220779 -0.625284 -0.810597 -0.223300 -0.030876 -1.679670 -0.480317 -0.983464 -1.506935
P	-10.204080 -9.850852 -0.101481 -7.290104 0.306036 -2.386731 -0.307066 0.380749 -2.477115
Q	-10.115126 0.235006 -0.157657 -0.878544 0.085049 -1.995264 -0.330041 0.393175 -0.227510
R	-9.400238 1.253880 -0.116123 -4.249820 0.624883 3.219165 0.356437 0.708200 2.059002
S	-9.688983 0.061370 0.600734 -0.454878 0.678039 -1.231054 -0.656294 -0.055948 0.349834
T	-5.953548 0.039456 -0.544229 -0.115063 0.474819 -1.017990 -0.692278 -0.142707 -1.329102
V	0.070865 1.150404 0.548697 1.484448 0.179919 -2.047386 -0.084132 0.299184 0.228625
W	0.149702 -3.251962 -2.944331 -3.730727 -3.043851 -10.346159 -3.249155 -4.248388 -10.312482
Y	2.611267 -0.783037 0.142442 -2.791821 -0.883167 -10.264986 -1.022660 -0.537956 0.847947
