A	-1.181642	1.288578	0.892524	0.121636	0.476438	0.778094	0.148205	0.148205	0.998541	-2.490395
C	-5.949827	-4.142472	-4.142472	-4.779902	-4.779902	-3.701899	-5.949827	-4.779902	-4.142472	-4.779902
D	0.497257	-2.862364	0.412117	0.954055	0.390023	0.010175	-0.387584	-0.683040	-2.862364	-5.949827
E	-1.949827	-3.701899	-0.175040	1.227593	0.690418	0.066982	0.321636	-0.110623	0.476438	-5.949827
F	1.414308	-2.490395	0.983864	-1.116937	-0.548947	-1.949827	-0.277401	-1.646046	-1.841302	1.796688
G	-4.142472	-3.364864	-2.194939	0.367586	1.300472	1.069764	0.983864	-1.557509	-1.249387	-3.701899
H	0.344794	-3.364864	-1.181642	-0.548947	-0.636944	-0.506883	-0.426265	0.225099	-0.636944	-5.949827
I	0.517779	-2.862364	0.298101	-0.883738	-0.592275	-0.426265	0.174295	0.497257	-0.938599	1.509605
K	-2.490395	-5.949827	-1.740373	-0.830886	-0.313202	0.121636	0.455315	-0.883738	0.538013	-5.949827
L	1.878310	-1.249387	0.433878	-0.466011	-0.079462	-0.208360	0.726130	0.860745	0.321636	2.898796
M	0.969037	-4.779902	-0.506883	-2.862364	-1.949827	-3.701899	-1.949827	-0.995630	-1.841302	0.367586
N	-1.841302	-4.779902	-0.506883	-0.506883	-0.548947	-0.277401	-0.142472	-0.506883	-1.249387	-5.949827
P	-5.949827	3.954808	0.923617	2.125652	1.529954	1.655653	1.150836	0.892524	-2.067184	-4.779902
Q	-1.320470	-5.949827	-1.320470	-0.079462	-0.548947	-0.048960	-0.079462	0.726130	-0.426265	-5.949827
R	-1.181642	-5.949827	0.038858	-1.320470	-0.938599	-0.313202	-0.110623	0.199920	-0.548947	-5.949827
S	-0.349914	-4.142472	0.121636	0.969037	0.795007	0.672225	0.298101	0.010175	1.664883	-5.949827
T	-0.426265	-4.142472	-1.474093	-0.592275	0.038858	0.616227	0.066982	1.041695	1.932816	-5.949827
V	0.497257	-2.490395	0.455315	-0.830886	0.094567	0.148205	0.174295	1.176878	1.069764	1.710169
W	-4.142472	-4.779902	-2.664424	-4.142472	-3.364864	-3.701899	-4.779902	-4.142472	-5.949827	-3.364864
Y	1.323969	-1.320470	1.403320	-0.883738	-1.055009	-1.949827	-1.116937	-1.116937	-1.395238	0.121636
