A	-2.424498	0.497500	0.594361	0.222392	0.640458	-0.043069	0.964199	0.338802	-0.043069	0.889817	-2.865070
C	-4.672425	-4.672425	-3.502500	-3.502500	-3.502500	-4.672425	-4.672425	-3.502500	-4.672425	-4.672425	-4.672425
D	-0.368645	-3.502500	0.640458	1.034934	0.281771	1.000000	0.281771	-0.672425	-0.117836	-2.424498	-4.672425
E	-1.584963	-2.087463	-0.117836	1.134930	0.728454	0.546743	0.028014	0.095759	0.095759	0.222392	-4.672425
F	1.477322	-2.424498	1.451696	-1.814444	-0.462972	-0.917538	-3.502500	-1.057715	-0.789782	-1.814444	1.599038
G	-4.672425	-1.814444	-1.584963	0.446516	0.497500	1.502500	0.927488	1.102362	-1.387023	-1.387023	-3.502500
H	0.160465	-1.814444	-1.814444	-0.789782	-1.057715	-1.057715	-0.789782	-0.672425	0.393664	-0.672425	-4.672425
I	1.228441	-2.424498	0.927488	-1.584963	0.160465	-0.196692	-0.117836	0.281771	0.770518	-0.917538	1.644987
K	-2.865070	-4.672425	-1.814444	-1.212994	-0.789782	-0.462972	0.446516	0.222392	-0.789782	0.281771	-4.672425
L	1.835369	-0.917538	1.069042	-0.462972	0.446516	-0.368645	0.338802	0.728454	1.371969	0.393664	3.123614
M	0.889817	-2.865070	-0.789782	-2.424498	-3.502500	-2.424498	-2.865070	-2.424498	-2.865070	-2.087463	0.028014
N	-0.917538	-4.672425	-0.368645	-0.917538	-0.368645	-0.368645	0.222392	-0.368645	0.281771	-1.387023	-4.672425
P	-4.672425	3.915352	-1.212994	2.635914	1.425607	1.711279	0.685127	-0.043069	0.281771	-2.865070	-4.672425
Q	-1.584963	-2.865070	-2.087463	-0.672425	-0.563901	-0.462972	-0.368645	-0.117836	0.811390	0.770518	-4.672425
R	-1.584963	-4.672425	-0.196692	-1.814444	-1.814444	-0.672425	0.446516	-0.043069	-0.280108	-0.563901	-4.672425
S	-0.462972	-2.424498	-0.117836	0.728454	1.000000	0.927488	0.594361	0.964199	0.281771	1.228441	-4.672425
T	-0.280108	-2.865070	-3.502500	-0.462972	-0.043069	0.393664	0.497500	0.811390	0.160465	2.121991	-4.672425
V	0.546743	-2.087463	0.222392	-1.814444	0.685127	-1.584963	0.338802	0.497500	0.964199	1.069042	1.451696
W	-4.672425	-4.672425	-2.087463	-4.672425	-2.424498	-4.672425	-4.672425	-3.502500	-4.672425	-4.672425	-3.502500
Y	1.344383	-0.563901	1.575502	-2.087463	-0.917538	-2.865070	-1.387023	-0.672425	-1.387023	-1.212994	-0.672425
