A	-2.066089	-0.896164	0.181838	-0.896164	-0.258734	0.791892	0.518873	0.518873	0.518873	0.181838	-0.896164	-0.896164
C	-2.066089	-2.066089	-2.066089	-2.066089	-2.066089	-2.066089	-2.066089	-2.066089	-2.066089	-2.066089	-2.066089	-2.066089
D	-0.896164	-0.896164	-0.896164	0.518873	-0.258734	-0.896164	1.021374	-0.258734	-0.258734	0.181838	-0.896164	-2.066089
E	-0.258734	-2.066089	-0.896164	0.518873	-0.258734	-0.896164	-0.896164	-0.896164	-0.258734	0.181838	-0.896164	-2.066089
F	1.219313	-2.066089	1.219313	-0.896164	-2.066089	-0.896164	-0.258734	-0.896164	-0.896164	-0.258734	-0.896164	1.021374
G	-2.066089	-2.066089	-2.066089	0.791892	1.548621	1.021374	0.791892	1.393342	1.219313	-0.896164	-2.066089	-2.066089
H	-0.258734	-2.066089	-0.896164	-2.066089	-2.066089	-0.258734	-0.896164	0.181838	0.181838	-0.896164	-2.066089	-2.066089
I	1.021374	-2.066089	1.219313	-2.066089	-0.896164	-2.066089	-2.066089	-0.258734	0.181838	-0.258734	0.518873	2.042435
K	-2.066089	-2.066089	-2.066089	-0.896164	-0.896164	-0.258734	0.181838	0.518873	0.518873	-0.896164	0.181838	-2.066089
L	1.219313	-2.066089	1.021374	0.181838	-0.258734	0.518873	0.518873	0.181838	-0.258734	0.791892	1.219313	2.409644
M	2.042435	-2.066089	-0.258734	-2.066089	-2.066089	-0.258734	-0.896164	-0.896164	-2.066089	-0.258734	-2.066089	0.181838
N	-2.066089	-2.066089	-2.066089	-0.896164	-2.066089	-2.066089	-0.896164	0.518873	-0.896164	-0.896164	-0.258734	-2.066089
P	-2.066089	3.893913	-2.066089	1.933911	2.143364	0.791892	1.393342	0.518873	0.791892	1.021374	-2.066089	-2.066089
Q	-0.896164	-2.066089	-0.896164	-0.258734	-0.896164	0.791892	-0.258734	-0.896164	0.181838	1.219313	0.181838	-2.066089
R	-2.066089	-2.066089	-0.896164	-0.896164	-0.896164	-0.258734	-0.258734	0.181838	-0.896164	0.181838	-0.258734	-2.066089
S	-2.066089	-2.066089	-0.896164	1.816554	1.021374	0.791892	0.518873	1.393342	1.021374	-0.896164	0.791892	-2.066089
T	-0.896164	-2.066089	-0.896164	0.181838	-0.896164	1.219313	0.791892	-0.258734	0.518873	0.791892	1.816554	-2.066089
V	0.181838	-2.066089	-0.258734	-0.896164	1.021374	-0.258734	-0.258734	-2.066089	0.181838	0.791892	1.393342	1.548621
W	-2.066089	-2.066089	-2.066089	-0.896164	-2.066089	-2.066089	-2.066089	-2.066089	-2.066089	-2.066089	-0.896164	-2.066089
Y	1.393342	-2.066089	2.409644	-2.066089	0.181838	-0.896164	-2.066089	-2.066089	-2.066089	-2.066089	-0.896164	-0.258734
