A	-1.853350	2.791364	0.822541	0.451313	1.181096	0.550921	0.235059	-3.816288
C	-6.754888	-6.117458	-4.639410	-4.639410	-4.639410	-3.924813	-3.029995	-4.639410
D	2.331986	-7.924813	-1.377918	-1.196892	-2.252387	-2.150025	-3.295456	-7.924813
E	0.002965	-7.924813	-2.217453	0.429437	-1.908004	-1.163261	0.801406	-7.924813
F	0.061029	-2.805871	0.958594	-1.457207	-0.395382	-1.607400	-1.994075	-1.397335
G	-6.117458	0.620152	-0.976445	-0.528208	0.314786	-1.630192	-0.905222	-7.924813
H	0.075187	-6.117458	-0.639410	-1.082462	-0.811070	0.123674	-0.186720	-7.924813
I	0.332575	-3.621032	0.032290	0.566038	0.600708	0.103093	-0.560678	2.856342
K	-2.754888	-7.924813	-0.415037	0.900146	0.096167	0.253852	1.141277	-7.924813
L	1.497252	-3.156628	0.985081	1.226204	1.269944	1.427231	0.775627	2.149998
M	-0.145093	-3.224373	-1.749887	-2.288188	-1.146735	-1.800691	-1.457207	-1.146735
N	-0.734988	-5.066832	-1.248855	-1.179979	-1.964811	-0.571666	-0.933291	-7.924813
P	-2.150025	3.179950	1.583973	0.590887	0.367509	1.610949	-2.567260	-7.924813
Q	-1.339850	-1.994075	-1.800691	-0.310103	-0.375991	0.017702	0.320740	-7.924813
R	-3.091922	-7.924813	-0.496452	0.445875	-1.146735	0.784271	0.451313	-7.924813
S	-0.300931	0.326670	-0.560678	0.390337	0.451313	0.695407	0.851621	-7.924813
T	-0.057534	-2.611930	-0.238312	0.585952	0.658270	0.082215	1.300395	-4.639410
V	0.847502	-2.117458	0.395988	0.985081	1.756426	0.429437	1.238837	2.833619
W	-4.310103	-6.754888	-1.775065	-4.169925	-5.339850	-3.532495	-5.339850	-6.117458
Y	0.555978	-4.310103	1.536155	-1.231326	-3.715359	-2.054448	-1.880418	-2.705644
