A	-0.541405	2.622555	0.917147	0.374731	0.394312	0.666459	0.251314	0.844983	-2.415378
C	-5.579859	-5.707615	-4.508306	-5.353978	-4.508306	-4.243334	-4.451275	-4.104950	-5.579859
D	1.182255	-6.375039	0.196602	0.900811	-0.359870	-0.440828	-1.767274	-2.604521	-9.462502
E	-0.359870	-3.790077	-0.686069	1.390612	0.033852	-0.277007	-0.053642	0.843559	-9.462502
F	0.650263	-4.019559	0.752424	-1.847792	-0.225292	-0.141138	-1.296339	-1.784783	0.806040
G	-3.561635	-0.870045	-2.165586	0.513704	0.332726	0.001022	-2.429079	-1.455475	-8.292577
H	0.212131	-2.877540	-0.363154	-0.956691	-0.061623	-0.874725	0.419376	-0.606077	-6.877540
I	0.449639	-1.512676	0.404004	-1.064828	0.268392	1.044053	0.247012	-0.706780	2.021691
K	-1.147353	-7.655147	-0.321034	0.018793	0.475607	-0.363154	-0.267745	0.642096	-9.462502
L	1.367022	-0.815044	0.807501	0.053690	0.203278	0.731023	1.127149	0.285271	2.681519
M	-0.163867	-2.786545	-0.946802	-2.604521	-2.165586	-1.691013	-1.549613	-2.109355	-0.201583
N	-0.324230	-5.707615	-0.127112	-0.665651	-0.468856	-1.091815	-0.178257	-0.837707	-8.292577
P	-6.177100	3.203389	0.185406	1.864208	0.794296	0.782456	1.138804	-2.322951	-4.451275
Q	-1.153026	-1.776002	-0.951738	-0.186960	-0.024750	-0.022152	0.304027	0.203278	-9.462502
R	-1.181732	-8.292577	-0.169606	-0.912718	0.304027	-0.594451	0.415549	0.094961	-9.462502
S	0.764512	-0.201583	0.419376	0.823478	0.554306	0.610635	0.569888	1.462867	-7.655147
T	0.527956	-0.996936	-0.413334	-0.264671	0.247012	0.392366	0.495688	1.640622	-4.762063
V	0.836419	-0.115989	0.471926	-0.511946	0.903547	1.263290	1.002554	0.935974	2.423956
W	-4.396413	-8.292577	-2.260378	-3.978686	-3.418108	-4.567685	-3.592138	-5.707615	-2.915608
Y	0.550820	-3.287577	1.056397	-2.131585	-0.991843	-1.259154	-1.328076	-1.102753	0.123399
