A	-2.835442 0.568090 0.826012 -0.480245 0.170828 0.499851 0.995269 0.438944 0.521099
C	-6.780755 -3.032483 -2.379473 -4.968564 -3.224042 -4.582612 -2.741516 -4.430559 -2.718443
D	-10.805757 -0.894488 -1.628823 3.861183 0.239173 -1.080771 -0.255801 -1.045015 -1.497747
E	-10.380441 0.441146 0.086034 0.573070 0.801528 -0.240609 0.876025 0.385230 -0.221724
F	0.992692 -0.581860 -0.717876 -4.600449 -1.377489 -6.376642 -0.847191 -1.259675 0.071557
G	-4.913577 -1.427797 -0.738125 -4.910719 0.393651 -0.942806 0.056461 0.214998 -0.178316
H	-7.592832 -0.604064 -2.205018 -4.492686 -1.079759 -1.276324 -1.740374 -0.357237 -1.663822
I	2.772494 0.946103 1.037832 -1.620193 -0.580841 -1.121198 0.328882 -0.192760 -0.014103
K	-10.747288 0.729909 0.186379 -10.755321 0.808136 2.474716 -0.468978 0.950834 0.492030
L	2.467827 1.026630 1.102725 -2.371958 0.122442 -1.397889 1.551708 1.248547 0.413951
M	-0.834797 -1.855713 -0.791508 -3.962681 -2.029076 -4.708706 -1.899125 -2.272674 -0.820377
N	-10.978071 -0.571515 -0.746170 -0.261116 0.084266 -0.095114 0.151833 -0.546793 -1.883699
P	-4.276357 -5.454430 0.565367 -10.596844 1.446976 -0.468611 -0.329758 0.740149 -3.400333
Q	-5.848759 -0.028116 -0.417305 -2.631257 -0.187980 -0.392205 -0.210917 0.332106 0.067286
R	-10.584780 0.726022 -0.024684 -10.857427 0.100230 1.773895 -0.780483 0.828883 2.137412
S	-7.462889 -0.183382 0.391114 -0.174527 0.576137 0.295413 0.356714 0.238978 0.413035
T	-3.574783 0.356441 0.171965 -1.932515 0.294540 0.594493 0.251114 -0.267851 -0.973837
V	1.839379 1.361162 1.194150 -1.419669 -0.033106 0.329500 0.761074 0.118548 0.412042
W	-2.285066 -2.675555 -3.430027 -11.105815 -3.552637 -11.179369 -4.305004 -3.842540 -3.890757
Y	-0.071591 -0.543076 -0.550482 -6.656637 -1.311048 -6.774515 -0.883449 -0.996214 0.681746
