A	-3.944958 0.577806 1.172436 1.283531 0.499560 -0.767290 0.729764 0.557497 0.218320
C	-10.607960 -4.660762 -4.476485 -3.680356 -4.014346 -10.710136 -4.735051 -5.133654 -5.088393
D	-10.598055 -1.313829 -1.709793 -0.232508 0.655828 -2.437593 -0.641136 -0.699968 -0.115175
E	-10.417924 0.852581 -0.263930 -0.871902 1.136021 -2.053027 1.090677 0.437428 -0.119194
F	0.486681 -1.180038 -0.329453 -1.165415 -1.933992 -5.638269 -0.811361 -1.657855 -0.243810
G	-6.440134 -2.155945 -0.934461 -2.098011 -0.276688 -3.017695 0.399086 -0.158104 -1.384486
H	-10.502522 -0.537231 -1.450644 -1.053979 -0.674264 -0.524562 -1.166529 -0.696798 -3.560966
I	2.978540 0.753856 1.052054 0.960687 -0.599926 -2.767593 -0.003229 0.168432 1.682879
K	-10.140464 0.957765 -0.134458 -1.932989 1.332278 2.863189 -0.004882 0.869865 -5.720255
L	2.459710 0.793809 0.790986 0.798845 -0.616512 -4.048295 1.365065 1.225657 2.345589
M	-0.676955 -2.244193 -1.311420 -1.507583 -2.867807 -7.194921 -1.865900 -2.464186 -0.948269
N	-9.723268 -0.722696 -0.535470 0.385159 -0.127444 -1.151356 0.801313 -0.302482 -2.855701
P	-7.843171 -10.033439 0.788828 -5.062090 0.818239 -1.533844 -0.104083 0.885979 -2.634174
Q	-10.037460 0.156381 -0.027240 -1.392826 0.152331 -2.061216 0.161867 0.328905 -0.859410
R	-10.531624 0.909452 -0.165832 -5.335192 0.325135 2.944075 -1.077242 0.629621 -2.954002
S	-10.549178 0.022025 0.658819 1.917814 0.343487 -0.587117 0.511401 0.156334 -1.193529
T	-4.839150 0.336208 -0.263220 0.738168 0.335259 -0.261694 -0.451500 -0.205806 -1.299823
V	1.936169 1.504793 0.823956 1.673466 0.071669 -1.233644 0.366465 0.412974 2.128643
W	-3.154843 -3.771114 -2.357537 -4.096436 -3.573038 -10.715832 -4.151101 -5.629644 -7.261196
Y	-0.920390 -0.880620 0.127403 -2.372278 -1.466074 -10.622547 -0.769644 -1.205650 -0.694382
