A	-0.505926 0.789454 1.830653 1.840943 0.532706 2.414661 1.074629 0.701286 2.596892
C	-3.647945 -6.970654 -1.813530 -1.119122 -7.101996 -7.117250 -7.124793 -7.116478 -2.123673
D	-1.084199 -0.251350 -1.983692 -5.175784 0.240524 3.027664 -0.119341 -0.757472 -1.095241
E	-0.093285 0.491568 -0.496183 -1.013515 0.086197 -0.010756 0.952189 0.878699 0.236239
F	1.215554 -2.347328 1.506622 -0.094375 -1.458798 -1.718569 -0.295213 -0.635508 -6.959339
G	-1.136956 -0.414991 -0.697500 -6.319891 -2.030018 -1.082316 -3.772328 -0.121323 1.568275
H	-0.484570 0.031692 -1.618535 -2.646844 -0.624599 -6.836214 0.690675 -0.149677 -4.288135
I	1.350248 -0.601006 -0.309903 0.874337 0.520228 -0.966421 -0.165386 -0.503707 -0.610332
K	-1.417471 0.911512 -2.426255 -6.247949 1.343192 -6.474003 -0.246936 -0.324473 -2.649304
L	-0.489994 0.096499 -0.179224 2.094006 -1.029576 -0.607098 0.411298 0.888843 0.057726
M	-2.077443 -2.811677 -0.364634 -0.862208 -1.677850 -6.972331 -1.962519 -2.845113 -3.235636
N	0.457201 -0.590567 -6.199717 -3.716559 0.031644 -1.037331 0.328926 0.025789 -1.184307
P	-6.709933 -7.031015 -1.476025 -6.932217 -0.097381 -0.212287 1.294135 1.468229 -5.056069
Q	0.283500 0.285691 -3.739873 -0.720455 0.205097 -6.874007 0.255443 -0.886940 0.627159
R	-1.695498 1.154791 -1.754237 -2.995349 0.731154 -1.521979 0.360535 -0.015173 -0.903852
S	-0.539503 0.165046 0.704544 -0.064417 0.250814 -0.419299 -1.266587 0.806892 1.027536
T	-0.459937 0.674584 1.338966 -0.672432 0.500953 -1.905078 -0.478752 0.854585 -1.438167
V	0.944338 1.271007 -0.298598 2.105893 1.449672 -0.314363 0.309237 -0.386717 1.032115
W	-0.934284 -1.749000 -1.625943 -0.920139 -6.867911 -7.053928 -1.246129 -6.955047 -7.122826
Y	1.876338 -0.412197 1.443416 -1.230634 -2.666910 -7.080710 -2.130555 -1.592510 -3.648448
