A	-9.527272 0.156637 1.294441 0.776916 0.608896 1.236144 1.271521 0.816670 2.261422
C	-9.661755 -3.295069 -2.598777 -1.712296 -5.300994 -3.962434 -4.178367 -4.509254 -1.686267
D	-9.606848 -1.421052 -1.515843 -0.781549 0.299385 1.679424 -0.709623 -1.008705 -1.112562
E	-9.290827 0.426280 -0.285878 0.643673 0.377168 -2.461363 0.771110 0.786168 -0.787647
F	2.648060 -1.239130 -0.837749 0.025199 -1.911652 -6.099490 -1.344971 -1.731657 -4.909816
G	-6.036982 -2.002622 -0.380138 -3.236493 -0.103079 0.036890 -0.676738 -0.179943 1.776323
H	-8.325163 -0.748893 -0.934069 -3.420977 -0.656772 -9.680053 -1.061222 -0.104958 -1.995713
I	1.485973 0.778432 0.684311 1.696733 -0.935266 -1.871664 0.022508 -0.604779 -0.936221
K	-7.861991 1.343556 0.302117 -8.056556 1.129639 -8.761293 -1.913423 0.986344 -4.009221
L	1.080780 0.514364 0.702571 2.246621 -0.734798 -4.292895 1.053890 0.855543 -0.285752
M	-1.956997 -2.296162 -0.692329 0.778841 -2.391070 -9.653098 -2.076834 -1.952858 -2.517080
N	-9.583321 -0.475214 -0.001415 -2.809327 -0.027881 1.695290 1.360241 -0.359623 -1.133242
P	-9.586982 -9.666603 -0.002625 -9.520019 1.177395 -0.630349 0.778594 0.704265 -2.491499
Q	-9.358279 0.255641 -0.202326 0.355136 0.192472 -9.631202 0.414449 -0.283443 1.114114
R	-9.526695 1.476247 0.233098 -9.446182 0.378769 -6.034387 -1.915838 0.912837 -3.383225
S	-8.653584 0.459793 0.882358 -0.694345 1.029983 1.980764 0.630290 0.651588 1.936960
T	-9.576927 -0.423282 -0.201682 -1.098123 0.717814 1.894255 -0.011829 -0.376998 -0.598911
V	0.084968 1.088942 0.476917 1.065186 -0.360308 0.329229 0.253467 0.066292 0.182270
W	0.017329 -1.856601 -3.976763 -3.167705 -4.497872 -8.247565 -2.201735 -2.793681 -9.734116
Y	2.688807 -0.531260 0.090664 -2.322130 -1.354664 -9.734632 -1.785617 -0.977401 -4.494174
