A	1.021501	-4.379378	0.012939	0.453512	0.631849	0.574818	0.249978	0.631849	0.574818	-3.209453
C	-4.379378	-4.379378	-3.209453	-4.379378	-4.379378	-4.379378	-4.379378	-4.379378	-4.379378	-3.209453
D	-4.379378	-4.379378	-1.521397	0.790547	0.574818	-0.270854	-1.521397	-0.270854	-2.572023	-4.379378
E	-4.379378	-4.379378	-3.209453	1.395409	0.978174	0.175210	-0.075598	0.321061	0.012939	-4.379378
F	-2.572023	-4.379378	1.744743	-0.496735	-0.379378	-1.093976	0.096355	-1.291916	-2.572023	1.982565
G	2.128416	-4.379378	-0.496735	1.362089	1.104437	1.104437	0.887408	-1.093976	1.220534	-4.379378
H	-0.075598	-4.379378	-1.291916	-0.624491	-2.131451	-1.093976	-1.521397	-1.093976	-1.291916	-1.291916
I	-2.572023	-3.209453	0.978174	-2.572023	0.249978	0.790547	0.631849	0.453512	-2.572023	-2.572023
K	1.844623	-4.379378	-1.291916	0.574818	-0.379378	0.574818	0.453512	0.012939	1.327981	1.915242
L	-1.794416	-4.379378	1.718654	-0.379378	0.739563	1.063565	0.012939	0.631849	0.321061	0.887408
M	-1.093976	-3.209453	0.175210	-3.209453	-1.521397	-1.794416	-1.093976	-1.093976	-2.572023	0.839790
N	-1.291916	-4.379378	-0.075598	-0.379378	-0.169925	-0.169925	0.012939	0.453512	-0.169925	-3.209453
P	-4.379378	-4.379378	-4.379378	-0.169925	1.021501	0.012939	0.839790	-1.093976	-0.919947	-4.379378
Q	-0.764669	-2.572023	-1.794416	0.790547	-0.075598	0.012939	-0.624491	0.453512	0.321061	-3.209453
R	1.744743	4.231646	-1.521397	-0.919947	-1.794416	-0.496735	-0.075598	0.096355	1.820294	2.128416
S	1.293047	-3.209453	-0.270854	1.104437	-0.379378	-0.379378	-0.169925	0.453512	0.574818	-4.379378
T	-1.794416	-4.379378	-1.093976	-0.270854	-0.919947	0.249978	-0.075598	0.388806	0.453512	-2.131451
V	-1.291916	-4.379378	0.096355	-2.131451	0.686711	0.978174	1.021501	1.637430	-0.379378	-4.379378
W	-4.379378	-4.379378	0.249978	-4.379378	-3.209453	-4.379378	-2.572023	-2.572023	-3.209453	-2.572023
Y	-2.131451	-4.379378	0.978174	-0.764669	-0.624491	-2.131451	0.453512	-1.521397	-1.521397	1.362089
