A	1.111645	-3.442943	-0.584963	0.439700	0.311944	0.171766	1.257496	0.557057	0.171766	0.557057	-3.442943
C	-3.442943	-3.442943	-3.442943	-3.442943	-3.442943	-3.442943	-3.442943	-3.442943	-3.442943	-2.273018	-3.442943
D	-3.442943	-3.442943	-0.584963	1.111645	0.766510	0.311944	0.766510	-0.355481	-2.273018	-0.857981	-3.442943
E	-1.195016	-3.442943	-1.635589	0.557057	0.311944	1.186413	0.311944	-0.157541	-0.584963	0.311944	-2.273018
F	-1.195016	-3.442943	1.675998	-1.195016	-3.442943	-1.635589	0.016488	-0.857981	0.439700	-1.635589	1.186413
G	1.957936	-3.442943	-2.273018	1.325241	0.016488	-0.355481	1.032790	1.511253	-0.584963	0.860837	-2.273018
H	-0.355481	-3.442943	0.439700	-1.195016	-0.857981	-2.273018	-1.195016	-1.635589	-3.442943	-2.273018	-2.273018
I	-0.857981	-3.442943	1.568284	-1.195016	0.016488	-0.584963	-0.857981	0.171766	1.451874	-2.273018	-3.442943
K	0.439700	-3.442943	-1.635589	0.860837	-0.157541	-0.157541	1.032790	0.557057	-0.157541	1.186413	2.731982
L	-3.442943	-3.442943	1.675998	0.171766	1.186413	0.311944	-0.584963	0.949374	0.860837	0.016488	-0.584963
M	-0.857981	-3.442943	0.171766	-3.442943	-3.442943	-1.195016	-1.195016	-1.195016	0.557057	-1.195016	0.311944
N	-1.635589	-3.442943	-0.584963	-0.355481	0.016488	-0.584963	-0.157541	0.439700	-0.857981	0.439700	-3.442943
P	-3.442943	-3.442943	-3.442943	-0.157541	1.186413	1.186413	-0.355481	-0.584963	-3.442943	-1.635589	-3.442943
Q	-1.635589	-2.273018	-0.857981	0.766510	0.171766	0.016488	-0.355481	-0.857981	0.016488	0.557057	-3.442943
R	1.675998	4.143896	-3.442943	-0.355481	-1.195016	-1.195016	-0.355481	-0.584963	-1.195016	0.439700	2.229482
S	1.675998	-2.273018	0.665581	0.766510	0.949374	1.726982	1.186413	0.766510	0.766510	0.949374	-2.273018
T	-0.584963	-1.195016	-1.195016	0.311944	-0.857981	0.311944	-1.195016	0.016488	0.557057	1.325241	-3.442943
V	-0.157541	-3.442943	-0.857981	-1.195016	0.557057	-0.157541	0.171766	0.665581	1.325241	-0.157541	-3.442943
W	-2.273018	-3.442943	-0.355481	-3.442943	-1.635589	-2.273018	-3.442943	-2.273018	-1.195016	-3.442943	-3.442943
Y	-0.584963	-3.442943	0.171766	-1.195016	-0.584963	-0.584963	-2.273018	-1.635589	-0.584963	-1.635589	1.451874
