A	1.254573	-1.832890	-0.025535	-0.662965	0.415037	0.415037	0.752072	1.254573	0.752072	-0.025535	0.415037	-1.832890
C	-1.832890	-1.832890	-1.832890	-1.832890	-1.832890	-1.832890	-1.832890	-1.832890	-1.832890	-1.832890	-1.832890	-1.832890
D	-1.832890	-1.832890	-0.662965	1.254573	1.025091	0.415037	-0.025535	0.415037	-0.025535	-1.832890	-0.025535	-1.832890
E	-1.832890	-1.832890	-1.832890	0.415037	1.025091	1.025091	0.415037	-1.832890	0.415037	-0.662965	-0.025535	-1.832890
F	-0.662965	-1.832890	2.275634	-0.025535	-1.832890	-0.662965	-1.832890	-0.025535	-0.662965	0.415037	-1.832890	1.452512
G	1.452512	-1.832890	-1.832890	0.752072	1.452512	0.752072	1.921997	1.452512	1.781820	-0.662965	-0.025535	-1.832890
H	-0.662965	-1.832890	-1.832890	-0.662965	-1.832890	-1.832890	-0.662965	-1.832890	-0.662965	-0.662965	-0.025535	-1.832890
I	-1.832890	-1.832890	0.415037	-1.832890	-1.832890	-1.832890	-0.025535	-1.832890	-0.025535	1.254573	-1.832890	-1.832890
K	1.626542	-1.832890	0.415037	-0.662965	-0.662965	0.415037	1.025091	0.415037	-1.832890	-0.025535	1.254573	2.470891
L	-0.662965	-1.832890	0.415037	1.025091	0.415037	-0.662965	-1.832890	-1.832890	1.025091	0.752072	-0.025535	-0.662965
M	-1.832890	-1.832890	1.025091	-1.832890	-0.662965	-1.832890	-1.832890	-0.662965	-1.832890	-0.025535	-1.832890	-0.025535
N	-1.832890	-1.832890	-0.025535	0.415037	-0.025535	0.415037	0.415037	-0.025535	-0.662965	-0.025535	-0.025535	-1.832890
P	-1.832890	-1.832890	-1.832890	-1.832890	-0.025535	0.415037	-0.025535	-0.025535	-1.832890	-1.832890	-1.832890	-1.832890
Q	-1.832890	-1.832890	-1.832890	-0.662965	-0.025535	-1.832890	-0.662965	-0.662965	-0.662965	-0.662965	0.752072	-0.662965
R	2.049753	3.874469	-1.832890	-1.832890	-1.832890	-1.832890	-0.662965	-0.662965	-0.662965	-1.832890	0.415037	1.781820
S	1.254573	-1.832890	-1.832890	2.049753	-1.832890	1.025091	1.025091	1.452512	0.752072	-1.832890	1.452512	-1.832890
T	-1.832890	-1.832890	-1.832890	-0.662965	-0.662965	0.415037	-1.832890	0.415037	0.415037	1.626542	0.752072	-1.832890
V	-1.832890	-1.832890	0.752072	-0.662965	1.025091	1.452512	-0.025535	0.415037	0.415037	1.254573	-0.025535	-1.832890
W	-1.832890	-1.832890	0.415037	-1.832890	-0.662965	-1.832890	-1.832890	-1.832890	-1.832890	-0.662965	-1.832890	-1.832890
Y	-1.832890	-1.832890	-0.025535	-0.662965	0.415037	-1.832890	-1.832890	-1.832890	-0.662965	-0.662965	-1.832890	1.254573
