A	1.247928	-1.000000	0.169925	-1.000000	0.169925	0.169925	-1.000000	0.169925	0.807355	1.584963	0.807355	0.169925	-1.000000
C	-1.000000	-1.000000	-1.000000	-1.000000	-1.000000	-1.000000	-1.000000	-1.000000	-1.000000	-1.000000	-1.000000	-1.000000	-1.000000
D	-1.000000	-1.000000	-1.000000	1.247928	0.807355	-1.000000	0.169925	0.807355	0.807355	0.169925	-1.000000	-1.000000	-1.000000
E	-1.000000	-1.000000	-1.000000	-1.000000	1.247928	-1.000000	0.169925	-1.000000	1.247928	-1.000000	-1.000000	0.169925	-1.000000
F	-1.000000	-1.000000	1.247928	-1.000000	-1.000000	-1.000000	0.169925	0.169925	-1.000000	-1.000000	-1.000000	-1.000000	-1.000000
G	1.247928	-1.000000	-1.000000	0.169925	0.807355	1.247928	0.169925	0.169925	0.807355	1.584963	0.169925	0.169925	-1.000000
H	0.169925	-1.000000	-1.000000	-1.000000	0.169925	0.169925	0.169925	-1.000000	-1.000000	-1.000000	-1.000000	-1.000000	-1.000000
I	-1.000000	-1.000000	0.169925	0.169925	0.169925	1.247928	-1.000000	-1.000000	-1.000000	-1.000000	1.247928	-1.000000	-1.000000
K	1.584963	-1.000000	0.169925	-1.000000	-1.000000	0.169925	-1.000000	0.807355	0.169925	-1.000000	-1.000000	1.247928	2.882643
L	0.169925	-1.000000	1.247928	0.807355	0.807355	-1.000000	2.087463	-1.000000	0.169925	0.169925	1.584963	0.169925	-1.000000
M	-1.000000	-1.000000	0.169925	-1.000000	0.169925	-1.000000	-1.000000	-1.000000	0.169925	0.169925	-1.000000	-1.000000	-1.000000
N	-1.000000	-1.000000	0.807355	0.169925	-1.000000	0.807355	-1.000000	0.169925	0.169925	-1.000000	-1.000000	0.169925	-1.000000
P	-1.000000	-1.000000	-1.000000	0.169925	0.169925	0.807355	0.169925	-1.000000	0.169925	0.807355	-1.000000	-1.000000	-1.000000
Q	-1.000000	-1.000000	-1.000000	-1.000000	0.169925	0.169925	-1.000000	0.807355	-1.000000	-1.000000	-1.000000	1.584963	-1.000000
R	1.247928	3.392317	0.169925	-1.000000	-1.000000	-1.000000	0.169925	-1.000000	-1.000000	-1.000000	-1.000000	0.807355	1.247928
S	0.169925	-1.000000	0.169925	2.285402	0.169925	0.169925	0.169925	0.807355	-1.000000	0.169925	0.169925	0.169925	-1.000000
T	-1.000000	-1.000000	0.169925	-1.000000	-1.000000	-1.000000	-1.000000	0.807355	-1.000000	0.169925	0.169925	-1.000000	-1.000000
V	-1.000000	-1.000000	-1.000000	-1.000000	-1.000000	0.169925	0.169925	0.807355	0.169925	0.169925	1.247928	0.169925	-1.000000
W	-1.000000	-1.000000	-1.000000	-1.000000	-1.000000	-1.000000	-1.000000	-1.000000	-1.000000	-1.000000	-1.000000	-1.000000	-1.000000
Y	-1.000000	-1.000000	0.169925	-1.000000	-1.000000	-1.000000	0.169925	-1.000000	0.169925	-1.000000	0.169925	-1.000000	0.807355
