A	-0.247928	-0.247928	-0.247928	-0.247928	-0.247928	-0.247928	-0.247928	-0.247928	0.921997	-0.247928	-0.247928	-0.247928	-0.247928	-0.247928
C	-0.247928	-0.247928	-0.247928	-0.247928	-0.247928	-0.247928	-0.247928	-0.247928	-0.247928	-0.247928	-0.247928	-0.247928	-0.247928	-0.247928
D	-0.247928	-0.247928	-0.247928	0.921997	0.921997	-0.247928	-0.247928	0.921997	-0.247928	1.559427	-0.247928	-0.247928	-0.247928	-0.247928
E	-0.247928	-0.247928	-0.247928	0.921997	-0.247928	-0.247928	-0.247928	-0.247928	-0.247928	-0.247928	0.921997	-0.247928	0.921997	-0.247928
F	-0.247928	-0.247928	0.921997	-0.247928	-0.247928	0.921997	-0.247928	-0.247928	-0.247928	0.921997	-0.247928	0.921997	-0.247928	-0.247928
G	-0.247928	-0.247928	-0.247928	-0.247928	-0.247928	-0.247928	-0.247928	-0.247928	-0.247928	-0.247928	-0.247928	-0.247928	-0.247928	-0.247928
H	-0.247928	-0.247928	-0.247928	-0.247928	-0.247928	-0.247928	-0.247928	-0.247928	-0.247928	-0.247928	-0.247928	-0.247928	-0.247928	-0.247928
I	-0.247928	-0.247928	-0.247928	-0.247928	-0.247928	-0.247928	-0.247928	-0.247928	-0.247928	-0.247928	-0.247928	-0.247928	-0.247928	-0.247928
K	-0.247928	-0.247928	-0.247928	-0.247928	-0.247928	-0.247928	0.921997	0.921997	-0.247928	-0.247928	-0.247928	0.921997	-0.247928	0.921997
L	-0.247928	-0.247928	0.921997	-0.247928	-0.247928	-0.247928	-0.247928	-0.247928	0.921997	-0.247928	-0.247928	-0.247928	-0.247928	-0.247928
M	-0.247928	-0.247928	-0.247928	-0.247928	-0.247928	-0.247928	-0.247928	-0.247928	-0.247928	-0.247928	-0.247928	-0.247928	-0.247928	-0.247928
N	-0.247928	-0.247928	-0.247928	0.921997	-0.247928	0.921997	-0.247928	-0.247928	-0.247928	-0.247928	-0.247928	-0.247928	-0.247928	-0.247928
P	-0.247928	-0.247928	-0.247928	-0.247928	-0.247928	-0.247928	-0.247928	-0.247928	0.921997	-0.247928	-0.247928	-0.247928	-0.247928	-0.247928
Q	-0.247928	-0.247928	-0.247928	-0.247928	1.559427	-0.247928	1.559427	0.921997	-0.247928	-0.247928	-0.247928	0.921997	0.921997	-0.247928
R	2.000000	2.000000	-0.247928	-0.247928	-0.247928	0.921997	-0.247928	-0.247928	-0.247928	-0.247928	-0.247928	-0.247928	0.921997	0.921997
S	-0.247928	-0.247928	-0.247928	-0.247928	-0.247928	-0.247928	-0.247928	-0.247928	-0.247928	-0.247928	0.921997	-0.247928	-0.247928	-0.247928
T	-0.247928	-0.247928	-0.247928	-0.247928	-0.247928	-0.247928	-0.247928	-0.247928	-0.247928	-0.247928	0.921997	-0.247928	-0.247928	-0.247928
V	-0.247928	-0.247928	0.921997	-0.247928	-0.247928	-0.247928	-0.247928	-0.247928	-0.247928	-0.247928	-0.247928	-0.247928	-0.247928	-0.247928
W	-0.247928	-0.247928	-0.247928	-0.247928	-0.247928	-0.247928	-0.247928	-0.247928	-0.247928	-0.247928	-0.247928	-0.247928	-0.247928	-0.247928
Y	-0.247928	-0.247928	-0.247928	-0.247928	-0.247928	-0.247928	-0.247928	-0.247928	-0.247928	-0.247928	-0.247928	-0.247928	-0.247928	0.921997
