A	0.000000	-1.169925	0.637430	-1.169925	0.000000	-1.169925	0.637430	-1.169925
C	-1.169925	-1.169925	-1.169925	-1.169925	-1.169925	-1.169925	-1.169925	-1.169925
D	-1.169925	-1.169925	-1.169925	0.000000	-1.169925	-1.169925	0.000000	-1.169925
E	-1.169925	-1.169925	-1.169925	0.000000	0.000000	-1.169925	0.000000	-1.169925
F	0.000000	0.000000	0.637430	1.415037	-1.169925	0.637430	0.000000	1.078003
G	0.000000	-1.169925	2.115477	0.000000	1.078003	-1.169925	0.000000	-1.169925
H	-1.169925	-1.169925	-1.169925	-1.169925	-1.169925	1.078003	-1.169925	-1.169925
I	-1.169925	-1.169925	-1.169925	-1.169925	0.000000	1.688056	-1.169925	0.000000
K	1.688056	-1.169925	-1.169925	1.078003	0.000000	-1.169925	0.000000	0.637430
L	-1.169925	-1.169925	-1.169925	-1.169925	-1.169925	0.637430	0.637430	1.688056
M	-1.169925	-1.169925	1.415037	-1.169925	-1.169925	-1.169925	-1.169925	-1.169925
N	-1.169925	-1.169925	-1.169925	-1.169925	-1.169925	-1.169925	0.000000	-1.169925
P	-1.169925	-1.169925	-1.169925	1.917538	1.415037	-1.169925	-1.169925	-1.169925
Q	-1.169925	-1.169925	0.000000	0.637430	0.000000	-1.169925	-1.169925	-1.169925
R	2.444785	3.222392	-1.169925	-1.169925	-1.169925	-1.169925	-1.169925	1.688056
S	0.637430	-1.169925	-1.169925	-1.169925	1.078003	0.000000	1.078003	-1.169925
T	-1.169925	-1.169925	-1.169925	-1.169925	0.000000	-1.169925	1.078003	-1.169925
V	-1.169925	-1.169925	0.637430	0.000000	1.415037	1.917538	0.000000	-1.169925
W	-1.169925	-1.169925	0.637430	0.000000	-1.169925	-1.169925	0.000000	-1.169925
Y	0.000000	1.078003	-1.169925	-1.169925	-1.169925	0.000000	0.637430	1.415037
