A	0.781744	-5.011227	0.265931	0.066775	-0.109690	0.459093	0.180792	0.707591	-2.426265
C	-6.181152	-6.181152	-3.933225	-5.011227	-5.011227	-6.181152	-6.181152	-5.011227	-6.181152
D	-5.011227	-6.181152	-0.192468	0.892989	-1.062211	-1.062211	-2.298509	-1.551796	-6.181152
E	-1.971699	-6.181152	-3.093689	0.767215	0.265931	-0.136758	-0.250415	0.326642	-5.011227
F	-1.788835	-3.933225	1.505348	-0.657590	-0.192468	-0.280285	0.202552	-2.072628	1.880894
G	2.064400	-6.181152	-1.788835	0.879544	0.945552	0.018520	-3.093689	0.223989	-6.181152
H	-0.406365	-6.181152	0.090311	-1.226956	-0.473793	-1.169925	-0.006227	-0.473793	-0.823600
I	-1.011227	-6.181152	0.384902	-0.738209	1.008672	1.033167	0.838438	-2.721721	-1.062211
K	1.739201	-6.181152	0.018520	0.958399	0.346325	-0.109690	-0.136758	0.879544	1.138520
L	-1.626563	-3.933225	1.338484	0.477059	1.138520	1.033167	0.958399	0.346325	2.200391
M	-2.426265	-3.596190	-0.473793	-1.877372	-1.348262	-0.914366	-1.062211	-1.480713	0.737711
N	-2.072628	-6.181152	0.722730	-0.473793	-0.697336	-0.961984	0.018520	0.722730	-6.181152
P	-6.181152	-6.181152	-3.933225	1.008672	-0.341948	-0.031405	-0.544528	-2.895750	-6.181152
Q	0.265931	-1.169925	-1.011227	0.306688	0.265931	0.306688	0.265931	0.983755	-3.596190
R	1.451843	4.168405	-3.933225	-0.868269	-1.705419	-0.057031	-0.439685	0.796128	1.622979
S	1.278279	-6.181152	-0.006227	0.838438	-0.031405	0.403810	-0.136758	1.215453	-6.181152
T	-0.439685	-5.011227	0.306688	-0.341948	-0.280285	0.180792	0.737711	0.932590	-6.181152
V	-1.062211	-4.373797	0.365742	-0.780273	1.092643	1.386804	1.442729	-0.341948	-0.221150
W	-4.373797	-5.011227	-0.280285	-2.721721	-2.426265	-3.596190	-1.551796	-3.933225	-2.721721
Y	-0.914366	0.113468	0.440900	-1.226956	-0.109690	-0.868269	0.202552	-1.286334	1.215453
