A	0.486591	-1.609625	1.094637	-0.258152	0.365284	0.232834	-0.258152	0.598484	0.799181	-4.467606
C	-4.467606	-4.467606	-3.297681	-4.467606	-4.467606	-2.660251	-3.297681	-2.660251	-1.882643	-4.467606
D	0.008128	-4.467606	-1.609625	2.098448	0.845277	0.232834	-0.852896	-1.882643	-2.660251	-4.467606
E	2.208351	2.154446	-2.219678	1.732067	1.307182	-0.075288	-0.359081	0.486591	0.365284	-4.467606
F	-0.258152	-3.297681	1.656516	-2.219678	0.427212	-0.852896	0.486591	0.161751	-0.075288	1.576789
G	-1.008174	-4.467606	-2.660251	1.132307	1.371598	0.933274	0.799181	-0.163825	-0.258152	-4.467606
H	-3.297681	-4.467606	-1.882643	-1.882643	-1.882643	-1.380143	-0.712718	0.365284	-1.609625	-4.467606
I	-0.163825	1.055956	1.780322	-1.609625	-0.467606	0.300579	0.889946	-0.258152	-3.297681	-4.467606
K	1.273861	-4.467606	-0.852896	-1.182203	-0.163825	-0.258152	0.365284	-0.712718	0.933274	-4.467606
L	-1.182203	1.756396	0.598484	-1.609625	0.300579	1.402759	1.371598	0.889946	1.094637	-1.380143
M	-3.297681	-1.380143	-1.609625	-4.467606	-3.297681	-2.219678	-1.609625	-2.660251	-2.660251	-4.467606
N	-3.297681	-3.297681	-0.075288	-0.075288	0.008128	0.086983	-0.163825	-0.359081	-0.467606	-4.467606
P	-4.467606	-4.467606	-0.163825	1.630427	0.300579	0.232834	-0.359081	-1.609625	-2.219678	-4.467606
Q	-0.163825	1.549203	-1.380143	-0.258152	-0.467606	-0.163825	-0.359081	0.598484	0.365284	-4.467606
R	1.549203	-4.467606	-1.008174	-1.380143	-0.467606	-0.258152	-0.163825	0.486591	0.086983	-4.467606
S	0.598484	-2.660251	-0.075288	0.651336	0.008128	-0.163825	0.486591	0.598484	1.307182	-4.467606
T	-0.467606	-0.163825	-0.359081	-1.609625	-0.075288	0.598484	0.486591	1.169019	1.339749	-4.467606
V	-0.852896	2.260315	0.086983	-2.219678	0.008128	0.933274	0.086983	0.598484	-0.163825	-3.297681
W	-4.467606	-4.467606	-4.467606	-4.467606	-1.882643	-3.297681	-1.882643	-1.380143	-4.467606	-2.660251
Y	-0.258152	-4.467606	1.169019	-1.882643	-1.609625	-1.380143	-1.182203	-2.219678	-0.163825	3.972225
