A	0.109229	-0.668379	1.524267	-0.227806	0.109229	0.611729	1.138976	0.382248	0.983698	0.611729	-2.475733
C	-2.475733	-2.475733	-0.668379	-2.475733	-2.475733	-0.668379	-2.475733	-2.475733	-1.305808	-2.475733	-2.475733
D	0.983698	-2.475733	-2.475733	2.078855	0.109229	0.382248	-0.668379	-2.475733	-1.305808	-1.305808	-2.475733
E	2.535494	0.809669	-2.475733	0.611729	0.611729	0.382248	0.611729	-1.305808	-0.668379	-0.227806	-2.475733
F	-1.305808	-2.475733	0.382248	-1.305808	-1.305808	-0.668379	0.382248	-0.227806	-0.668379	-1.305808	1.632791
G	-0.668379	-2.475733	-1.305808	0.983698	1.733720	0.983698	1.524267	0.109229	0.109229	0.809669	-2.475733
H	-2.475733	-2.475733	-2.475733	-2.475733	-1.305808	-1.305808	-2.475733	0.109229	-0.227806	-0.227806	-2.475733
I	-0.227806	0.809669	1.524267	-2.475733	0.109229	-0.227806	0.109229	1.406910	0.109229	-2.475733	-2.475733
K	0.382248	-2.475733	1.138976	-1.305808	-0.668379	-1.305808	-0.668379	-0.668379	-0.668379	0.382248	-2.475733
L	-0.668379	1.138976	0.382248	-0.668379	0.109229	0.611729	0.611729	0.611729	1.406910	1.916584	-1.305808
M	-1.305808	-0.668379	-0.668379	-2.475733	-2.475733	-0.668379	-1.305808	-2.475733	-2.475733	-2.475733	-2.475733
N	-2.475733	-2.475733	0.382248	-1.305808	0.109229	0.109229	-1.305808	0.611729	-2.475733	-1.305808	-2.475733
P	-2.475733	-0.227806	0.611729	1.828047	0.809669	0.382248	0.983698	-1.305808	-0.668379	-2.475733	-2.475733
Q	-1.305808	1.279154	-0.668379	-0.668379	-0.227806	-2.475733	-2.475733	-1.305808	0.611729	-0.668379	-2.475733
R	0.382248	-2.475733	-0.227806	-2.475733	-2.475733	0.382248	-1.305808	-2.475733	-2.475733	0.382248	-2.475733
S	0.809669	-1.305808	-0.668379	0.809669	1.406910	0.809669	0.382248	0.611729	1.632791	1.138976	-2.475733
T	0.382248	0.809669	-1.305808	0.382248	-0.668379	0.611729	0.382248	-0.668379	1.138976	1.279154	-2.475733
V	-2.475733	2.535494	-0.227806	-0.668379	0.382248	0.109229	0.109229	2.000000	0.109229	-0.227806	-2.475733
W	-2.475733	-2.475733	-2.475733	-1.305808	-2.475733	-2.475733	-2.475733	-2.475733	-1.305808	-2.475733	-2.475733
Y	0.109229	-2.475733	-0.227806	-1.305808	-1.305808	-1.305808	-0.668379	0.109229	-2.475733	-1.305808	3.748268
