A	0.973506	0.276775	1.315731	-0.033642	0.342663	0.295910	0.532084	0.943486	-6.102122
C	-4.687084	-5.464692	-5.464692	-4.414066	-3.812615	-3.389403	-3.272047	-2.439157	-7.272047
D	-0.445498	-6.102122	-0.744570	1.763440	-0.824963	-1.672134	-1.871167	-1.871167	-7.272047
E	1.660168	0.713795	-3.272047	1.934968	0.423182	-0.824963	0.013356	1.043103	-7.272047
F	0.423182	-4.184584	0.816742	-1.829103	0.156314	0.324143	-0.824963	-0.578560	2.545337
G	0.360949	-4.184584	-2.439157	0.762752	0.482841	0.295910	-1.341309	-0.631802	-7.272047
H	-1.564687	-7.272047	-1.255238	-2.571607	-0.224923	-1.048045	0.024870	-0.631802	-4.687084
I	-0.252456	1.325075	1.770297	-1.401682	0.677780	1.466890	0.314793	-2.503862	-2.439157
K	0.610597	-7.272047	0.816742	-0.280525	-0.094627	-0.932197	-1.255238	0.102993	-7.272047
L	-1.255238	2.268566	0.102993	-0.845782	0.670468	1.402146	1.637847	0.571875	1.508493
M	-3.657337	-2.052878	-0.725152	-4.414066	-2.571607	-1.829103	-1.497259	-2.717458	-1.530580
N	-1.672134	-6.102122	-0.033642	-0.383303	-0.224923	-0.784206	-0.744570	-0.824963	-7.272047
P	-7.272047	-6.102122	-0.493969	1.528853	0.036293	-0.932197	-0.132495	-3.062593	-7.272047
Q	-0.493969	1.397724	-0.398602	0.314793	-0.145342	-0.094627	0.881506	0.836478	-7.272047
R	1.008724	-7.272047	-0.631802	-1.672134	0.113816	-1.255238	-0.977426	0.047626	-7.272047
S	1.178134	-0.888342	0.237728	0.379005	0.556090	0.741974	0.997080	1.603703	-7.272047
T	0.047626	-0.069923	-0.910103	-0.544126	0.387949	0.595232	0.842997	1.059990	-7.272047
V	-0.107140	2.391512	0.431857	-1.371180	0.692294	1.432722	0.881506	0.351835	-0.266422
W	-4.687084	-7.272047	-4.414066	-3.389403	-2.717458	-3.986644	-2.317850	-6.102122	-4.687084
Y	-0.045634	-7.272047	0.457574	-2.968266	-0.561240	-2.205957	-1.432843	-0.338356	3.291626
