A	-0.022833 0.538987 1.291886 0.157685 -0.515249 -0.361928 0.943852 0.402921 2.020356
C	-6.401794 -3.485878 -6.695333 -6.696464 -6.696099 -6.696464 -6.696464 -6.696464 -6.696464
D	-2.611334 -1.083851 0.859831 -2.775841 0.038683 3.299895 1.193267 0.133308 -0.626081
E	0.744309 0.741996 -0.299212 -2.795429 0.497272 0.285447 0.449482 0.560897 0.669999
F	-1.171589 -0.262265 1.172628 2.406787 -0.990836 -6.603373 -0.733752 -0.010777 -1.523454
G	-0.433308 0.066261 1.272788 -1.327261 -0.430431 -1.842480 -3.263105 -0.687711 1.780612
H	-0.795809 -0.081244 -0.661867 -3.065048 -0.912825 -6.397164 -0.155949 -0.326574 -1.154782
I	1.579846 -0.164031 -6.525629 0.609798 0.406728 0.754195 -0.798296 -0.002408 -0.591862
K	-1.316327 0.692641 -1.296077 -6.073185 0.815129 -6.529844 -0.166943 -0.378926 -1.660352
L	1.286538 -0.151676 -2.280461 -0.080247 0.679245 -0.011317 -0.112737 1.111699 -0.022042
M	-1.325792 -6.678147 -2.407065 -1.476137 -1.689530 -6.291568 -1.276401 -6.680755 -3.146244
N	1.019346 -0.147419 0.211172 -6.481502 -0.329123 0.070186 -0.087730 -0.460401 -0.550554
P	-1.725088 -3.003568 -0.285917 -6.547956 0.334641 -1.042344 1.522347 1.035835 -3.175434
Q	0.615878 0.574034 -0.484889 -0.980506 -0.261203 -6.566446 0.206668 0.152030 0.545931
R	-1.565947 1.002292 -2.558518 -6.588474 0.582018 -2.952007 0.561151 0.169137 -1.101877
S	0.022241 0.908298 0.769706 -2.601032 0.614259 -1.697546 0.010880 -0.010675 1.545761
T	-0.196588 0.286567 0.776589 -3.275926 0.504441 -0.763435 -0.147595 0.351830 -0.526223
V	1.287307 0.950150 -0.975181 0.746000 1.201094 1.346463 0.708145 0.984696 -0.858008
W	-3.152678 -6.600576 -6.566129 0.668771 -6.614334 -6.183611 -6.545814 -6.686358 -6.693498
Y	-0.904494 -0.970249 0.999967 2.546867 -1.210803 -6.341220 -6.614077 -1.067171 -1.030554
