A	-0.785102	0.661784	-0.058478	-0.058478	0.753318	0.529940	0.041749	0.782582	1.407543	-5.177420
C	-2.929492	-5.177420	-2.929492	-3.370065	-2.319439	-2.592457	-2.592457	-1.294776	-1.068895	-4.007495
D	-1.294776	-2.319439	-2.592457	0.866975	0.180132	0.422493	-0.622831	-2.319439	-1.717988	-5.177420
E	-0.007495	-3.370065	-3.370065	0.811265	0.946702	-0.111330	0.089367	0.384823	0.661784	-5.177420
F	1.462825	-2.592457	1.616996	-1.422532	0.495006	-2.319439	-0.785102	-2.929492	-2.592457	2.302361
G	-1.892017	0.135463	-3.370065	0.920613	1.533387	0.811265	0.811265	-0.873639	-0.701686	-5.177420
H	1.770948	-2.929492	-0.111330	-0.166192	0.041749	-0.476980	-0.166192	-0.548063	-1.562710	-3.370065
I	-0.409235	-2.929492	1.184524	-0.622831	-0.873639	-0.409235	-0.007495	-0.007495	-2.319439	-5.177420
K	-1.422532	-5.177420	0.946702	0.135463	-0.007495	0.041749	0.346142	-0.967966	-0.282602	-5.177420
L	1.269664	0.866975	-0.967966	-0.476980	-0.701686	0.422493	0.894043	0.346142	0.135463	-0.785102
M	0.782582	-0.622831	-0.622831	-2.089957	-2.089957	-1.717988	-1.177420	-1.294776	-1.717988	-1.562710
N	-0.548063	-2.929492	0.629935	-0.007495	-0.007495	0.041749	-0.058478	-0.282602	-1.068895	-5.177420
P	-4.007495	3.561517	-0.701686	2.048993	0.597368	1.290186	0.495006	-0.873639	-0.701686	-5.177420
Q	-0.223223	-1.422532	-0.967966	-0.409235	-0.344530	-0.007495	0.723447	0.459205	-0.007495	-5.177420
R	-1.422532	-3.370065	1.022253	-1.068895	-1.422532	0.495006	-0.223223	-0.223223	-0.282602	-5.177420
S	-0.058478	-0.409235	-0.282602	0.629935	0.459205	0.753318	0.265524	1.206285	1.584132	-5.177420
T	-0.967966	-2.089957	-2.929492	-0.701686	-0.873639	0.422493	0.495006	1.426207	1.616996	-5.177420
V	-1.068895	-0.701686	-0.409235	-0.967966	-0.409235	-0.282602	0.265524	1.516067	0.946702	-4.007495
W	-2.592457	-5.177420	-5.177420	-2.929492	-2.089957	-4.007495	-3.370065	-5.177420	-4.007495	-5.177420
Y	1.070508	-5.177420	1.462825	-1.562710	-0.409235	-2.089957	-0.967966	-1.562710	-1.068895	3.762160
