A	-0.653442	0.516483	-0.380424	0.221027	0.761595	0.376305	-0.150942	0.046997	0.046997	1.390952	-3.238405
C	-2.068480	-3.238405	-3.238405	-2.068480	-3.238405	-2.068480	-2.068480	-0.990477	-1.431050	-3.238405	-3.238405
D	-0.150942	-2.068480	-3.238405	0.971049	-0.380424	0.376305	-0.380424	0.221027	-0.380424	-2.068480	-3.238405
E	0.761595	-3.238405	-3.238405	0.221027	1.772823	0.221027	0.046997	-0.150942	0.376305	-0.380424	-3.238405
F	0.870120	-3.238405	1.880536	-0.653442	-2.068480	-2.068480	-0.653442	-0.990477	-0.990477	-2.068480	1.594485
G	-1.431050	-0.990477	-0.990477	0.376305	0.870120	0.971049	1.237329	1.462035	-0.990477	-0.653442	-3.238405
H	0.761595	-3.238405	0.376305	-0.990477	0.046997	0.376305	-0.380424	-0.653442	0.046997	-0.653442	-2.068480
I	0.046997	-1.431050	0.516483	-0.653442	-1.431050	-0.990477	-0.990477	-0.380424	0.971049	-0.653442	-3.238405
K	-1.431050	-3.238405	1.237329	-0.380424	-1.431050	-0.653442	0.971049	0.221027	-3.238405	0.046997	-3.238405
L	0.376305	-2.068480	-0.380424	0.221027	-0.380424	-0.150942	0.971049	0.516483	1.065376	0.644238	-0.990477
M	1.462035	-0.380424	-0.990477	-1.431050	-2.068480	-3.238405	-2.068480	-1.431050	-2.068480	-0.990477	-3.238405
N	-0.380424	-2.068480	-0.653442	-1.431050	0.046997	-0.150942	0.046997	0.376305	-0.380424	-2.068480	-3.238405
P	-3.238405	3.767220	-3.238405	2.162475	0.761595	1.153913	0.221027	0.376305	-0.653442	-2.068480	-3.238405
Q	-0.653442	-1.431050	-2.068480	-0.990477	0.221027	0.376305	0.376305	-0.990477	0.046997	0.046997	-3.238405
R	-0.380424	-3.238405	1.529780	-0.653442	-1.431050	-0.150942	0.376305	-0.380424	-2.068480	0.221027	-3.238405
S	-0.990477	-0.653442	-3.238405	1.065376	1.065376	0.870120	0.516483	0.761595	1.772823	1.153913	-3.238405
T	-0.990477	-2.068480	-3.238405	-0.150942	0.046997	0.870120	0.376305	0.761595	0.221027	1.462035	-3.238405
V	-0.380424	-0.990477	-0.653442	-1.431050	-0.150942	-0.150942	-0.990477	-1.431050	1.390952	0.870120	-3.238405
W	-1.431050	-3.238405	-3.238405	-1.431050	-3.238405	-3.238405	-2.068480	-3.238405	-3.238405	-3.238405	-3.238405
Y	1.462035	-3.238405	1.827684	-1.431050	-0.380424	-1.431050	-1.431050	0.046997	-3.238405	0.516483	3.862258
