A	-1.857981	0.389947	-0.050626	0.389947	0.726982	0.389947	-0.050626	-0.050626	0.389947	-1.857981	0.726982	-1.857981
C	-1.857981	-1.857981	-1.857981	-1.857981	-1.857981	-1.857981	-0.688056	-1.857981	-1.857981	-0.688056	-0.688056	-1.857981
D	-1.857981	-1.857981	-1.857981	-0.050626	-1.857981	-1.857981	0.726982	-1.857981	0.726982	-1.857981	-1.857981	-1.857981
E	-0.050626	-1.857981	-1.857981	1.000000	1.000000	0.389947	-0.050626	-0.050626	1.000000	-0.688056	-0.050626	-1.857981
F	2.024662	-1.857981	1.427421	-1.857981	-0.688056	-1.857981	-0.688056	-0.050626	-0.688056	-1.857981	-1.857981	0.389947
G	-1.857981	-1.857981	-0.688056	-0.050626	1.229482	1.000000	1.000000	1.427421	1.229482	-0.688056	-1.857981	-1.857981
H	0.726982	-1.857981	-0.050626	-0.050626	0.389947	-0.688056	0.389947	-1.857981	-0.688056	-0.050626	-0.050626	-1.857981
I	0.389947	-1.857981	0.726982	-1.857981	-0.688056	-1.857981	-0.688056	-0.050626	-0.688056	0.389947	-1.857981	-1.857981
K	-0.688056	-1.857981	1.000000	0.389947	-0.688056	-0.050626	-0.050626	0.389947	-1.857981	-1.857981	-0.688056	-1.857981
L	1.000000	-1.857981	-0.688056	0.726982	0.726982	0.389947	-1.857981	0.389947	-1.857981	1.000000	0.389947	-1.857981
M	1.229482	-0.688056	-1.857981	-0.688056	-0.050626	-1.857981	-0.050626	-1.857981	-1.857981	-0.688056	-0.688056	-1.857981
N	-1.857981	-1.857981	-1.857981	-1.857981	-0.688056	-0.688056	0.389947	-0.050626	0.726982	-1.857981	-0.688056	-1.857981
P	-1.857981	3.704261	-0.688056	1.896907	-0.688056	-0.050626	1.229482	1.000000	0.389947	-0.688056	-1.857981	-1.857981
Q	-1.857981	-1.857981	-1.857981	-0.050626	0.389947	-0.050626	-1.857981	-1.857981	0.389947	0.726982	1.000000	-1.857981
R	-0.688056	-1.857981	1.229482	-0.688056	-0.688056	0.726982	-1.857981	1.229482	-1.857981	-1.857981	-0.050626	-1.857981
S	-0.050626	-1.857981	-0.688056	0.389947	1.000000	1.000000	-0.050626	-0.050626	1.229482	1.601451	1.229482	-1.857981
T	-1.857981	-1.857981	-1.857981	-0.688056	-0.050626	0.726982	1.000000	0.389947	-0.688056	0.389947	1.427421	-1.857981
V	-1.857981	-0.688056	-1.857981	0.389947	-0.050626	1.000000	-0.050626	-0.688056	0.389947	1.427421	1.229482	-1.857981
W	-1.857981	-1.857981	-1.857981	-1.857981	-1.857981	-0.688056	-1.857981	-0.050626	-1.857981	-1.857981	-1.857981	-1.857981
Y	1.427421	-1.857981	2.142019	-1.857981	-1.857981	-0.688056	-0.688056	-1.857981	-0.688056	1.000000	-0.688056	3.778644
