A	-1.163230	1.775369	0.555588	0.006695	0.461261	0.644125	1.694751	-3.748193
C	-2.578268	-3.748193	-3.748193	-3.748193	-2.578268	-2.578268	-2.578268	-3.748193
D	1.888432	-1.500265	-2.578268	-0.133483	-2.578268	-2.578268	-2.578268	-3.748193
E	-1.500265	-0.890212	-1.940838	0.806396	-2.578268	-0.660730	1.370748	-3.748193
F	1.470976	-3.748193	0.360332	-3.748193	-0.660730	-1.163230	-2.578268	0.461261
G	-3.748193	-0.890212	-2.578268	0.134450	0.251807	-2.578268	-1.500265	-3.748193
H	0.644125	-2.578268	1.146625	-0.890212	1.470976	-0.133483	-0.462791	-3.748193
I	-0.890212	-1.500265	0.555588	-0.133483	1.564690	1.470976	-1.163230	-3.748193
K	-3.748193	-3.748193	2.026594	1.084697	-1.940838	-0.288761	-0.890212	-3.748193
L	0.952247	-0.288761	-1.940838	0.881164	-0.660730	0.952247	-0.660730	-1.940838
M	1.084697	-0.133483	-0.288761	-1.940838	-1.500265	-1.163230	-1.940838	-2.578268
N	-0.890212	-3.748193	0.727541	-0.890212	0.006695	-1.163230	-2.578268	-3.748193
P	-3.748193	3.094157	-1.940838	0.360332	-0.288761	-0.660730	-0.890212	-3.748193
Q	-1.940838	1.206003	-1.163230	0.006695	-1.163230	-0.462791	0.360332	-3.748193
R	-1.940838	-3.748193	1.609359	0.461261	-2.578268	0.006695	-1.163230	-3.748193
S	-1.500265	-0.462791	-1.500265	0.555588	1.146625	0.881164	1.146625	-3.748193
T	-0.890212	-1.500265	-0.890212	0.360332	0.461261	0.806396	1.370748	-3.748193
V	0.134450	-1.163230	-1.163230	1.019991	1.564690	1.370748	1.652687	-3.748193
W	-2.578268	-3.748193	-3.748193	-3.748193	-3.748193	-3.748193	-3.748193	-3.748193
Y	1.564690	-3.748193	-0.133483	-1.500265	-1.940838	-0.133483	-1.940838	4.087858
