A	-0.438839	1.824881	0.958953	0.302508	0.229601	0.084484	0.633377	1.659660	-4.975258
C	-2.795934	-4.975258	-4.180078	-3.362281	-2.619777	-2.287934	-1.887795	-1.595115	-8.062721
D	0.350907	-1.252149	-2.074036	1.165497	0.012758	-0.513899	-2.539159	-2.018327	-8.062721
E	0.176878	-2.131983	-3.670403	1.622904	0.955479	-0.076879	0.350907	1.016764	-8.062721
F	1.428631	-3.362281	0.589228	-1.768100	-1.143858	-0.562875	-2.018327	-2.074036	1.886376
G	-2.578905	0.235342	-2.578905	0.611472	0.789809	0.948506	-1.768100	-1.057096	-8.062721
H	0.854651	-6.892796	0.713712	-1.057096	0.548304	-0.084010	0.402846	-0.523562	-3.433364
I	-0.142368	-0.187739	1.125868	-1.029298	-0.195442	0.501429	0.580233	-2.287934	-3.954196
K	-0.836309	-6.892796	1.629459	0.397735	0.170899	0.128338	-0.644868	-0.014234	-8.062721
L	0.725998	1.967946	-1.002025	-0.180078	0.134496	0.602615	0.824500	-0.341622	2.510453
M	0.084484	-0.134943	-0.350194	-2.045912	-2.161854	-1.459094	-1.515826	-2.539159	-0.120206
N	-0.429726	-3.954196	0.200548	-0.613572	-0.120206	-0.613572	-0.812422	-1.814793	-8.062721
P	-6.255366	2.441353	-3.167903	1.480311	0.611472	-0.367492	-0.164875	-1.615638	-8.062721
Q	-0.687681	-0.283001	-1.129030	-0.274818	-0.226670	-0.076879	0.387459	0.356186	-8.062721
R	-0.872896	-8.062721	1.174489	-0.438839	-0.266681	-0.048700	-0.494765	-0.466531	-8.062721
S	0.629023	-0.127556	-0.203186	0.637719	0.781985	1.023415	0.993239	1.826783	-8.062721
T	0.252429	-1.515826	-1.887795	-0.457241	0.318822	0.923832	1.100929	1.162487	-8.062721
V	-0.069782	0.246756	0.097151	-0.923169	0.297029	0.629023	1.385396	0.880527	-1.722871
W	-2.287934	-6.892796	-2.996632	-3.758940	-2.996632	-4.307833	-3.508132	-5.814793	-4.777319
Y	1.033335	-8.062721	0.589228	-2.192356	-1.745308	-1.863048	-1.745308	-1.284644	3.188318
