A	-3.199300 1.230019 1.528951 0.942673 0.643612 1.158247 1.344272 1.205918 1.550507
C	-6.660421 -5.167392 -1.666668 -4.389123 -8.045918 -6.304320 -8.443106 -4.989283 -3.932145
D	-0.503127 -1.004549 -1.485358 3.384426 0.259464 1.478123 1.221555 -0.170491 -0.100753
E	-0.796025 0.666869 -0.720864 1.153170 1.140491 0.646264 1.641860 1.259652 1.073080
F	1.686236 -1.321459 -0.417718 -2.856219 -2.099964 -1.416993 -2.222444 -1.508715 0.151464
G	-4.806042 -2.342768 0.556921 -3.159107 0.066777 -3.095799 -0.074918 -0.432786 -0.018489
H	-5.201576 -0.278325 -3.397545 -5.395273 -2.119253 -3.315600 -2.021137 -0.653836 -7.153479
I	2.383978 0.737247 0.700731 0.199299 -0.388831 -0.302881 -0.429382 -1.110854 -0.024666
K	-4.209188 0.572100 -1.831420 -8.353866 0.506815 -0.619594 -3.360986 0.736967 -1.319362
L	0.394202 0.072923 0.058527 -1.362106 -1.105225 -1.750504 1.030039 0.430317 0.407220
M	-2.985610 -3.280952 -1.151375 -2.477208 -2.705170 -7.904983 -2.362952 -5.103829 -0.588925
N	-3.479395 -0.275339 -0.997457 -3.019421 -0.393421 0.248719 0.998473 -1.094815 -1.695498
P	-0.957115 -7.968434 -0.016071 -8.327581 1.521704 0.066785 0.435023 1.542486 -6.742507
Q	-7.537905 0.100219 -1.549029 -0.052024 -0.021974 -2.327970 -0.578904 0.142981 0.683280
R	-4.532945 1.014212 -1.343278 -8.348025 -0.027384 -3.839224 -3.424090 0.719026 0.059809
S	-3.068210 -0.043048 1.541059 -0.532654 0.541170 1.027706 -0.055771 -0.329482 1.440368
T	-1.598964 0.549019 0.783175 -0.844448 0.685641 1.886620 -1.383605 -0.831594 -2.200170
V	0.787773 1.315358 1.300147 -0.189180 0.700049 1.478454 0.768593 0.075155 0.619017
W	-0.384474 -1.614845 -8.350274 -8.447179 -4.054836 -8.419786 -3.367666 -4.150639 -4.503869
Y	2.324592 -0.645245 -0.320937 -2.760509 -1.427619 -5.692544 -1.939217 -0.873820 0.016502
