A	0.071217	-1.838987	-0.304650	0.135922	-0.067611	0.071217	-0.393187	0.615915	1.849927	-1.838987
C	-4.696968	-4.696968	-2.889613	-3.527043	-4.696968	-4.696968	-4.696968	-4.696968	-4.696968	-4.696968
D	1.452780	-3.527043	-0.814324	1.173397	0.071217	-1.237536	-1.609505	-1.609505	-3.527043	-4.696968
E	-0.221234	-2.449040	-3.527043	0.939657	-0.588443	-0.696968	-0.814324	-0.487514	0.257229	-4.696968
F	-0.304650	-3.527043	2.081110	-0.814324	-0.588443	-0.814324	-0.393187	-1.411565	-2.112005	1.502705
G	-1.609505	-4.696968	-3.527043	0.826594	1.686737	1.110387	0.975458	-1.411565	-0.142379	-4.696968
H	0.902945	-1.838987	-0.814324	-1.237536	0.003472	-0.942080	-0.067611	-0.304650	-3.527043	-4.696968
I	-0.814324	-3.527043	-0.142379	-1.609505	-1.609505	0.003472	0.421974	0.003472	-2.449040	-1.411565
K	-0.304650	-4.696968	-1.082258	0.975458	1.263034	1.263034	0.472957	-0.814324	0.135922	-4.696968
L	-0.588443	-1.838987	1.347427	-0.487514	-0.142379	0.135922	0.197850	1.319841	-0.588443	3.727199
M	-0.393187	-4.696968	-0.696968	-2.112005	-2.112005	-1.411565	-0.814324	-1.838987	-2.889613	1.044499
N	0.660584	-4.696968	-1.411565	-1.082258	-0.588443	-0.588443	-0.067611	0.003472	-0.942080	-4.696968
P	-4.696968	2.064584	-1.082258	1.452780	1.452780	0.569819	0.522201	-0.487514	-1.411565	-3.527043
Q	-0.067611	-0.942080	-1.082258	0.003472	-0.588443	0.071217	-0.814324	0.902945	-1.082258	-4.696968
R	1.010392	3.716660	0.615915	-0.588443	0.421974	1.077820	0.939657	-0.393187	0.257229	-4.696968
S	1.110387	-2.889613	-0.696968	1.142236	0.522201	1.077820	0.569819	1.110387	2.161013	-4.696968
T	-0.393187	-3.527043	-2.449040	-0.814324	-0.487514	-0.487514	0.369122	0.975458	1.427154	-4.696968
V	-0.487514	-1.838987	-0.221234	-1.411565	-0.588443	0.421974	0.865275	1.203899	0.660584	-1.411565
W	-2.889613	-4.696968	-0.393187	-2.112005	-3.527043	-3.527043	-2.449040	-1.838987	-3.527043	-4.696968
Y	0.197850	-2.889613	1.887995	-1.411565	-2.112005	-2.449040	-0.942080	-1.237536	-1.411565	-1.838987
