A	-0.395929	-1.473931	-0.836501	-0.395929	0.214125	-0.395929	-0.836501	0.970854	-0.058894	1.831877	-2.643856
C	-2.643856	-2.643856	-2.643856	-2.643856	-2.643856	-2.643856	-2.643856	-2.643856	-2.643856	-2.643856	-2.643856
D	1.565597	-2.643856	-1.473931	0.970854	-1.473931	0.641546	-0.058894	-0.836501	-1.473931	-1.473931	-2.643856
E	-1.473931	-2.643856	-2.643856	1.748461	0.214125	0.970854	-0.836501	-0.836501	-1.473931	-0.395929	-2.643856
F	-0.395929	-2.643856	2.475085	-0.395929	-1.473931	-0.395929	-1.473931	-1.473931	-0.836501	-1.473931	1.111031
G	-1.473931	-2.643856	-2.643856	-0.058894	0.815575	0.815575	0.815575	1.111031	-1.473931	-0.836501	-2.643856
H	0.443607	-1.473931	-1.473931	-0.836501	-0.058894	-1.473931	-0.836501	-0.058894	0.443607	-2.643856	-2.643856
I	-0.395929	-2.643856	1.111031	-2.643856	-2.643856	-0.836501	0.214125	-0.058894	0.214125	-1.473931	-1.473931
K	-0.395929	-0.836501	-0.395929	0.214125	1.111031	0.443607	1.464668	0.214125	0.443607	0.443607	-2.643856
L	-0.395929	-2.643856	0.443607	0.443607	-0.395929	0.815575	-1.473931	-0.058894	0.815575	-2.643856	3.673556
M	-0.395929	-2.643856	-0.058894	-0.836501	-2.643856	-2.643856	-0.836501	-1.473931	-0.395929	-1.473931	0.641546
N	0.641546	-1.473931	-1.473931	-0.058894	-0.836501	-1.473931	0.443607	-0.058894	0.214125	-0.836501	-2.643856
P	-2.643856	1.659925	-1.473931	1.464668	0.815575	0.443607	0.443607	1.356144	-1.473931	-0.836501	-2.643856
Q	-0.395929	0.815575	-0.836501	-0.058894	0.443607	-0.395929	-0.395929	-1.473931	1.111031	-0.836501	-2.643856
R	0.970854	3.454176	-0.058894	-0.395929	1.659925	-0.058894	1.111031	0.214125	-0.836501	-0.395929	-2.643856
S	1.238787	-2.643856	-2.643856	0.641546	0.214125	1.464668	-0.058894	0.641546	0.970854	2.422233	-2.643856
T	-0.058894	-2.643856	-2.643856	-1.473931	-0.836501	-0.058894	-0.058894	0.443607	1.111031	1.464668	-2.643856
V	0.214125	-0.836501	-1.473931	-2.643856	-0.395929	0.214125	0.970854	-0.058894	1.111031	-0.395929	-0.836501
W	-2.643856	-2.643856	-2.643856	-1.473931	-0.395929	-2.643856	-2.643856	-2.643856	-2.643856	-2.643856	-2.643856
Y	0.214125	-2.643856	2.124328	-1.473931	-0.395929	-1.473931	-0.836501	-0.395929	-2.643856	-1.473931	-1.473931
