A	-1.859230	0.394409	0.707493	-0.078003	0.632139	0.225244	1.560105	-2.325930
C	-6.325930	-7.495855	-2.795415	-4.210453	-3.881145	-4.210453	-2.484628	-5.247928
D	2.172144	-6.325930	-0.576992	-1.178442	-5.247928	-2.182972	-2.276687	-7.495855
E	0.676572	-1.625490	-2.541659	0.348066	-3.740968	-0.637874	1.019845	-7.495855
F	-0.637874	-2.601037	0.943976	-0.751021	-2.138303	-1.133911	-2.795415	-0.802368
G	-3.881145	-1.565118	-1.721068	-0.653505	1.128940	-2.094976	-1.479047	-7.495855
H	0.424498	-1.271853	-0.006007	-0.968378	1.613323	0.424498	-1.656651	-7.495855
I	-0.257450	-2.052912	0.348066	0.632139	0.137140	0.090985	-0.476264	-0.576992
K	-2.276687	-2.429766	0.819295	1.217531	1.629558	0.233766	0.090985	-7.495855
L	0.316322	-0.591973	1.288780	1.447392	-0.819898	1.169481	0.340195	4.012683
M	-0.269443	-2.429766	-0.330948	-1.823430	-2.094976	-0.892229	-1.859230	-0.245557
N	1.226099	-1.972293	-0.421714	-1.178442	-1.754388	-0.356304	-1.933613	-7.495855
P	-4.637874	0.552632	-2.276687	-0.078003	0.511172	-0.198939	-2.541659	-6.325930
Q	-0.245557	0.181865	-0.547488	0.283864	-1.320929	0.468486	0.100335	-7.495855
R	-0.873803	3.651668	-0.929801	0.072101	1.039420	1.259867	-0.395193	-7.495855
S	0.348066	-2.138303	-0.408392	0.081574	0.386788	0.928311	1.476407	-7.495855
T	0.417034	-3.192074	-0.088587	0.518165	-0.343570	0.586294	1.169481	-4.408392
V	-0.067495	-1.895942	0.802208	0.949160	0.308276	0.657697	1.606777	0.482855
W	-3.613212	-6.325930	-1.371734	-3.103538	-3.286402	-3.613212	-6.325930	-6.325930
Y	0.033576	-3.192074	0.923052	-1.112151	-2.325930	-1.479047	-2.866498	-5.247928
