A	0.117999	0.579723	0.579723	0.207192	-0.040210	0.407601	0.207192	1.578004	-0.739917
C	-9.304066	-7.496711	-3.344064	-5.844634	-4.674709	-4.535882	-3.667441	-3.741824	-3.562599
D	1.148175	-4.749477	1.143017	0.840911	-1.383713	-1.491889	-1.995727	-2.446085	-9.304066
E	0.396807	-0.577848	-1.896798	1.345190	-0.565129	-0.299846	0.039675	0.815199	-8.134141
F	-0.217930	-2.461716	1.315695	-1.221917	-0.386694	-0.420659	-0.759102	-2.355699	1.546121
G	-0.499128	-1.973149	-2.446085	0.407601	0.491162	0.056232	-2.298442	-0.706945	-8.134141
H	-0.109309	-2.151781	-0.049037	-1.311128	0.125864	-0.268580	0.433181	-0.808211	-4.535882
I	-0.237977	-0.798255	0.199760	-0.803224	0.069887	0.866172	0.199760	-1.532577	-0.178653
K	0.740328	-1.346964	0.548854	0.698749	1.311104	0.581630	-0.016931	0.298169	-5.094613
L	-0.455443	0.762360	1.076936	0.762360	0.570147	0.811953	1.359714	-0.285866	3.562778
M	-1.176072	-1.516164	-0.499128	-2.018664	-1.804220	-1.745645	-1.076450	-2.370375	0.243792
N	0.521290	-2.836461	-0.181885	-0.768791	-0.612323	-0.643179	-0.227919	-0.895736	-9.304066
P	-7.056139	0.635880	-2.610579	1.196278	-0.087927	0.217044	-0.258306	-2.576146	-6.446085
Q	-0.375548	0.025730	-0.890438	0.099479	-0.078859	0.053486	0.476884	0.323468	-8.134141
R	0.895606	3.202365	-0.432161	-0.535882	1.545144	0.462463	0.104794	0.045215	-6.216603
S	0.946824	-1.346964	-0.278927	0.750538	0.104794	0.390292	0.611813	1.933592	-7.056139
T	0.224388	-1.100718	-1.094613	-0.386694	-0.420659	0.383747	0.712742	1.159714	-3.529279
V	0.167101	0.187286	-0.278927	-0.405465	0.370568	1.116947	1.013347	0.696990	0.643206
W	-4.349870	-6.446085	-1.483887	-3.403199	-2.007150	-3.820250	-2.509650	-7.056139	-3.287258
Y	-0.227919	-2.385203	1.044109	-1.929027	-0.885159	-1.325356	-0.625466	-1.483887	-0.638730
