A	-0.367732	-3.514573	0.776104	0.078951	0.827819	0.240314	0.201634	0.517276	0.161888	-4.152003
C	-4.152003	-3.074001	-2.736966	-2.463947	-4.152003	-2.463947	-3.074001	-3.514573	-2.463947	-5.321928
D	-0.767339	-5.321928	1.880196	1.165912	0.776104	0.419539	-0.692571	1.504620	-1.213404	-5.321928
E	0.419539	-3.514573	1.083213	1.388878	0.517276	0.925999	0.121015	1.472488	0.517276	-5.321928
F	0.827819	-4.152003	-0.427110	-0.202987	-1.707218	-0.929611	-0.310701	-1.567041	-0.102760	2.147714
G	-0.427110	-5.321928	-0.929611	0.517276	1.104337	1.165912	0.995485	-2.036526	0.035624	-5.321928
H	1.488644	4.156842	0.035624	-1.213404	-1.018147	-0.621488	-0.621488	-0.846195	-0.692571	-5.321928
I	-0.427110	-4.152003	1.104337	-1.439285	-0.202987	0.517276	0.078951	-0.367732	-0.621488	1.581954
K	-2.736966	-3.074001	-4.152003	-0.152003	-1.321928	-0.553744	0.350497	-3.074001	0.776104	-5.321928
L	-1.707218	-5.321928	0.161888	-0.427110	-0.009045	0.666757	1.125155	0.485427	1.388878	3.417009
M	-0.929611	-5.321928	-1.213404	-2.736966	-2.234465	-1.321928	-1.862496	-2.463947	-1.321928	-1.439285
N	0.240314	-5.321928	-1.862496	0.277985	-0.202987	-1.321928	0.802193	0.925999	-0.367732	-5.321928
P	-4.152003	-2.463947	-4.152003	1.224966	1.165912	-0.489038	-0.367732	-1.707218	-2.736966	-5.321928
Q	1.104337	-0.692571	-0.427110	0.350497	-0.553744	-0.202987	0.035624	1.439623	0.277985	-5.321928
R	-1.567041	-1.112475	-3.514573	-0.846195	-2.036526	-1.112475	-1.018147	-2.463947	0.638074	-5.321928
S	0.776104	-3.074001	1.125155	0.827819	1.354029	0.852998	0.314697	-0.009045	0.485427	-5.321928
T	1.354029	-5.321928	-1.213404	-0.427110	0.350497	0.385431	0.485427	-0.102760	0.802193	-5.321928
V	-0.929611	-4.152003	0.925999	-1.213404	0.385431	0.749534	0.277985	0.578939	0.314697	-1.707218
W	-1.862496	-5.321928	-3.074001	-2.234465	-3.514573	-3.074001	-2.463947	-4.152003	-5.321928	-0.553744
Y	0.485427	-5.321928	-1.018147	-1.112475	-1.567041	-0.929611	-0.489038	-0.553744	-0.367732	-2.463947
