A	0.318302	-4.900867	1.029871	0.365920	0.622695	0.269058	0.500013	1.000000	0.218074	0.318302	-4.900867
C	-4.900867	-4.900867	-2.315904	-4.900867	-3.730942	-4.900867	-3.730942	-3.093512	-3.730942	-2.652939	-3.730942
D	-1.441435	-4.900867	2.090655	1.546216	0.582949	0.269058	-0.067977	-0.597086	1.029871	-1.615465	-4.900867
E	0.412016	-3.730942	1.223255	1.143527	0.873920	0.269058	0.938337	0.218074	1.702760	0.318302	-4.900867
F	0.165222	-4.900867	-0.900867	-2.042886	-1.145979	-1.813404	-1.615465	-0.691413	-1.145979	-0.508549	2.146257
G	-1.145979	-4.900867	-1.145979	0.771559	0.318302	0.771559	0.661376	1.197165	-2.652939	-1.018224	-4.900867
H	1.115941	4.151701	-1.286157	-1.018224	-1.813404	-0.425133	-0.900867	-0.271510	-1.286157	-0.792342	-4.900867
I	-0.271510	-4.900867	0.735758	-0.508549	0.165222	0.165222	0.318302	-0.200427	-0.792342	-1.145979	1.525398
K	-1.615465	-4.900867	-3.093512	-0.425133	-1.615465	-0.271510	0.218074	-0.346278	-3.093512	0.806492	-4.900867
L	-0.900867	-4.900867	0.622695	0.165222	0.318302	0.456685	0.906488	0.806492	0.699046	1.274059	3.436755
M	-0.346278	-4.900867	-1.145979	-3.730942	-3.093512	-2.652939	-1.441435	-1.813404	-1.441435	-1.615465	-1.813404
N	0.412016	-4.900867	-1.441435	-0.067977	0.165222	-0.691413	-0.425133	0.365920	1.827054	-0.900867	-4.900867
P	-4.900867	-3.730942	-3.730942	1.274059	1.000000	0.218074	-0.425133	-0.792342	-4.900867	-3.730942	-4.900867
Q	1.170596	-0.900867	0.622695	-0.346278	-0.006049	-0.132682	0.318302	-0.346278	1.416546	0.661376	-4.900867
R	-2.042886	-0.006049	-4.900867	-1.018224	-2.042886	-0.900867	-0.346278	-1.615465	-3.093512	0.806492	-4.900867
S	1.087818	-3.730942	0.699046	0.735758	1.197165	1.546216	0.906488	1.197165	0.110360	0.699046	-4.900867
T	1.504275	-4.900867	-1.813404	-0.508549	0.412016	0.806492	0.218074	0.661376	-1.018224	1.087818	-4.900867
V	-0.900867	-4.900867	0.456685	-0.200427	0.622695	0.699046	0.500013	0.218074	-0.132682	0.806492	-1.615465
W	-2.652939	-4.900867	-3.093512	-2.315904	-3.730942	-2.652939	-3.730942	-2.042886	-2.042886	-3.730942	-0.597086
Y	0.365920	-4.900867	-0.792342	-1.441435	-0.597086	-1.145979	-1.018224	-1.441435	-0.597086	-0.346278	-3.093512
