A	-2.357552	-2.357552	1.101880	-1.187627	0.927850	-0.109624	0.500429	0.500429	0.500429	0.227410	0.227410	-2.357552
C	-2.357552	-2.357552	-2.357552	-2.357552	-1.187627	-2.357552	-2.357552	-1.187627	-1.187627	-2.357552	-2.357552	-2.357552
D	-1.187627	-2.357552	1.642448	2.271805	-0.109624	1.397335	-0.109624	0.729911	-0.550197	0.227410	-2.357552	-2.357552
E	0.927850	-2.357552	0.500429	0.227410	0.927850	-0.550197	0.500429	-0.109624	-0.550197	1.257158	-0.109624	-2.357552
F	-0.109624	-2.357552	0.729911	-2.357552	-2.357552	-2.357552	-2.357552	0.227410	-2.357552	-1.187627	-0.550197	1.851901
G	-2.357552	-2.357552	-2.357552	0.227410	-0.109624	1.750972	1.525091	1.397335	1.257158	-0.109624	0.227410	-2.357552
H	1.525091	3.982298	-1.187627	0.227410	-0.109624	-2.357552	-0.109624	-0.550197	-2.357552	0.500429	-0.550197	-2.357552
I	-1.187627	-2.357552	0.927850	-2.357552	-0.550197	-1.187627	-0.550197	0.227410	0.227410	-2.357552	-2.357552	0.927850
K	-2.357552	-2.357552	-2.357552	-1.187627	-2.357552	-0.550197	0.500429	-2.357552	-0.550197	-2.357552	-0.550197	-2.357552
L	-2.357552	-2.357552	0.227410	0.500429	0.227410	-0.550197	0.729911	0.927850	0.227410	0.227410	1.642448	3.242361
M	0.227410	-2.357552	0.729911	-0.550197	-2.357552	-1.187627	-2.357552	-2.357552	-1.187627	-1.187627	-1.187627	-0.550197
N	0.227410	-2.357552	-2.357552	-0.550197	-0.109624	0.227410	0.729911	0.500429	0.927850	1.257158	-2.357552	-2.357552
P	-2.357552	-2.357552	-2.357552	1.642448	1.642448	0.927850	0.500429	-1.187627	-2.357552	-2.357552	-2.357552	-2.357552
Q	1.257158	-2.357552	1.101880	0.227410	-0.109624	0.500429	0.729911	0.227410	0.729911	1.851901	0.927850	-2.357552
R	-1.187627	-0.550197	-2.357552	-2.357552	-2.357552	-2.357552	-2.357552	0.227410	-1.187627	-2.357552	0.500429	-2.357552
S	-0.109624	-2.357552	0.227410	0.227410	1.101880	0.927850	0.227410	0.227410	1.101880	0.500429	1.257158	-2.357552
T	1.397335	-2.357552	-2.357552	-1.187627	0.927850	0.500429	-1.187627	-0.109624	0.500429	0.500429	0.729911	-2.357552
V	-0.109624	-2.357552	-0.109624	-2.357552	-0.109624	-1.187627	-0.550197	-1.187627	0.927850	-1.187627	0.729911	-2.357552
W	-0.550197	-2.357552	-1.187627	-1.187627	-2.357552	-2.357552	-1.187627	-1.187627	-2.357552	-1.187627	-1.187627	-0.109624
Y	0.927850	-2.357552	-1.187627	-0.550197	-2.357552	-0.109624	-1.187627	-1.187627	-0.550197	-2.357552	-0.550197	-0.550197
