A	0.415037	-1.000000	1.289507	-0.362570	-1.000000	-0.362570	0.415037	-2.169925
C	-2.169925	-2.169925	-1.000000	-2.169925	-2.169925	-1.000000	-2.169925	-2.169925
D	0.415037	-2.169925	1.289507	-1.000000	2.530515	-1.000000	-2.169925	-2.169925
E	0.688056	-2.169925	-1.000000	0.917538	2.384664	-2.169925	0.078003	-2.169925
F	0.078003	-2.169925	-1.000000	0.078003	-2.169925	1.115477	0.415037	0.688056
G	-2.169925	-2.169925	1.115477	-0.362570	-0.362570	-2.169925	-1.000000	-2.169925
H	1.584963	3.790077	-0.362570	-0.362570	-2.169925	1.830075	-0.362570	-2.169925
I	-0.362570	-2.169925	-2.169925	1.115477	-0.362570	0.688056	-2.169925	2.384664
K	-1.000000	-2.169925	-2.169925	0.688056	-2.169925	-2.169925	1.830075	-2.169925
L	0.688056	-2.169925	0.078003	0.415037	-1.000000	-2.169925	1.289507	2.841302
M	-1.000000	-2.169925	0.078003	-1.000000	-2.169925	-1.000000	-1.000000	-0.362570
N	0.688056	-2.169925	0.078003	-2.169925	-1.000000	-0.362570	-1.000000	-2.169925
P	-2.169925	-1.000000	-2.169925	1.289507	-1.000000	-2.169925	-0.362570	-2.169925
Q	0.917538	-0.362570	-1.000000	0.415037	-1.000000	0.688056	0.078003	-2.169925
R	-2.169925	-1.000000	-2.169925	-2.169925	-2.169925	-0.362570	-1.000000	-2.169925
S	-2.169925	-0.362570	1.938599	-1.000000	0.415037	-1.000000	0.917538	-2.169925
T	0.078003	-2.169925	-0.362570	0.078003	-1.000000	-0.362570	-0.362570	-2.169925
V	0.078003	-2.169925	0.078003	0.917538	0.078003	1.289507	0.415037	-1.000000
W	-1.000000	-2.169925	-2.169925	-2.169925	-2.169925	0.078003	-1.000000	0.415037
Y	0.078003	-2.169925	-2.169925	-1.000000	-1.000000	0.415037	-1.000000	-1.000000
