A	0.426190	-1.471209	1.143018	0.555156	0.336146	0.127484	0.203533	0.488318	-5.154019
C	-5.594591	-7.401946	-3.009629	-5.594591	-5.154019	-4.543965	-3.401946	-3.293422	-6.232021
D	-1.130483	-7.401946	2.165059	1.263390	0.598054	-0.175534	0.146876	-1.413261	-7.401946
E	0.770481	-3.401946	0.465333	1.353776	0.653336	0.293282	0.952303	0.598054	-7.401946
F	0.301957	-7.401946	-0.199822	-1.084534	-0.354822	-0.275242	-0.855052	-0.224527	1.660775
G	-0.914106	-6.232021	-0.934341	0.666832	0.801402	0.410231	-3.192493	-0.591374	-7.401946
H	0.896116	3.871849	-0.439050	-1.330484	-0.543965	-0.396322	0.590992	-0.175534	-7.401946
I	-0.382355	-5.594591	0.576764	-0.874469	0.377773	0.813587	0.005322	-0.914106	2.121616
K	-0.954863	-2.772590	-5.594591	0.047203	-0.224527	0.057485	-1.694587	0.930090	-7.401946
L	-0.761701	-1.177944	-0.105030	-0.128151	0.632853	0.488318	1.199825	1.171701	3.294804
M	-0.382355	-3.942515	-0.874469	-2.390719	-1.531581	-1.562742	-1.501079	-1.177944	-0.725989
N	0.352941	-5.154019	-0.725989	-0.048799	-0.575398	-0.341250	-0.093607	-0.725989	-7.401946
P	-7.401946	-0.151648	-4.816984	1.011682	0.107829	-0.016084	0.067696	-4.116544	-7.401946
Q	0.686842	0.873014	-0.262395	0.175483	-0.382355	0.495899	0.837652	0.410231	-7.401946
R	-1.177944	0.336146	-4.543965	-0.513203	-1.441944	-0.761701	-1.918130	0.745259	-7.401946
S	1.088905	-5.594591	1.462240	0.795271	0.776719	0.457589	0.146876	0.837652	-5.594591
T	1.386772	-5.154019	-0.483083	-0.341250	0.473035	0.426190	0.525832	0.639713	-7.401946
V	-0.975681	-3.293422	0.166010	-0.424666	0.789113	1.199825	0.745259	0.077834	0.240106
W	-2.390719	-7.401946	-3.942515	-3.787236	-3.192493	-5.154019	-1.729521	-4.116544	-0.779894
Y	0.518407	-5.594591	-0.975681	-1.959003	-0.894151	-1.062096	0.026414	-0.082274	-2.447750
