A	-0.637430	-1.807355	-0.637430	-0.637430	0.777608	-0.637430	0.000000	0.440573	1.478047	-0.637430
C	-1.807355	-1.807355	-0.637430	-1.807355	-1.807355	-1.807355	-1.807355	-0.637430	-1.807355	-0.637430
D	-0.637430	-1.807355	-1.807355	2.192645	-0.637430	0.000000	0.000000	0.777608	-1.807355	-1.807355
E	0.440573	-0.637430	-0.637430	1.652077	0.000000	0.440573	-0.637430	0.440573	-0.637430	-1.807355
F	-0.637430	-1.807355	1.050626	-0.637430	-1.807355	0.000000	0.000000	-0.637430	-1.807355	1.050626
G	-1.807355	-1.807355	-0.637430	0.000000	1.280108	1.050626	1.050626	0.000000	-1.807355	-1.807355
H	0.777608	2.301170	0.777608	-1.807355	-1.807355	-1.807355	-0.637430	0.440573	-1.807355	-1.807355
I	-1.807355	-1.807355	0.440573	0.440573	-1.807355	-0.637430	1.280108	0.000000	-1.807355	-1.807355
K	0.777608	-1.807355	0.440573	0.000000	0.440573	1.652077	0.440573	-1.807355	-1.807355	-1.807355
L	-1.807355	-0.637430	0.000000	-0.637430	-0.637430	-0.637430	-0.637430	-0.637430	-0.637430	3.459432
M	-1.807355	-1.807355	-0.637430	-1.807355	-0.637430	-1.807355	-0.637430	-1.807355	-1.807355	0.000000
N	1.050626	-1.807355	0.000000	-1.807355	0.440573	0.440573	0.440573	0.440573	-0.637430	-1.807355
P	-1.807355	1.280108	-1.807355	-0.637430	1.280108	0.000000	-1.807355	-1.807355	-1.807355	-1.807355
Q	0.000000	-0.637430	-0.637430	0.000000	-1.807355	-1.807355	-0.637430	0.777608	-0.637430	-1.807355
R	0.440573	2.747234	0.440573	-0.637430	1.050626	-0.637430	0.440573	0.440573	-0.637430	-1.807355
S	0.000000	-1.807355	0.000000	0.777608	-0.637430	0.777608	-1.807355	0.440573	2.402098	-1.807355
T	2.075288	-1.807355	-0.637430	-1.807355	0.000000	0.000000	0.777608	-0.637430	1.947533	-1.807355
V	0.000000	-1.807355	-0.637430	-0.637430	0.440573	0.777608	0.440573	1.050626	0.440573	-0.637430
W	-1.807355	-1.807355	-0.637430	-0.637430	-1.807355	-1.807355	-0.637430	-0.637430	-1.807355	-1.807355
Y	-0.637430	-1.807355	1.478047	-1.807355	0.000000	-0.637430	-0.637430	-1.807355	-0.637430	-1.807355
