A	-1.044394	-1.044394	1.203533	-1.044394	0.762961	0.125531	1.203533	0.125531	1.540568	2.241008	0.125531
C	-1.044394	-1.044394	-1.044394	-1.044394	-1.044394	-1.044394	-1.044394	-1.044394	-1.044394	-1.044394	-1.044394
D	0.762961	-1.044394	-1.044394	0.762961	0.125531	-1.044394	0.762961	1.203533	-1.044394	-1.044394	-1.044394
E	0.125531	0.125531	-1.044394	1.540568	0.762961	-1.044394	0.762961	0.125531	-1.044394	-1.044394	-1.044394
F	0.125531	-1.044394	0.762961	-1.044394	0.125531	-1.044394	-1.044394	-1.044394	0.125531	-1.044394	0.125531
G	-1.044394	-1.044394	-1.044394	-1.044394	-1.044394	1.540568	1.203533	0.125531	-1.044394	-1.044394	-1.044394
H	0.125531	2.415037	0.125531	0.125531	-1.044394	0.762961	0.125531	0.125531	0.762961	-1.044394	-1.044394
I	-1.044394	-1.044394	-1.044394	-1.044394	-1.044394	0.125531	-1.044394	0.125531	-1.044394	-1.044394	-1.044394
K	-1.044394	-1.044394	0.125531	0.762961	-1.044394	0.125531	1.203533	0.762961	-1.044394	-1.044394	-1.044394
L	-1.044394	0.125531	0.125531	0.125531	-1.044394	0.762961	-1.044394	0.125531	0.762961	-1.044394	3.165059
M	0.762961	-1.044394	0.125531	-1.044394	-1.044394	-1.044394	0.125531	-1.044394	-1.044394	-1.044394	0.125531
N	0.762961	-1.044394	-1.044394	0.125531	-1.044394	-1.044394	-1.044394	-1.044394	0.125531	-1.044394	-1.044394
P	0.125531	-1.044394	0.762961	-1.044394	0.762961	0.762961	0.125531	0.762961	-1.044394	-1.044394	-1.044394
Q	-1.044394	-1.044394	-1.044394	0.125531	0.125531	0.762961	-1.044394	-1.044394	0.762961	0.762961	-1.044394
R	-1.044394	2.241008	0.762961	-1.044394	1.813587	0.125531	-1.044394	-1.044394	0.125531	-1.044394	-1.044394
S	1.203533	-1.044394	0.125531	0.762961	0.125531	0.125531	0.125531	-1.044394	0.125531	0.762961	-1.044394
T	1.540568	-1.044394	-1.044394	0.125531	0.125531	-1.044394	-1.044394	0.125531	0.762961	0.125531	-1.044394
V	-1.044394	-1.044394	0.125531	0.125531	0.125531	-1.044394	-1.044394	1.203533	0.125531	1.813587	-1.044394
W	-1.044394	-1.044394	-1.044394	-1.044394	-1.044394	-1.044394	-1.044394	-1.044394	-1.044394	-1.044394	-1.044394
Y	-1.044394	-1.044394	0.762961	0.125531	-1.044394	-1.044394	-1.044394	-1.044394	-1.044394	-1.044394	-1.044394
