A	-0.547262	-3.132224	0.801888	-0.239139	0.327207	0.373304	1.422365	-2.691652
C	-4.939579	-4.939579	-4.939579	-4.939579	-4.939579	-3.769654	-2.691652	-3.769654
D	1.400271	-3.769654	-1.480148	-2.691652	-4.939579	-4.939579	-2.691652	-4.939579
E	1.131883	0.179362	-1.852116	-0.384990	-3.769654	-0.239139	0.622663	-4.939579
F	-0.044761	-3.769654	0.867776	-1.184692	-2.691652	-0.384990	-3.769654	-0.831055
G	-2.691652	-3.769654	-0.730126	-1.056936	-0.044761	-3.769654	-0.635798	-4.939579
H	1.422365	3.226584	-0.171395	-0.831055	-0.171395	1.331884	-1.654177	-4.939579
I	0.071648	-4.939579	0.583983	1.131883	1.331884	-0.044761	-1.654177	-0.831055
K	-4.939579	-4.939579	-0.106689	1.528026	0.544237	-0.547262	1.104815	-4.939579
L	-0.939579	-4.939579	0.867776	1.507504	1.626475	-0.044761	0.126510	3.928472
M	-0.463846	-3.769654	-1.324869	-2.691652	-2.354617	-3.132224	-2.354617	0.230346
N	1.049105	-2.691652	-0.044761	-0.384990	-0.831055	-0.106689	-1.852116	-4.939579
P	-4.939579	-0.547262	1.400271	0.660334	-0.635798	0.899625	-2.354617	-4.939579
Q	-0.831055	0.930786	-1.056936	0.503364	0.660334	0.622663	0.930786	-4.939579
R	-2.354617	2.550269	-0.831055	-0.635798	-1.654177	-0.044761	0.179362	-4.939579
S	0.930786	-3.132224	-1.184692	-0.635798	0.327207	0.279589	1.049105	-4.939579
T	1.049105	-4.939579	0.417973	-0.310223	1.422365	0.327207	1.355042	-4.939579
V	-0.831055	-3.132224	0.961288	1.131883	0.991158	1.548261	1.308348	0.867776
W	-4.939579	-3.769654	-1.184692	-3.769654	-4.939579	-2.081598	-4.939579	-4.939579
Y	-0.171395	-4.939579	-0.310223	-0.939579	-1.852116	-0.463846	-4.939579	-4.939579
