A	0.103987	-1.570026	0.665047	0.078362	-0.028951	-0.057075	0.052272	1.614236	-1.741979
C	-4.875835	-6.045760	-6.045760	-3.187779	-4.238405	-2.958297	-2.431050	-2.290872	-6.045760
D	0.748656	-4.875835	0.699074	1.168559	-1.741979	-1.345320	-2.163117	-2.586328	-6.045760
E	0.796591	1.106525	-2.760357	1.531669	-0.561944	-0.409135	0.178242	0.987663	-6.045760
F	0.225703	-6.045760	1.080945	-1.937235	-0.144893	-0.778973	-0.875835	-2.586328	0.732317
G	-1.491171	-2.958297	-1.836306	0.337945	-0.001366	-0.483517	-3.797832	-1.491171	-6.045760
H	0.421846	2.404421	0.153913	-1.937235	0.316184	0.025703	1.131660	-0.926819	-4.238405
I	-0.270973	-2.290872	-0.238405	-0.826591	0.337945	0.945762	0.052272	-1.277575	-0.644880
K	-0.373334	-3.797832	0.421846	0.153913	1.001364	-0.115022	-1.091563	-0.001366	-6.045760
L	-0.732877	1.531669	0.780789	0.594485	0.959865	0.539203	0.665047	-0.522198	3.741327
M	-1.836306	-1.653442	-1.034532	-2.163117	-2.163117	-2.760357	-1.836306	-2.586328	0.699074
N	0.780789	-4.238405	0.442080	-0.732877	-0.115022	-0.338401	-0.001366	-1.570026	-6.045760
P	-4.875835	-0.270973	0.665047	1.649469	-0.028951	1.106525	0.764812	-2.760357	-6.045760
Q	0.129166	0.129166	-0.238405	0.294090	0.401324	0.178242	0.842984	0.520294	-6.045760
R	-0.304293	2.597195	-0.732877	-1.345320	0.462035	0.271653	-0.270973	-0.445847	-6.045760
S	0.748656	-2.431050	-0.001366	0.359382	-0.028951	0.078362	0.271653	1.961268	-6.045760
T	1.372093	-6.045760	-0.926819	-0.238405	0.153913	0.699074	0.501135	1.296315	-2.760357
V	0.129166	-1.937235	-0.270973	-0.338401	0.842984	1.340103	1.192645	0.987663	0.931520
W	-3.187779	-6.045760	-1.212870	-4.875835	-4.875835	-4.238405	-1.741979	-6.045760	-4.875835
Y	-0.001366	-4.875835	0.630197	-2.431050	-0.175395	-1.150942	-0.483517	-1.937235	-3.187779
