A	1.987954 -2.491595 -2.491598 1.130114 0.967834 -2.491598 -2.491593 1.130035 -2.490738
C	-2.491598 -2.491598 -2.491598 -2.491598 -2.491598 -2.491598 -2.491598 -2.491598 -2.491598
D	0.967834 0.967839 -2.491598 -2.491598 0.967732 0.967914 0.967890 -2.491598 -2.491108
E	1.900722 -2.491598 -2.491598 -2.491596 -2.491598 -2.491598 -2.491598 -2.491593 -2.491595
F	-2.491579 1.900722 -2.491598 -2.491598 -2.491598 0.967731 -2.491598 -2.490957 -2.491598
G	-2.491595 -2.491598 -2.491598 -2.491598 -2.491598 -2.491598 0.967834 0.967732 -2.491579
H	-2.491598 -2.491598 -2.491598 0.967731 -2.491593 -2.490956 -2.491596 -2.491108 -2.491598
I	-2.490740 -2.491595 -2.491592 1.113727 2.522267 0.967831 -2.491598 -2.491598 -2.491593
K	-2.491548 -2.491588 2.573607 -2.491595 -2.491598 2.865954 -2.491593 -2.491579 2.462560
L	-2.491598 -2.491598 -2.491598 0.967828 0.967834 -2.491598 0.967908 0.967839 -2.491598
M	-2.491598 -2.491598 -2.491598 -2.491598 -2.491598 -2.491598 -2.491598 -2.491598 -2.491598
N	0.967834 -2.491598 -2.491598 -2.491598 1.900714 -2.491593 -2.491579 0.967911 -2.491541
P	-2.491598 1.113834 -2.491596 -2.491598 -2.491598 1.130035 1.900668 1.900714 -2.490957
Q	-2.491590 -2.491577 0.967831 -2.491598 1.113794 -2.491596 0.967834 -2.491598 1.987954
R	-2.491598 -2.491598 -2.491598 0.967834 -2.491595 -2.491596 -2.491598 -2.491598 2.516071
S	-2.491598 1.900714 -2.491593 -2.491595 -2.491588 -2.491548 -2.491598 2.516071 -2.491598
T	1.113727 0.967790 -2.491588 2.462639 -2.491598 -2.491108 -2.491596 -2.491598 -2.491598
V	0.967834 -2.491595 0.967912 -2.491596 -2.490469 1.113727 1.987976 -2.491595 0.967828
W	-2.491598 -2.491598 -2.491598 -2.491598 -2.491598 -2.491598 -2.491598 -2.491598 -2.491598
Y	0.967828 1.987954 2.865954 0.967833 -2.491546 -2.491588 1.113727 -2.491598 -2.491598
