A	-4.579325 0.827239 1.397102 0.617400 0.667832 2.287194 1.808797 0.793098 0.989616
C	-5.759124 -8.822548 -2.399508 -1.609552 -4.873069 -2.705949 -3.351316 -3.915992 -3.129401
D	-3.110761 -0.783574 -0.804970 1.869271 0.109240 0.561951 1.102376 -0.474047 0.252265
E	-0.922921 0.586276 -1.391721 1.275889 0.838831 0.659419 1.667520 1.297907 0.574295
F	0.848952 -1.336996 -0.223839 -1.330538 -2.150375 -2.094150 -1.930699 -1.783162 -1.374958
G	-4.569111 -1.614854 0.274738 -5.973280 -0.642252 -0.773062 -1.025835 -0.961648 -1.447084
H	-3.221771 -0.050132 -0.868021 -2.198037 -0.570957 -4.002565 -0.164228 -0.631980 -2.094902
I	1.677368 0.806840 -0.465225 0.944095 0.349433 -0.020706 -0.513461 -1.368775 1.326560
K	1.866481 0.987704 -1.275248 -8.378006 1.118426 -1.046700 -1.295751 0.881375 -4.037684
L	0.613237 0.190521 -0.202774 -0.222138 0.902950 -0.393501 1.023042 0.124709 1.221419
M	-1.751096 -5.108092 -1.499549 -2.379590 -1.506763 -2.696246 -2.947146 -2.656894 -0.828788
N	-2.953401 -0.575869 -1.897769 -2.918844 -1.142850 -1.224486 -1.033321 -0.740374 -0.071303
P	-1.332142 -4.817477 -0.604415 -3.311913 0.508715 0.966743 0.140323 1.070953 -2.367534
Q	-1.106541 -0.374400 -0.489297 -0.897893 0.144258 -2.713526 0.247983 0.484268 -0.427952
R	1.379765 1.067570 -1.530681 -5.585983 0.002050 -0.886236 -0.713445 1.291061 0.392076
S	-3.089088 0.302426 1.660892 0.818352 0.330200 0.757936 -0.634442 0.548616 0.854974
T	-1.457308 0.658967 1.604223 1.565997 0.563400 0.416423 -1.079070 -0.215714 -0.725704
V	0.738265 0.913649 0.613509 1.434978 0.259004 1.273993 0.417706 -0.313061 1.088019
W	-0.455060 -2.851280 -1.655144 -2.364623 -4.282986 -7.769032 -3.128300 -3.936031 -2.079527
Y	1.138867 0.191853 0.280655 -4.548094 -1.562065 -3.078559 -2.297963 -1.492647 -0.334702
