A	0.728698	0.118644	-0.959358	0.118644	-0.321928	-0.321928	0.455679	-0.321928	-0.321928	-2.129283
C	-2.129283	-2.129283	-2.129283	-2.129283	-2.129283	-2.129283	-2.129283	-2.129283	-0.959358	-2.129283
D	-2.129283	-2.129283	2.571157	0.958180	0.455679	-0.959358	-0.321928	-0.321928	-2.129283	-2.129283
E	-2.129283	-2.129283	-0.959358	-0.321928	-0.959358	-2.129283	-0.321928	0.118644	-0.959358	-2.129283
F	0.118644	-2.129283	0.958180	0.118644	-0.959358	-0.959358	-0.321928	-2.129283	-0.321928	1.753360
G	0.118644	-2.129283	-2.129283	0.455679	0.455679	1.625604	1.330149	0.118644	-2.129283	-2.129283
H	0.118644	-2.129283	-0.959358	0.118644	-0.321928	-0.959358	-0.321928	-0.321928	-0.321928	-2.129283
I	0.118644	-2.129283	0.958180	0.118644	-0.321928	-0.321928	0.118644	0.118644	-2.129283	-2.129283
K	-2.129283	-0.959358	-0.959358	-0.959358	-0.959358	-0.321928	1.156119	-0.959358	0.455679	-2.129283
L	0.455679	0.728698	-0.959358	-0.959358	-0.321928	0.118644	0.118644	1.330149	-0.321928	-0.321928
M	0.455679	-0.321928	-0.959358	-0.959358	-2.129283	-0.959358	-0.959358	-0.959358	0.118644	-2.129283
N	-2.129283	-2.129283	-0.321928	-2.129283	0.118644	0.728698	-0.321928	0.118644	-0.959358	-2.129283
P	-2.129283	2.500074	-0.959358	2.500074	2.174498	0.455679	0.728698	-2.129283	-0.959358	-2.129283
Q	-0.321928	0.728698	0.455679	-0.321928	-0.321928	-0.321928	0.118644	1.330149	0.728698	-2.129283
R	-0.321928	-2.129283	-2.129283	-0.959358	-2.129283	-0.959358	-0.959358	-0.321928	0.118644	-2.129283
S	1.979241	0.728698	-0.321928	-0.321928	1.156119	1.485427	0.455679	-0.321928	2.174498	-2.129283
T	-0.959358	1.156119	-2.129283	-2.129283	1.156119	0.455679	0.118644	0.958180	1.156119	-2.129283
V	0.455679	0.958180	0.728698	-0.959358	-0.959358	0.958180	-0.959358	1.330149	0.455679	-2.129283
W	-2.129283	-2.129283	-2.129283	-2.129283	-2.129283	-2.129283	-2.129283	-2.129283	-2.129283	-0.959358
Y	1.156119	-0.959358	-0.321928	-0.321928	-2.129283	-2.129283	-0.959358	-2.129283	-0.959358	3.543142
