A	-0.643856	1.163499	0.526069	-0.643856	-0.643856	-0.643856	0.526069	-0.643856	0.526069	-0.643856	-0.643856
C	-0.643856	-0.643856	-0.643856	-0.643856	-0.643856	-0.643856	-0.643856	-0.643856	-0.643856	-0.643856	-0.643856
D	-0.643856	-0.643856	1.604071	1.163499	0.526069	1.941106	0.526069	0.526069	-0.643856	-0.643856	-0.643856
E	-0.643856	-0.643856	-0.643856	-0.643856	-0.643856	-0.643856	-0.643856	-0.643856	0.526069	-0.643856	-0.643856
F	-0.643856	-0.643856	-0.643856	-0.643856	0.526069	-0.643856	-0.643856	-0.643856	-0.643856	-0.643856	0.526069
G	-0.643856	-0.643856	-0.643856	0.526069	-0.643856	0.526069	0.526069	1.604071	-0.643856	-0.643856	-0.643856
H	1.604071	-0.643856	-0.643856	-0.643856	-0.643856	-0.643856	-0.643856	-0.643856	0.526069	-0.643856	-0.643856
I	-0.643856	-0.643856	-0.643856	-0.643856	-0.643856	-0.643856	-0.643856	0.526069	0.526069	-0.643856	-0.643856
K	-0.643856	-0.643856	-0.643856	-0.643856	-0.643856	-0.643856	-0.643856	-0.643856	-0.643856	-0.643856	-0.643856
L	-0.643856	-0.643856	-0.643856	1.163499	-0.643856	-0.643856	0.526069	1.163499	0.526069	0.526069	-0.643856
M	0.526069	0.526069	-0.643856	-0.643856	-0.643856	-0.643856	-0.643856	-0.643856	-0.643856	-0.643856	-0.643856
N	-0.643856	-0.643856	1.163499	-0.643856	1.163499	-0.643856	-0.643856	-0.643856	0.526069	-0.643856	-0.643856
P	-0.643856	0.526069	-0.643856	0.526069	0.526069	-0.643856	0.526069	-0.643856	-0.643856	-0.643856	-0.643856
Q	-0.643856	0.526069	0.526069	1.163499	-0.643856	-0.643856	-0.643856	-0.643856	-0.643856	0.526069	-0.643856
R	0.526069	-0.643856	-0.643856	-0.643856	-0.643856	-0.643856	1.163499	-0.643856	0.526069	0.526069	-0.643856
S	0.526069	-0.643856	-0.643856	-0.643856	0.526069	0.526069	1.163499	0.526069	1.163499	1.604071	-0.643856
T	0.526069	1.941106	-0.643856	-0.643856	-0.643856	0.526069	-0.643856	0.526069	-0.643856	0.526069	-0.643856
V	1.163499	-0.643856	1.163499	0.526069	1.604071	1.163499	-0.643856	-0.643856	-0.643856	1.163499	-0.643856
W	-0.643856	-0.643856	-0.643856	-0.643856	-0.643856	-0.643856	-0.643856	-0.643856	-0.643856	-0.643856	-0.643856
Y	-0.643856	-0.643856	-0.643856	-0.643856	-0.643856	-0.643856	-0.643856	-0.643856	-0.643856	-0.643856	2.815575
