A	0.776745	2.453308	1.215729	0.359694	0.142665	0.548304	0.617346	0.892687	-5.124121
C	-5.124121	-5.124121	-5.124121	-5.124121	-5.124121	-5.124121	-5.124121	-3.316766	-5.124121
D	-1.509411	-5.124121	2.622393	1.343484	-0.058032	-1.241478	-1.664690	-5.124121	-5.124121
E	-0.494765	-3.954196	0.233431	1.620713	-0.058032	-0.494765	1.025626	0.583238	-5.124121
F	0.142665	-1.369234	-0.058032	-2.539159	-1.241478	-0.291231	-1.509411	-1.838719	1.620713
G	-0.494765	-2.266140	-2.266140	0.548304	0.188762	0.233431	-2.266140	-0.914668	-5.124121
H	0.806616	-5.124121	-0.648388	-1.509411	0.475792	-0.058032	-0.355937	-0.112894	-5.124121
I	0.548304	-0.494765	0.650666	-1.241478	0.806616	0.512503	-0.112894	-1.838719	-0.914668
K	-0.229304	-5.124121	-0.058032	-0.291231	-0.494765	-1.838719	-1.509411	0.715082	-5.124121
L	-0.229304	0.583238	-0.820341	-1.369234	1.099880	0.512503	1.551836	0.683234	1.343484
M	-1.509411	-0.820341	-1.241478	-2.876194	-2.036658	-0.914668	-1.124121	-1.369234	-0.058032
N	0.142665	-5.124121	-0.229304	-0.731804	-0.648388	-0.494765	-0.291231	-1.015597	-5.124121
P	-5.124121	0.475792	-3.954196	2.161281	0.548304	0.233431	-0.169925	-5.124121	-5.124121
Q	-0.355937	1.237822	-1.664690	-0.229304	-0.169925	0.095047	1.075551	0.947341	-5.124121
R	-0.355937	-5.124121	-1.241478	-1.369234	-1.015597	-0.648388	-1.509411	-0.731804	-5.124121
S	0.548304	1.000000	-0.005180	0.475792	0.617346	0.973911	0.650666	1.422773	-5.124121
T	1.259583	0.947341	-1.369234	-0.648388	0.045804	1.215729	0.806616	1.779761	-5.124121
V	0.683234	1.497931	0.399441	-0.494765	1.441933	1.343484	1.193291	0.188762	-5.124121
W	-3.954196	-3.954196	-5.124121	-3.954196	-3.954196	-5.124121	-5.124121	-5.124121	-3.954196
Y	0.920273	-1.509411	-0.731804	-2.266140	-1.664690	-1.664690	-1.838719	-0.914668	3.635767
