A	0.398549	3.024384	1.932886	-0.652077	0.125531	-0.211504	-0.652077	-0.652077	0.628031	-2.459432
C	-2.459432	-2.459432	-2.459432	-2.459432	-2.459432	-2.459432	-2.459432	-2.459432	-2.459432	-2.459432
D	-2.459432	-2.459432	1.155278	1.844349	0.825971	-1.289507	0.398549	-1.289507	-2.459432	-2.459432
E	-2.459432	1.295456	-1.289507	1.000000	0.125531	0.398549	-0.652077	0.125531	0.628031	-2.459432
F	2.241008	-2.459432	-0.652077	-1.289507	-2.459432	-2.459432	-1.289507	-0.211504	-1.289507	0.398549
G	-2.459432	-1.289507	-2.459432	1.000000	1.295456	0.398549	0.398549	-0.652077	-2.459432	-2.459432
H	-2.459432	-2.459432	-1.289507	-0.211504	0.125531	0.628031	-0.211504	0.628031	-1.289507	-2.459432
I	0.398549	-1.289507	0.825971	-1.289507	-2.459432	-0.211504	0.628031	-0.211504	-2.459432	-1.289507
K	-1.289507	-2.459432	-0.652077	-1.289507	-0.652077	0.398549	1.000000	-0.211504	-0.652077	-2.459432
L	-0.652077	1.000000	-2.459432	-2.459432	-2.459432	-2.459432	1.000000	0.825971	-0.211504	3.410933
M	-1.289507	-2.459432	0.125531	-0.652077	-2.459432	-2.459432	-1.289507	0.125531	-1.289507	0.398549
N	-1.289507	-2.459432	-0.652077	0.628031	0.398549	-0.652077	0.125531	-0.652077	-1.289507	-2.459432
P	-2.459432	-0.652077	-2.459432	1.750022	2.169925	1.540568	0.825971	-0.652077	-2.459432	-2.459432
Q	-0.652077	-2.459432	-0.211504	0.125531	-0.211504	-1.289507	-0.211504	0.398549	1.155278	-2.459432
R	-0.652077	-2.459432	-2.459432	-2.459432	-1.289507	1.000000	0.398549	0.398549	-0.652077	-2.459432
S	0.825971	0.398549	0.825971	-0.211504	0.628031	1.423211	-0.211504	0.398549	1.750022	-2.459432
T	-2.459432	0.125531	0.125531	-0.211504	-0.652077	0.628031	-0.652077	0.825971	1.844349	-2.459432
V	1.000000	0.628031	0.825971	-1.289507	0.125531	0.125531	0.825971	1.423211	0.628031	0.825971
W	-2.459432	-2.459432	-2.459432	-2.459432	-2.459432	-2.459432	-2.459432	-2.459432	-2.459432	-2.459432
Y	2.095157	-2.459432	0.825971	-2.459432	-1.289507	-2.459432	-2.459432	-2.459432	0.398549	1.000000
