A	-0.254814	3.900464	1.598637	-0.254814	1.455679	-1.466318	0.495208	-3.714246
C	-3.714246	-3.714246	-3.714246	-3.714246	-3.714246	-3.714246	-3.714246	-3.714246
D	-3.714246	-3.714246	-0.856265	-1.466318	-3.714246	-3.714246	-1.906891	-3.714246
E	-3.714246	-3.714246	-1.466318	0.678072	-3.714246	-1.129283	1.885667	-3.714246
F	1.455679	-3.714246	-1.466318	-1.129283	-3.714246	-1.906891	-1.129283	-1.906891
G	-3.714246	-2.544321	0.761488	-0.428843	2.124958	-1.466318	-3.714246	-3.714246
H	0.285754	-3.714246	-0.099536	-0.856265	-2.544321	1.809316	-0.254814	-3.714246
I	0.986194	-3.714246	-2.544321	0.168398	1.643306	-0.626783	-1.466318	2.027221
K	-2.544321	-3.714246	1.404696	0.394279	-1.906891	-0.099536	1.053939	-3.714246
L	1.118644	-3.714246	-0.626783	1.180572	-0.856265	0.040642	0.168398	2.851809
M	-0.428843	-3.714246	-0.099536	-1.906891	-2.544321	-1.466318	-2.544321	0.840343
N	-1.906891	-3.714246	-0.626783	-0.856265	-2.544321	-0.428843	-2.544321	-3.714246
P	-3.714246	-3.714246	1.728698	0.589535	0.168398	0.915111	-2.544321	-3.714246
Q	-1.129283	-3.714246	-0.428843	-0.626783	-1.906891	0.495208	0.495208	-3.714246
R	-3.714246	-3.714246	-1.906891	-1.466318	-1.906891	1.809316	0.168398	-3.714246
S	-0.254814	1.118644	0.495208	0.495208	0.915111	0.394279	1.053939	-3.714246
T	0.589535	0.285754	-1.129283	0.495208	0.495208	0.285754	1.053939	-3.714246
V	1.993114	-1.466318	-0.856265	1.885667	1.598637	0.589535	0.761488	2.302563
W	-3.714246	-3.714246	-2.544321	-3.714246	-3.714246	-3.714246	-3.714246	-3.714246
Y	1.351844	-3.714246	0.040642	-0.428843	-3.714246	-1.906891	-0.626783	-0.626783
