A	1.068923	3.171064	1.544786	0.173206	0.651583	0.480505	-0.021275	1.016200	-3.114874
C	-6.053473	-6.053473	-7.223398	-7.223398	-7.223398	-6.053473	-5.416043	-6.053473	-7.223398
D	-1.516039	-7.223398	-0.096694	1.675203	-1.023726	-1.956612	-3.608689	-2.269202	-7.223398
E	-2.831081	-4.638436	-1.865846	1.965190	-0.071114	-0.381048	-0.657344	1.437489	-7.223398
F	1.481370	-7.223398	-0.512592	-2.522959	-0.381048	-1.099277	-1.822519	-1.234714	-0.676504
G	-2.390508	-1.416043	-2.328581	0.604738	0.162464	0.286377	-3.114874	-2.157309	-7.223398
H	-0.883548	-7.223398	-0.735558	-1.516039	0.564504	-1.322532	1.359684	-0.319517	-6.053473
I	0.674447	-0.304535	0.436597	-1.956612	0.236033	1.282413	-0.304535	-2.053473	1.190230
K	0.400483	-7.223398	0.246243	-0.676504	0.480505	-1.125366	1.103031	0.726428	-7.223398
L	0.427653	2.272956	0.539814	-1.125366	0.183869	0.891645	0.726428	-0.349954	3.108078
M	-0.905986	-0.583153	0.215393	-2.668810	-2.212171	-1.910515	-1.073651	-1.739583	-0.009079
N	-0.583153	-4.365417	-0.021275	-0.512592	0.050397	-0.478565	-0.412827	-0.755793	-7.223398
P	-7.223398	-1.151936	-0.445321	1.787829	0.325423	0.825088	0.762444	-2.831081	-7.223398
Q	-1.263396	-1.448611	-0.189975	-0.461847	-0.189975	-0.583153	0.215393	0.825088	-7.223398
R	-1.151936	-7.223398	-1.516039	-2.269202	0.151641	-1.073651	1.307008	-0.033574	-7.223398
S	1.033989	0.325423	1.158145	0.643880	0.183869	0.445487	-0.021275	1.415037	-7.223398
T	0.427653	-0.428983	0.858751	-0.246118	0.038696	0.659245	-0.122736	1.331190	-7.223398
V	0.992135	0.427653	-0.189975	-0.818257	1.206008	1.846051	0.769540	0.325423	2.648892
W	-4.975471	-7.223398	-3.013945	-6.053473	-4.365417	-7.223398	-3.937996	-6.053473	-7.223398
Y	1.086078	-7.223398	0.286377	-2.747665	-0.162702	-1.780455	-1.099277	-0.547441	-0.009079
