A	0.771181	-2.058894	1.665999	-0.643856	1.325770	0.771181	0.879706	0.771181	1.725378	-3.228819
C	-3.228819	-3.228819	-3.228819	-2.058894	-3.228819	-3.228819	-3.228819	-3.228819	-3.228819	-3.228819
D	-3.228819	-3.228819	0.385891	1.074962	-0.370838	-0.980891	-1.421464	-3.228819	-3.228819	-3.228819
E	-3.228819	-3.228819	-0.643856	0.879706	-1.421464	0.056584	-0.370838	-1.421464	0.056584	-3.228819
F	0.526069	-3.228819	0.056584	-2.058894	-0.370838	-1.421464	-1.421464	-2.058894	-2.058894	0.980635
G	0.385891	-1.421464	-0.643856	0.230613	1.325770	1.246915	1.325770	-0.643856	-0.141356	-3.228819
H	1.941106	4.056584	0.056584	-1.421464	0.230613	-0.980891	-0.141356	-0.141356	-0.980891	-3.228819
I	0.230613	-3.228819	1.782409	-0.980891	-0.980891	-1.421464	0.056584	0.385891	-0.370838	-2.058894
K	-3.228819	-3.228819	-1.421464	-0.370838	-1.421464	-0.370838	0.771181	-0.643856	-2.058894	-3.228819
L	-1.421464	-3.228819	-2.058894	-0.643856	-0.370838	0.385891	0.526069	0.526069	0.653824	3.762703
M	-0.980891	-3.228819	-0.980891	-3.228819	-2.058894	-2.058894	-1.421464	-0.643856	-3.228819	0.771181
N	0.385891	-3.228819	-0.141356	-0.370838	-0.980891	-0.643856	0.526069	-0.643856	-2.058894	-3.228819
P	-3.228819	-3.228819	-3.228819	2.333424	1.665999	1.539366	-0.370838	0.230613	-0.980891	-1.421464
Q	-0.141356	-0.370838	-0.141356	0.230613	-0.643856	0.056584	0.771181	0.230613	0.385891	-3.228819
R	-2.058894	-1.421464	-2.058894	-0.980891	-0.141356	-0.370838	-0.141356	0.385891	-2.058894	-3.228819
S	-0.643856	-3.228819	0.526069	0.653824	0.980635	1.400538	-0.141356	0.526069	1.782409	-3.228819
T	1.246915	-3.228819	-2.058894	-0.141356	0.056584	0.771181	0.056584	1.246915	1.400538	-3.228819
V	-0.643856	-3.228819	0.771181	-0.980891	-0.141356	-0.370838	0.230613	1.725378	0.879706	-0.643856
W	-1.421464	-3.228819	-3.228819	-1.421464	-3.228819	-3.228819	-2.058894	-2.058894	-3.228819	-3.228819
Y	1.400538	-3.228819	0.879706	-0.980891	-0.643856	-3.228819	-1.421464	-2.058894	-0.370838	-3.228819
