A	-0.222392	-1.392317	0.855610	-1.392317	0.415037	-1.392317	0.415037	0.415037	0.415037	1.192645	-0.222392
C	-1.392317	-1.392317	-1.392317	-1.392317	-1.392317	-1.392317	-1.392317	-1.392317	-1.392317	-1.392317	-1.392317
D	-1.392317	-1.392317	-0.222392	1.695145	-0.222392	-0.222392	-1.392317	0.415037	-1.392317	-1.392317	-1.392317
E	-1.392317	-1.392317	0.855610	1.465664	-0.222392	-0.222392	-0.222392	-1.392317	-0.222392	-0.222392	-1.392317
F	-0.222392	-1.392317	0.855610	-1.392317	-1.392317	-1.392317	-1.392317	-1.392317	-0.222392	-1.392317	0.415037
G	-0.222392	-1.392317	-0.222392	-1.392317	-1.392317	0.855610	0.415037	1.465664	-1.392317	-0.222392	-1.392317
H	1.695145	3.618910	-0.222392	-0.222392	-1.392317	0.855610	-1.392317	0.415037	-0.222392	-0.222392	-1.392317
I	0.415037	-1.392317	1.465664	-1.392317	-1.392317	-0.222392	-1.392317	-0.222392	0.415037	-1.392317	-0.222392
K	-1.392317	-1.392317	-1.392317	0.855610	-1.392317	0.855610	0.855610	-1.392317	-0.222392	-0.222392	-1.392317
L	0.415037	-1.392317	-1.392317	-1.392317	-1.392317	-0.222392	-0.222392	-1.392317	0.415037	-0.222392	3.237039
M	-1.392317	-1.392317	-0.222392	-0.222392	-1.392317	-1.392317	-1.392317	-1.392317	-0.222392	-1.392317	-0.222392
N	-1.392317	-1.392317	-1.392317	-0.222392	0.415037	0.415037	0.415037	0.855610	-0.222392	-1.392317	-1.392317
P	-1.392317	-1.392317	-1.392317	1.192645	2.067114	-1.392317	-1.392317	-0.222392	-1.392317	-1.392317	-0.222392
Q	-0.222392	-1.392317	0.415037	-1.392317	-0.222392	0.415037	-0.222392	0.415037	0.415037	-1.392317	-1.392317
R	-1.392317	-1.392317	-1.392317	-1.392317	-1.392317	-1.392317	0.855610	0.855610	0.855610	-0.222392	-1.392317
S	0.855610	-0.222392	-1.392317	-1.392317	1.893085	1.192645	1.465664	0.415037	0.855610	0.855610	-1.392317
T	1.465664	-1.392317	-1.392317	0.415037	0.415037	1.465664	0.855610	-0.222392	0.415037	1.695145	-1.392317
V	-1.392317	-1.392317	0.855610	-0.222392	-0.222392	-1.392317	0.855610	0.415037	0.415037	1.893085	-0.222392
W	-1.392317	-1.392317	-1.392317	-1.392317	-1.392317	-1.392317	-1.392317	-1.392317	-0.222392	-1.392317	-1.392317
Y	1.192645	-1.392317	0.855610	0.415037	-0.222392	-1.392317	-1.392317	-1.392317	-0.222392	-1.392317	-1.392317
