A	0.215729	-3.539159	1.630766	-0.253757	2.361708	1.161281	0.460841	-3.539159
C	-3.539159	-3.539159	-2.369234	-3.539159	-3.539159	-3.539159	-3.539159	-3.539159
D	-0.253757	-3.539159	-1.291231	-1.731804	-1.291231	-3.539159	-1.731804	-3.539159
E	-0.681178	-1.291231	-2.369234	-1.291231	-2.369234	-1.731804	0.853159	-3.539159
F	0.343484	-1.291231	0.569366	-0.681178	-3.539159	0.569366	-2.369234	-3.539159
G	-1.291231	-3.539159	1.579782	-0.451696	2.235628	-3.539159	-0.681178	-3.539159
H	1.944657	3.970616	0.569366	-0.954196	-3.539159	-0.954196	-3.539159	-3.539159
I	-0.079727	-3.539159	0.764622	-0.079727	-1.731804	0.936575	0.853159	-1.291231
K	-3.539159	-3.539159	-2.369234	1.090198	-3.539159	0.075551	-0.253757	-3.539159
L	-0.079727	-3.539159	0.569366	1.090198	-2.369234	0.764622	1.229026	4.084723
M	0.764622	-2.369234	-2.369234	-1.731804	-3.539159	-0.253757	-1.291231	-0.681178
N	-0.253757	-3.539159	-0.681178	-0.954196	-2.369234	-1.731804	-1.731804	-3.539159
P	-3.539159	-2.369234	-2.369234	1.293731	1.161281	0.853159	-1.291231	-3.539159
Q	0.460841	0.569366	-0.681178	-0.079727	0.670295	0.075551	0.215729	-3.539159
R	-2.369234	-3.539159	-2.369234	1.161281	-3.539159	0.460841	-1.291231	-3.539159
S	0.460841	-3.539159	0.764622	-0.079727	1.680010	-0.253757	0.075551	-3.539159
T	0.215729	-3.539159	-0.253757	0.075551	-1.291231	0.075551	0.936575	-3.539159
V	-1.731804	-3.539159	0.075551	1.293731	-0.451696	1.355659	2.168200	-0.681178
W	-0.451696	-3.539159	-1.731804	-1.731804	-3.539159	-2.369234	-3.539159	-3.539159
Y	1.015430	-0.954196	0.075551	-3.539159	-3.539159	-0.954196	-1.731804	-3.539159
