A	0.885842	-3.458301	1.298428	0.230613	0.689343	1.325770	0.873543	1.711624	-1.421464
C	-5.146357	-6.316282	-4.068354	-6.316282	-5.146357	-4.508927	-5.146357	-3.731319	-3.731319
D	-2.433638	-6.316282	0.171559	0.848625	-0.792720	-0.792720	-1.840548	-2.561394	-6.316282
E	0.001131	-4.508927	0.001131	1.025793	-0.415415	-1.686925	-0.541494	0.428552	-6.316282
F	0.109983	-6.316282	0.526069	-0.832466	-0.915402	-1.197340	-1.840548	-1.686925	-0.832466
G	0.268681	-5.146357	-0.792720	0.526069	0.632086	0.461796	-1.686925	-1.483392	-6.316282
H	0.784381	4.174068	-0.092280	-0.679657	-0.166534	-1.548097	-0.873338	-1.686925	-4.068354
I	0.045662	-6.316282	1.122510	-0.541494	-0.915402	0.445270	0.411639	0.341930	0.130802
K	-3.731319	-6.316282	-2.012501	-0.299473	0.411639	-1.250192	-0.754039	-0.271887	-5.146357
L	0.305770	-3.731319	-0.068354	0.526069	-0.299473	-0.679657	1.173566	0.428552	3.825506
M	-0.792720	-6.316282	-0.477078	-1.761693	-2.207757	-1.840548	-0.716369	-1.686925	0.191513
N	0.045662	-6.316282	-0.508927	-0.192160	-0.327597	-0.244819	-0.832466	-2.207757	-6.316282
P	-6.316282	-2.012501	-3.228819	1.739001	1.455208	0.445270	1.471621	-1.840548	-4.508927
Q	0.703309	-0.068354	-0.166534	0.088860	0.001131	0.572462	-0.068354	0.109983	-6.316282
R	-1.483392	-1.761693	-3.030879	-1.197340	0.191513	-0.356280	0.602582	-0.958730	-6.316282
S	1.352603	-6.316282	1.479758	0.587600	1.058758	1.676657	0.784381	1.404818	-6.316282
T	1.153360	-5.146357	-0.477078	-0.092280	0.341930	0.646614	0.445270	1.003391	-4.508927
V	-1.049495	-4.508927	0.428552	-0.716369	0.557163	1.193493	1.003391	1.745765	1.143150
W	-1.840548	-6.316282	-4.068354	-5.146357	-2.433638	-3.731319	-3.228819	-4.508927	-4.508927
Y	0.526069	-5.146357	0.646614	-1.615842	-1.049495	-3.030879	-2.012501	-1.923964	-4.068354
