A	0.018580 -0.925341 1.161230 1.850911 1.307638 -0.000918 -0.282962 1.096856 2.131919
C	-1.963329 -5.417471 -5.405020 -5.412854 -5.412411 -5.419828 -5.419828 -5.419816 -1.960485
D	-0.028684 0.290460 -1.903771 -1.911620 -1.255915 3.425851 -0.114207 -0.976997 1.042812
E	-0.447300 -0.003739 -0.998068 -5.387498 0.540730 -4.379446 -1.057908 1.811915 0.390806
F	-0.447666 -1.833670 -0.017598 0.768183 -5.244390 -5.380629 1.291191 0.305679 -1.912988
G	-0.022009 0.199502 1.706146 -1.883901 -1.965491 -5.369481 -1.932868 -0.204911 1.726238
H	-1.959913 0.755458 -5.416090 -5.417878 -0.967307 -2.031574 0.264933 -1.960272 -5.418939
I	1.778209 0.288068 0.373077 1.714004 0.268310 1.177369 0.996821 -1.027122 0.333286
K	-2.069621 1.267440 -0.417463 -5.351593 0.552235 -5.346571 -0.060939 0.415516 -5.393125
L	1.851527 -1.882762 -5.286507 -0.456971 0.369557 1.223002 -1.028293 -0.977946 1.110069
M	-5.419606 -5.419804 -0.499936 -1.839978 -1.327196 -1.452862 -1.780562 -1.951250 -5.417693
N	1.670061 1.112580 -0.772343 -5.363874 0.963740 -0.425207 0.286377 0.356502 0.122376
P	-5.361120 -1.904235 0.615998 -5.340771 0.312451 -1.952668 1.491597 1.715586 -5.302109
Q	0.302454 0.730571 -0.814468 -5.333760 0.782393 -5.306157 0.012740 -0.892291 0.517383
R	-5.414342 0.767506 -5.371522 -0.474368 -0.021919 -5.150650 -1.090477 0.722296 -5.399615
S	0.127765 -0.381664 1.649560 -0.039978 0.261006 -5.156936 0.471258 -0.278689 0.587954
T	-0.050380 0.133119 0.856457 -0.252546 -1.002882 -5.320936 0.520892 -0.411142 -5.390496
V	0.230191 0.793293 -1.770762 2.495828 1.364191 0.805037 -0.405773 -1.026082 -0.353767
W	-5.419828 -5.419828 -5.406819 -1.912651 -5.415733 -5.407517 -1.961699 -5.419816 -5.419754
Y	-5.418199 -0.362102 0.960341 0.330375 -1.834308 -5.417767 -0.393342 -5.419569 -5.397181
