A	0.386889	-2.189398	-0.374648	-0.434895	0.140810	0.250082	-0.106215	0.259617	-0.220876	-5.500984
C	-6.138414	-4.220876	-3.693629	-5.060412	-4.022937	-3.553452	-4.450358	-4.450358	-3.308339	-5.500984
D	-2.138414	-5.060412	-0.450358	1.582685	0.574304	-0.011423	-0.513923	-1.133413	-1.784777	-7.308339
E	-0.580419	0.619439	-1.319654	0.937214	0.574304	0.259617	-0.614852	0.684599	0.221092	-6.138414
F	-0.434895	1.616473	1.274744	-1.865396	-0.761445	-0.686287	-0.022937	-0.450358	-0.374648	3.684068
G	-0.924635	-3.098886	-1.865396	0.421282	1.222067	0.819655	1.029283	-1.319654	-0.597533	-5.060412
H	-0.597533	0.191507	-1.746097	-0.820499	-0.614852	-0.614852	-0.220876	0.369381	-0.069934	-7.308339
I	0.511840	-1.319654	1.045910	-1.348337	-0.450358	0.369381	0.315542	0.055796	-1.437974	-0.234198
K	1.434812	-3.693629	-0.686287	0.033736	0.324656	0.315542	0.581925	-0.882074	0.925281	-4.723377
L	-0.530262	0.369381	1.578882	-0.742285	0.011333	0.463150	0.677503	1.202425	0.760439	1.820300
M	-2.041552	-1.784777	-0.563505	-2.354143	-2.189398	-1.671714	-1.469135	-1.437974	-1.824523	-1.824523
N	-0.742285	-4.022937	-0.903198	-0.022937	-0.156054	-0.207677	0.140810	0.230820	-0.247643	-7.308339
P	-1.533552	-0.168788	0.511840	2.015842	1.274744	0.838866	0.773810	0.230820	-2.678982	-7.308339
Q	-0.546788	0.574304	-1.084337	0.055796	-0.316817	0.044808	-0.022937	0.597048	0.098929	-6.138414
R	1.609033	-0.563505	-1.469135	-0.686287	-0.450358	-0.686287	-0.094020	-1.084337	0.670371	-5.500984
S	0.691661	-2.413521	-0.632382	0.479564	0.421282	0.670371	0.297140	0.369381	1.001137	-7.308339
T	0.151093	-1.671714	-1.533552	-0.130919	-0.106215	0.369381	0.278501	0.726460	1.667509	-5.500984
V	1.099991	-0.840733	0.161303	-1.210307	0.503838	0.495792	0.211297	0.851532	0.269090	-2.475449
W	-5.500984	-0.800544	-1.708426	-3.199815	-2.832606	-2.089171	-2.916022	-2.138414	-4.022937	0.333713
Y	0.287851	2.812547	1.794293	-1.348337	-1.348337	-1.210307	-0.686287	-0.497767	-0.234198	-0.274916
