A	0.118584	-2.077104	-0.447354	-0.511771	0.617324	0.507858	0.733033	0.139707	0.053292	-0.416193	-6.286558
C	-6.286558	-6.286558	-3.428577	-3.199095	-4.479203	-4.038630	-2.671848	-3.701595	-4.479203	-4.038630	-6.286558
D	-1.586118	-5.116633	-0.802742	1.525620	0.632305	0.746865	0.371654	-0.188526	-1.391740	-1.220469	-6.286558
E	-0.162436	-0.136811	-0.326556	0.927761	0.555793	0.586886	0.424249	-0.242164	-0.162436	0.260337	-6.286558
F	-0.843614	1.684986	0.746865	-1.116633	-1.518373	-1.019771	-1.019771	0.298405	-0.269749	-0.355820	3.680668
G	-0.885678	-3.199095	-1.220469	0.491519	0.690722	0.987238	1.088482	0.746865	-1.167617	-0.649933	-5.116633
H	-1.116633	-0.188526	-1.586118	-1.019771	-0.724315	-0.762996	-0.416193	-0.649933	0.139707	-0.136811	-5.116633
I	0.676338	-2.827126	1.468330	-1.731969	-0.188526	-0.326556	0.008063	0.298405	0.160525	-1.167617	-0.062556
K	1.391162	-4.038630	-1.067389	-0.242164	0.507858	0.139707	0.441363	0.260337	-0.242164	0.987238	-4.038630
L	-0.479203	-0.545091	2.189176	-0.762996	-0.062556	0.279496	0.555793	1.183084	1.768725	1.044359	1.885870
M	-2.286558	-2.178033	-0.355820	-3.428577	-2.671848	-1.982777	-2.077104	-1.167617	-0.973675	-1.453668	-1.894240
N	-0.545091	-6.286558	-1.067389	0.075386	-0.136811	0.160525	0.221237	-0.038630	0.298405	-0.136811	-6.286558
P	-1.167617	-1.453668	0.160525	1.982569	1.517573	1.099305	-0.111632	0.406929	-0.724315	-2.286558	-6.286558
Q	-1.067389	-0.136811	-0.724315	-0.479203	-0.015095	-0.326556	0.491519	-0.242164	0.690722	0.097147	-6.286558
R	1.408671	-1.518373	-1.116633	-1.518373	-0.545091	-0.762996	-0.929006	-0.724315	-0.416193	0.760566	-4.038630
S	0.586886	-3.199095	-0.297873	0.491519	0.661809	0.760566	0.760566	0.760566	0.458276	0.878349	-6.286558
T	0.353687	-2.178033	-1.116633	-0.162436	-0.215095	0.201282	-0.111632	-0.136811	0.181048	1.364494	-5.116633
V	1.533621	-2.178033	0.507858	-1.518373	-0.062556	-0.015095	0.097147	0.371654	0.661809	0.221237	-3.428577
W	-5.116633	-0.162436	-3.199095	-2.827126	-2.827126	-2.531670	-3.701595	-2.286558	-2.671848	-6.286558	0.240919
Y	0.008063	3.381441	0.389399	0.441363	-1.220469	-1.982777	-1.657201	-0.843614	-0.086885	-0.136811	-0.579199
