A	0.264862	-1.180938	-0.753517	-0.951456	-0.424209	0.590438	0.661521	0.069605	0.353398	-0.284031	-0.284031	-4.038919
C	-2.868994	-4.038919	-4.038919	-4.038919	-4.038919	-4.038919	-2.868994	-2.868994	-4.038919	-4.038919	-2.868994	-4.038919
D	-1.790991	-2.868994	-1.180938	2.232544	-0.038919	0.436814	0.972308	-0.951456	-0.951456	-1.453956	-1.453956	-4.038919
E	-1.453956	-1.180938	0.069605	-0.156276	0.170534	0.515670	0.069605	0.069605	0.170534	0.069605	-0.038919	-4.038919
F	-0.951456	1.702548	0.069605	-2.231564	0.661521	-0.038919	-1.180938	-0.424209	0.436814	0.436814	0.069605	3.843724
G	-2.231564	-2.231564	0.170534	0.661521	0.170534	0.661521	1.444897	1.597706	0.264862	-0.156276	-1.790991	-4.038919
H	-2.231564	-0.753517	-0.753517	-1.180938	-1.453956	-0.951456	-1.180938	-1.180938	-0.424209	-0.424209	0.170534	-4.038919
I	0.855899	-1.790991	1.633506	-2.868994	-0.284031	-0.753517	-0.753517	0.069605	0.590438	-0.156276	-1.790991	-0.579487
K	0.661521	-2.868994	-0.951456	-0.424209	-0.284031	0.661521	0.590438	0.972308	1.027170	-0.951456	0.661521	-2.231564
L	-0.284031	-0.424209	2.185083	-1.790991	0.436814	0.170534	-0.424209	0.264862	0.436814	1.702548	0.729265	1.080022
M	-1.453956	-2.231564	-1.180938	-2.231564	-0.753517	-1.790991	-1.790991	-2.868994	-1.790991	0.069605	-2.231564	-2.868994
N	-1.180938	-2.868994	-1.180938	-0.753517	-1.180938	-0.156276	-0.284031	-0.038919	0.590438	-0.284031	-0.284031	-4.038919
P	-1.180938	-2.231564	0.436814	1.977889	0.972308	0.915277	1.131006	0.436814	0.353398	-0.579487	-4.038919	-4.038919
Q	-0.951456	-1.180938	-1.180938	-1.790991	-1.453956	-0.753517	0.264862	-0.424209	-0.579487	0.515670	0.170534	-4.038919
R	1.949766	-1.790991	-1.453956	-0.424209	-0.951456	0.436814	-0.579487	-1.180938	-0.156276	-0.579487	0.590438	-4.038919
S	0.264862	-2.868994	-0.424209	0.972308	0.170534	0.590438	0.264862	0.590438	0.515670	-0.579487	1.318633	-4.038919
T	0.729265	-2.231564	-1.453956	0.515670	0.793971	0.170534	0.353398	0.661521	0.436814	0.915277	1.668440	-4.038919
V	1.668440	-0.951456	0.515670	-0.753517	0.170534	0.069605	-0.156276	0.353398	-0.038919	0.436814	0.353398	-2.868994
W	-4.038919	-0.038919	-2.868994	-2.868994	-0.951456	-2.231564	-2.868994	-2.231564	-2.231564	-2.868994	-4.038919	-0.038919
Y	0.170534	3.399873	0.264862	-0.951456	1.404025	-1.453956	-2.868994	-0.753517	-2.231564	0.436814	-0.038919	-0.579487
