A	0.121679	-1.158429	-1.795859	-1.795859	0.648926	-0.380822	-0.107803	0.916859	-0.107803	0.648926	-1.795859	-0.107803	-2.965784
C	-2.965784	-2.965784	-2.965784	-2.965784	-2.965784	-2.965784	-2.965784	-2.965784	-2.965784	-2.965784	-2.965784	-2.965784	-2.965784
D	-0.380822	-1.795859	-0.380822	1.426533	0.121679	0.648926	1.142740	0.319618	0.319618	-1.158429	-1.158429	-1.795859	-2.965784
E	-1.158429	-2.965784	0.121679	0.319618	0.789103	0.493647	0.121679	-0.717857	0.121679	0.319618	-0.717857	0.789103	-2.965784
F	-0.107803	1.509949	0.319618	-1.795859	-1.795859	-0.380822	-1.158429	-1.795859	-2.965784	-0.107803	-0.380822	0.319618	3.828632
G	-0.717857	-2.965784	-1.158429	1.243669	-0.380822	0.916859	1.426533	1.034216	1.734655	0.648926	0.121679	-0.107803	-2.965784
H	-0.717857	-0.717857	-1.795859	-0.717857	-1.795859	-1.158429	0.121679	-0.107803	0.121679	-0.380822	-0.717857	-0.107803	-2.965784
I	0.319618	-2.965784	1.337996	-1.795859	-1.795859	-1.158429	0.789103	0.493647	-0.717857	0.319618	0.493647	-2.965784	-1.158429
K	1.426533	-2.965784	-1.795859	-1.158429	0.121679	0.648926	0.319618	-1.158429	1.509949	1.142740	-1.158429	1.034216	-2.965784
L	-1.158429	-0.717857	2.435095	-1.158429	0.121679	0.493647	0.121679	0.121679	-1.795859	1.034216	2.301002	0.916859	1.034216
M	-2.965784	-2.965784	-0.107803	-2.965784	-0.380822	-1.795859	-1.795859	-0.380822	-2.965784	-1.158429	-0.380822	-1.158429	-2.965784
N	-0.107803	-2.965784	-2.965784	0.121679	-0.380822	0.648926	-0.380822	-0.380822	-0.717857	0.121679	-0.717857	-0.717857	-2.965784
P	0.121679	-2.965784	0.121679	1.988412	1.426533	-0.380822	-0.380822	0.493647	0.789103	-0.107803	-1.795859	-1.795859	-2.965784
Q	-1.795859	-2.965784	-0.107803	0.121679	0.121679	-0.380822	0.319618	0.648926	-0.717857	-0.717857	0.121679	0.648926	-2.965784
R	0.648926	-2.965784	-0.717857	-2.965784	-1.158429	-0.717857	-2.965784	-0.717857	-1.795859	-0.717857	0.319618	-0.107803	-2.965784
S	1.142740	-0.717857	-0.717857	-0.107803	1.034216	1.243669	0.121679	1.509949	1.337996	0.493647	0.319618	0.319618	-2.965784
T	0.493647	-2.965784	-0.717857	0.648926	0.493647	-1.158429	-0.107803	-1.158429	-0.107803	0.493647	0.319618	1.426533	-2.965784
V	1.243669	-2.965784	0.319618	-0.107803	0.493647	-0.380822	0.319618	-0.107803	-0.107803	-0.107803	0.121679	-0.107803	-2.965784
W	-2.965784	0.121679	-1.795859	-0.717857	-1.795859	-1.158429	-0.717857	-1.795859	-1.795859	-2.965784	-1.795859	-2.965784	0.319618
Y	-0.107803	3.581110	0.121679	-0.380822	-0.380822	0.648926	-1.795859	-1.795859	-1.795859	-1.795859	0.493647	-0.107803	-2.965784
