A	0.121015	-2.234465	-1.112475	-0.255839	0.578939	-0.152003	-0.310701	-5.321928
C	-3.514573	-5.321928	-5.321928	-4.152003	-5.321928	-5.321928	-3.514573	-5.321928
D	-2.736966	-3.074001	1.456149	-0.009045	-2.036526	-1.112475	-2.234465	-5.321928
E	-2.463947	-3.514573	-0.102760	0.121015	-1.112475	-0.055142	0.902074	-5.321928
F	0.350497	1.017922	0.350497	-0.929611	0.517276	0.802193	-0.692571	3.311975
G	-2.463947	-2.036526	1.083213	-0.202987	1.244126	-1.567041	-1.862496	-5.321928
H	-0.427110	-1.321928	-0.427110	-0.489038	0.694880	0.877744	0.638074	-5.321928
I	0.201634	0.161888	-0.310701	0.452859	0.548437	-0.055142	-1.213404	0.638074
K	0.314697	-2.036526	0.277985	1.145677	-1.862496	-0.310701	0.852998	-5.321928
L	-0.846195	0.877744	0.121015	-0.367732	-0.055142	0.802193	0.749534	2.705978
M	-1.567041	-2.036526	-0.427110	-2.736966	-1.707218	-1.439285	-1.862496	-1.321928
N	-1.862496	-2.736966	-0.202987	0.548437	-0.846195	-0.310701	-0.055142	-5.321928
P	-4.152003	-0.152003	1.040016	1.205549	0.548437	0.035624	-3.074001	-5.321928
Q	-3.074001	-0.055142	0.240314	-0.767339	-0.929611	0.314697	0.517276	-5.321928
R	-0.055142	-3.514573	-1.321928	-0.692571	0.201634	0.201634	0.240314	-5.321928
S	0.350497	-1.439285	-0.202987	-0.255839	0.517276	0.722466	1.040016	-5.321928
T	-0.102760	-1.567041	-0.009045	0.949535	0.314697	-0.102760	1.405992	-5.321928
V	1.125155	-0.767339	-0.553744	1.083213	1.336283	0.314697	0.452859	-2.234465
W	-2.736966	-2.036526	-3.514573	-2.736966	-4.152003	-1.321928	-5.321928	-1.213404
Y	2.818902	3.293702	-0.489038	-1.321928	-1.321928	0.485427	-0.767339	-0.692571
