A	0.549253	-1.125680	0.386485	-0.031068	0.070736	0.282301	0.103862	0.284229	-7.001174
C	-5.477612	-7.338209	-3.878777	-6.498673	-4.023894	-3.878777	-4.143193	-3.386464	-8.416211
D	-1.782005	-7.338209	0.444531	1.372235	-0.369997	-1.497348	-1.401261	-2.046977	-9.586136
E	-0.631940	-0.079829	-1.265336	1.417733	0.163733	-0.789285	0.537985	0.792159	-9.586136
F	-0.322280	1.152378	0.293830	-1.726601	-0.342962	0.511896	-0.065026	-1.242950	3.253412
G	-1.085294	-3.746932	-0.890038	0.501990	0.316616	0.059522	-2.116494	-0.984365	-9.586136
H	-0.578408	0.604306	-0.530176	-0.916365	-0.002583	0.066261	0.866105	0.095102	-6.498673
I	0.413159	-1.210011	1.108439	-1.193819	0.569947	0.806986	-0.109896	-1.600294	0.724193
K	1.444703	-5.376683	0.125531	0.481970	0.752322	-0.403742	-0.733607	0.936445	-7.001174
L	-0.360929	1.138591	1.394718	-0.509989	0.487001	0.954718	0.924134	0.782643	2.581596
M	-1.899636	-0.801501	-0.441478	-3.246286	-1.953141	-1.530854	-1.908416	-2.056706	-1.085294
N	-0.725825	-5.110403	-0.122612	-0.140604	-0.148384	-0.646557	-0.007292	-0.313506	-9.586136
P	-1.980657	-1.490739	0.409631	1.710780	0.048221	0.434149	0.278437	-3.159871	-9.586136
Q	-0.567936	0.932763	0.043676	-0.259145	-0.120060	-0.132865	0.731277	0.488674	-9.586136
R	1.402726	-0.493379	-1.317009	-0.557539	0.020732	-0.585432	-0.444668	0.565198	-7.338209
S	0.922897	-1.890908	0.184528	0.547648	0.409631	0.418436	0.411396	1.202174	-9.586136
T	0.366605	-1.248514	-0.613874	-0.290367	0.207061	0.689697	0.444531	1.346632	-7.338209
V	0.973958	-0.328159	0.231247	-0.822094	1.010520	1.104080	0.768940	0.260921	-1.477612
W	-4.885696	-1.944084	-2.623240	-3.685269	-2.408717	-2.511995	-1.822924	-5.703493	-0.145786
Y	0.235239	2.761900	-0.040689	-2.046977	-0.793346	-0.653921	0.079644	-0.617469	0.057269
