A	1.268523	-3.372292	1.732927	-0.554131	-0.501279	0.339782	-0.608993	0.983407	0.121247	1.426904
C	-5.620220	-4.450295	-4.450295	-3.372292	-4.450295	-3.812865	-5.620220	-3.812865	-3.372292	-4.450295
D	-5.620220	-5.620220	-1.410766	2.167683	0.964743	0.741724	0.554706	-0.262668	-2.334818	-5.620220
E	-3.812865	-2.334818	-2.532757	2.199959	1.073267	0.697193	0.674401	0.674401	0.907257	-5.620220
F	1.342676	-5.620220	2.414579	-4.450295	0.250145	-1.865332	-1.316439	-1.065631	-0.020307	-1.620220
G	0.945834	-4.450295	-3.372292	0.983407	1.879626	1.157857	0.250145	-2.334818	0.310518	-5.620220
H	-1.227902	-5.620220	-1.511695	-1.737577	-0.136404	-0.990863	-1.144486	0.784922	-0.020307	-5.620220
I	-0.353433	-0.307337	0.310518	-2.762239	0.503901	0.368465	1.141331	0.187135	-2.160788	0.451243
K	1.557200	-5.620220	-1.227902	-0.666024	0.052206	0.964743	-1.227902	-0.725402	0.926675	-4.450295
L	-0.450295	3.922812	0.451243	-3.372292	0.627708	0.554706	1.641875	0.554706	0.477812	3.172570
M	-3.035257	0.826863	-0.608993	-4.450295	-1.865332	-1.865332	-0.666024	-2.005510	-2.762239	-0.990863
N	-3.035257	-5.620220	-1.316439	-0.353433	-0.501279	-0.450295	-0.096658	0.052206	-0.219340	-5.620220
P	-5.620220	-5.620220	-1.144486	1.493522	-1.227902	0.806045	0.784922	0.154567	-3.372292	-5.620220
Q	-1.316439	-0.219340	-1.865332	-0.307337	-0.307337	0.087139	0.052206	0.218984	0.983407	-5.620220
R	0.697193	-4.450295	-3.812865	-2.160788	-1.065631	-0.554131	-1.865332	-0.919780	0.697193	-4.450295
S	1.190352	-5.620220	0.826863	0.477812	-0.666024	0.052206	-0.401051	0.368465	0.627708	-4.450295
T	-0.177276	-3.372292	-2.762239	-0.919780	-1.144486	-0.096658	-0.262668	-0.057977	0.784922	-5.620220
V	0.087139	-0.554131	-1.865332	-2.532757	0.154567	-0.057977	0.907257	1.157857	-0.725402	2.507774
W	-4.450295	-5.620220	-1.227902	-3.812865	-2.005510	-5.620220	-5.620220	-2.005510	-3.812865	-5.620220
Y	0.651243	-5.620220	1.480443	-3.372292	-1.865332	-2.334818	-1.410766	0.121247	0.451243	-4.450295
