A	1.363812	-4.596190	2.395332	-0.596190	0.469899	0.358007	0.966053	-0.386736	0.522751	0.104250	0.104250
C	-4.596190	-4.596190	-4.596190	-4.596190	-4.596190	-4.596190	-3.426265	-4.596190	-3.426265	-4.596190	-4.596190
D	-4.596190	-4.596190	-1.310788	2.491273	1.178597	0.573735	0.469899	0.236700	-0.596190	-4.596190	-4.596190
E	-4.596190	-3.426265	-3.426265	2.366706	1.553557	1.040435	0.887626	0.171995	1.178597	0.670597	-4.596190
F	1.304677	-4.596190	1.651738	-2.348262	-1.136758	-3.426265	-0.292409	-1.508727	-0.292409	-0.203872	-2.348262
G	0.846754	-4.596190	-0.981480	0.716693	-0.041601	1.003723	1.145277	0.469899	-1.508727	0.171995	-4.596190
H	-2.348262	-4.596190	-1.738209	-1.508727	-0.713547	-1.738209	-0.713547	-0.841302	0.887626	0.298628	-4.596190
I	0.033167	-0.713547	1.040435	-4.596190	0.415037	0.104250	-0.386736	0.469899	-0.203872	-2.788835	-0.841302
K	1.274175	-4.596190	-0.596190	-0.981480	-0.386736	0.298628	0.469899	0.033167	-1.136758	0.804690	-4.596190
L	-0.203872	4.000932	0.716693	-3.426265	0.415037	-0.596190	1.392495	2.044055	0.104250	1.076236	3.551015
M	-2.348262	0.622979	-0.596190	-3.426265	-0.981480	-1.738209	-2.011227	-1.136758	-0.713547	-3.426265	-0.120456
N	-2.788835	-4.596190	-0.386736	-0.203872	-0.487665	-0.120456	-1.508727	0.236700	0.358007	-0.292409	-4.596190
P	-4.596190	-4.596190	-0.596190	0.927372	0.927372	0.966053	-0.596190	-0.487665	-0.487665	-2.788835	-4.596190
Q	-2.011227	-1.310788	-2.348262	-1.136758	-0.041601	-0.386736	0.033167	0.522751	1.243014	1.076236	-4.596190
R	0.927372	-4.596190	-2.348262	-2.348262	-0.981480	-0.596190	-0.487665	-1.508727	-1.508727	0.716693	-4.596190
S	1.304677	-4.596190	-0.041601	0.358007	0.033167	1.243014	0.236700	0.236700	-1.310788	0.358007	-4.596190
T	-0.041601	-4.596190	-1.508727	-0.713547	-0.120456	0.358007	-0.596190	0.298628	0.236700	0.966053	-4.596190
V	-0.041601	-0.386736	-0.386736	-2.788835	0.236700	0.171995	-0.292409	0.171995	1.076236	-0.596190	2.292553
W	-2.788835	-4.596190	-1.310788	-3.426265	-4.596190	-4.596190	-3.426265	-4.596190	-1.508727	-2.788835	-3.426265
Y	0.522751	-4.596190	-0.120456	-4.596190	-2.788835	-1.508727	-0.841302	-1.508727	-0.386736	0.236700	-4.596190
