A	1.522421	-2.781360	2.172837	-2.781360	-0.196397	0.076621	0.504043	0.833350	0.504043	1.101283	0.504043	0.833350
C	-2.781360	-2.781360	-2.781360	-2.781360	-2.781360	-2.781360	-2.781360	-2.781360	-2.781360	-2.781360	-2.781360	-2.781360
D	-2.781360	-2.781360	-1.611435	2.742202	0.306103	1.522421	1.218640	0.306103	0.306103	0.678072	-2.781360	-2.781360
E	-2.781360	-2.781360	-2.781360	1.986825	1.218640	0.833350	0.833350	1.218640	0.504043	-0.533432	0.973528	-2.781360
F	1.101283	-2.781360	2.337581	-1.611435	-1.611435	-1.611435	-1.611435	-1.611435	-0.974005	-0.533432	0.678072	-1.611435
G	0.504043	-2.781360	-2.781360	1.101283	1.218640	0.076621	1.101283	1.694374	0.678072	0.076621	-0.533432	-2.781360
H	-0.196397	-2.781360	-1.611435	-2.781360	-0.974005	0.076621	-0.533432	-0.974005	-1.611435	0.504043	0.306103	-2.781360
I	-0.533432	-0.974005	0.504043	-2.781360	1.101283	-0.196397	0.076621	-0.533432	0.678072	0.504043	-2.781360	-0.974005
K	1.218640	-2.781360	-0.974005	-1.611435	-2.781360	0.076621	-0.196397	0.973528	0.504043	-2.781360	0.076621	-2.781360
L	-0.974005	3.980192	0.504043	-2.781360	0.833350	-0.533432	-1.611435	-0.196397	1.218640	-0.533432	0.504043	3.623782
M	-2.781360	0.076621	0.076621	-2.781360	-1.611435	-0.974005	-1.611435	-2.781360	-1.611435	-1.611435	-2.781360	-1.611435
N	-1.611435	-2.781360	-1.611435	-0.533432	-0.533432	-0.196397	-0.533432	0.076621	0.076621	0.504043	0.306103	-2.781360
P	-2.781360	-2.781360	-1.611435	1.101283	0.678072	0.306103	-0.196397	-0.974005	0.076621	-0.196397	-2.781360	-2.781360
Q	-1.611435	-2.781360	-2.781360	-0.533432	0.076621	0.504043	-0.974005	-1.611435	0.504043	0.678072	1.101283	-2.781360
R	0.504043	-2.781360	-1.611435	-2.781360	-1.611435	0.076621	0.076621	-0.533432	0.076621	-1.611435	0.504043	-2.781360
S	0.973528	-2.781360	-0.974005	0.076621	0.306103	0.833350	0.833350	0.306103	-0.196397	0.678072	0.076621	-2.781360
T	0.076621	-2.781360	-2.781360	-1.611435	0.076621	-0.196397	0.678072	-0.533432	-0.974005	0.076621	0.973528	-2.781360
V	-0.196397	-1.611435	-0.533432	-1.611435	0.504043	-0.196397	0.504043	0.504043	0.076621	0.678072	-0.974005	1.428094
W	-2.781360	-2.781360	-0.974005	-2.781360	-2.781360	-1.611435	-1.611435	-2.781360	-1.611435	-1.611435	-2.781360	-2.781360
Y	1.218640	-2.781360	0.973528	-2.781360	-1.611435	-2.781360	-1.611435	-0.533432	-1.611435	-0.196397	0.504043	-2.781360
