A	0.449803	0.449803	0.449803	-0.187627	0.890376	-1.357552	-0.187627	-1.357552
C	-1.357552	-1.357552	-1.357552	-1.357552	-1.357552	-1.357552	-1.357552	-1.357552
D	-1.357552	-1.357552	0.890376	-0.187627	-1.357552	-0.187627	-1.357552	-1.357552
E	-1.357552	-1.357552	-0.187627	0.449803	-1.357552	0.890376	0.890376	-1.357552
F	0.890376	-1.357552	1.500429	-0.187627	-1.357552	1.227410	-0.187627	-1.357552
G	1.227410	-1.357552	2.642448	0.890376	-0.187627	-1.357552	-0.187627	-1.357552
H	-1.357552	-1.357552	-1.357552	0.890376	-0.187627	0.890376	-0.187627	-1.357552
I	0.890376	-1.357552	-0.187627	-1.357552	1.729911	-0.187627	-1.357552	0.449803
K	0.449803	-1.357552	-1.357552	1.500429	-1.357552	-0.187627	1.927850	-1.357552
L	1.729911	3.342888	-1.357552	-0.187627	-1.357552	-1.357552	-0.187627	2.642448
M	-1.357552	-0.187627	-1.357552	-1.357552	-1.357552	-0.187627	-0.187627	-1.357552
N	-1.357552	-1.357552	-1.357552	-1.357552	-1.357552	-1.357552	-1.357552	-1.357552
P	-1.357552	-1.357552	-1.357552	1.500429	-1.357552	-1.357552	-1.357552	-1.357552
Q	-1.357552	-0.187627	-1.357552	-0.187627	-1.357552	1.227410	-1.357552	-1.357552
R	-1.357552	-1.357552	-1.357552	-1.357552	-1.357552	-1.357552	-0.187627	-1.357552
S	-0.187627	-0.187627	-0.187627	-0.187627	0.449803	-1.357552	-0.187627	-1.357552
T	-1.357552	-1.357552	-1.357552	-1.357552	0.449803	0.890376	0.890376	-1.357552
V	-0.187627	-1.357552	-1.357552	-1.357552	2.397335	-1.357552	-0.187627	2.525091
W	-1.357552	-1.357552	-1.357552	-1.357552	-1.357552	0.890376	-1.357552	-1.357552
Y	0.890376	-1.357552	-1.357552	-0.187627	-1.357552	-0.187627	0.890376	-1.357552
