A	1.274990	-1.879016	2.143078	0.118756	-0.078036	-0.305977	0.271985	0.326099	-0.040201
C	-6.411511	-7.048941	-5.633903	-7.048941	-5.970938	-5.970938	-5.970938	-5.970938	-8.218866
D	-6.411511	-8.218866	-0.406689	1.914918	-0.398687	-1.185443	0.008750	-2.258864	-8.218866
E	-3.589509	-5.360885	-2.735050	2.137586	0.354781	0.140884	1.088335	0.951059	-8.218866
F	0.641445	-5.360885	0.459734	-2.348501	0.184146	-0.719020	-0.632026	-0.463978	-2.905983
G	0.698506	-5.633903	-0.865719	0.660717	0.184146	-1.213241	-3.450682	-0.009413	-8.218866
H	-0.632026	-8.218866	-0.497767	-1.227344	-0.116890	-1.508059	1.003325	-0.003333	-8.218866
I	-0.003333	0.215762	0.345284	-2.511507	1.262429	1.639892	-0.103822	-2.775922	1.160512
K	1.284960	-8.218866	-0.163583	0.168074	0.586072	-0.933464	-0.567814	1.526808	-8.218866
L	0.124320	3.787723	0.520071	-1.947403	1.394924	1.757340	0.392159	0.291898	3.415832
M	-1.924245	0.296834	-0.709091	-3.743132	-1.270499	-1.771783	-1.901453	-1.947403	-1.633903
N	-1.199275	-8.218866	0.378256	-0.283701	-0.769717	0.002721	0.162677	-0.197886	-8.218866
P	-5.633903	-8.218866	-1.079315	0.867270	-1.731026	-0.163583	-0.276351	-3.589509	-7.048941
Q	-0.576814	0.742584	-1.105124	-0.197886	-0.390729	0.014754	1.085485	0.799334	-8.218866
R	0.490218	-8.218866	-2.511507	-1.474032	-0.679707	-1.457315	-0.558870	1.155087	-8.218866
S	1.364687	-4.336223	1.557978	0.717036	-0.240155	-0.071661	0.020733	0.477232	-6.411511
T	0.236461	-1.731026	-0.472352	-0.422826	-0.283701	0.335723	0.335723	0.625840	-4.759434
V	0.194762	0.485902	-0.576814	-1.408294	1.033208	1.574331	0.760559	-0.729018	2.475710
W	-4.110341	-8.218866	-1.671971	-3.048941	-2.905983	-4.009413	-1.924245	-5.131403	-8.218866
Y	0.455326	-8.218866	-0.406689	-2.905983	-0.439147	-1.300003	-0.439147	-0.197886	-6.411511
